816
815
1 815
2 815
3 815
4 815
5 815
6 815
7 815
8 815
9 815
10 815
11 815
12 815
13 815
14 815
15 815
16 815
17 815
18 815
19 815
20 815
21 815
22 815
23 815
24 815
25 815
26 815
27 815
28 815
29 815
30 815
31 815
32 815
33 815
34 815
35 815
36 815
37 815
38 815
39 815
40 815
41 815
42 815
43 815
44 815
45 815
46 815
47 815
48 815
49 815
50 815
51 815
52 815
53 815
54 815
55 815
56 815
57 815
58 815
59 815
60 815
61 815
62 815
63 815
64 815
65 815
66 815
67 815
68 815
69 815
70 815
71 815
72 815
73 815
74 815
75 815
76 815
77 815
78 815
79 815
80 815
81 815
82 815
83 815
84 815
85 815
86 815
87 815
88 815
89 815
90 815
91 815
92 815
93 815
94 815
95 815
96 815
97 815
98 815
99 815
100 815
101 815
102 815
103 815
104 815
105 815
106 815
107 815
108 815
109 815
110 815
111 815
112 815
113 815
114 815
115 815
116 815
117 815
118 815
119 815
120 815
121 815
122 815
123 815
124 815
125 815
126 815
127 815
128 815
129 815
130 815
131 815
132 815
133 815
134 815
135 815
136 815
137 815
138 815
139 815
140 815
141 815
142 815
143 815
144 815
145 815
146 815
147 815
148 815
149 815
150 815
151 815
152 815
153 815
154 815
155 815
156 815
157 815
158 815
159 815
160 815
161 815
162 815
163 815
164 815
165 815
166 815
167 815
168 815
169 815
170 815
171 815
172 815
173 815
174 815
175 815
176 815
177 815
178 815
179 815
180 815
181 815
182 815
183 815
184 815
185 815
186 815
187 815
188 815
189 815
190 815
191 815
192 815
193 815
194 815
195 815
196 815
197 815
198 815
199 815
200 815
201 815
202 815
203 815
204 815
205 815
206 815
207 815
208 815
209 815
210 815
211 815
212 815
213 815
214 815
215 815
216 815
217 815
218 815
219 815
220 815
221 815
222 815
223 815
224 815
225 815
226 815
227 815
228 815
229 815
230 815
231 815
232 815
233 815
234 815
235 815
236 815
237 815
238 815
239 815
240 815
241 815
242 815
243 815
244 815
245 815
246 815
247 815
248 815
249 815
250 815
251 815
252 815
253 815
254 815
255 815
256 815
257 815
258 815
259 815
260 815
261 815
262 815
263 815
264 815
265 815
266 815
267 815
268 815
269 815
270 815
271 815
272 815
273 815
274 815
275 815
276 815
277 815
278 815
279 815
280 815
281 815
282 815
283 815
284 815
285 815
286 815
287 815
288 815
289 815
290 815
291 815
292 815
293 815
294 815
295 815
296 815
297 815
298 815
299 815
300 815
301 815
302 815
303 815
304 815
305 815
306 815
307 815
308 815
309 815
310 815
311 815
312 815
313 815
314 815
315 815
316 815
317 815
318 815
319 815
320 815
321 815
322 815
323 815
324 815
325 815
326 815
327 815
328 815
329 815
330 815
331 815
332 815
333 815
334 815
335 815
336 815
337 815
338 815
339 815
340 815
341 815
342 815
343 815
344 815
345 815
346 815
347 815
348 815
349 815
350 815
351 815
352 815
353 815
354 815
355 815
356 815
357 815
358 815
359 815
360 815
361 815
362 815
363 815
364 815
365 815
366 815
367 815
368 815
369 815
370 815
371 815
372 815
373 815
374 815
375 815
376 815
377 815
378 815
379 815
380 815
381 815
382 815
383 815
384 815
385 815
386 815
387 815
388 815
389 815
390 815
391 815
392 815
393 815
394 815
395 815
396 815
397 815
398 815
399 815
400 815
401 815
402 815
403 815
404 815
405 815
406 815
407 815
408 815
409 815
410 815
411 815
412 815
413 815
414 815
415 815
416 815
417 815
418 815
419 815
420 815
421 815
422 815
423 815
424 815
425 815
426 815
427 815
428 815
429 815
430 815
431 815
432 815
433 815
434 815
435 815
436 815
437 815
438 815
439 815
440 815
441 815
442 815
443 815
444 815
445 815
446 815
447 815
448 815
449 815
450 815
451 815
452 815
453 815
454 815
455 815
456 815
457 815
458 815
459 815
460 815
461 815
462 815
463 815
464 815
465 815
466 815
467 815
468 815
469 815
470 815
471 815
472 815
473 815
474 815
475 815
476 815
477 815
478 815
479 815
480 815
481 815
482 815
483 815
484 815
485 815
486 815
487 815
488 815
489 815
490 815
491 815
492 815
493 815
494 815
495 815
496 815
497 815
498 815
499 815
500 815
501 815
502 815
503 815
504 815
505 815
506 815
507 815
508 815
509 815
510 815
511 815
512 815
513 815
514 815
515 815
516 815
517 815
518 815
519 815
520 815
521 815
522 815
523 815
524 815
525 815
526 815
527 815
528 815
529 815
530 815
531 815
532 815
533 815
534 815
535 815
536 815
537 815
538 815
539 815
540 815
541 815
542 815
543 815
544 815
545 815
546 815
547 815
548 815
549 815
550 815
551 815
552 815
553 815
554 815
555 815
556 815
557 815
558 815
559 815
560 815
561 815
562 815
563 815
564 815
565 815
566 815
567 815
568 815
569 815
570 815
571 815
572 815
573 815
574 815
575 815
576 815
577 815
578 815
579 815
580 815
581 815
582 815
583 815
584 815
585 815
586 815
587 815
588 815
589 815
590 815
591 815
592 815
593 815
594 815
595 815
596 815
597 815
598 815
599 815
600 815
601 815
602 815
603 815
604 815
605 815
606 815
607 815
608 815
609 815
610 815
611 815
612 815
613 815
614 815
615 815
616 815
617 815
618 815
619 815
620 815
621 815
622 815
623 815
624 815
625 815
626 815
627 815
628 815
629 815
630 815
631 815
632 815
633 815
634 815
635 815
636 815
637 815
638 815
639 815
640 815
641 815
642 815
643 815
644 815
645 815
646 815
647 815
648 815
649 815
650 815
651 815
652 815
653 815
654 815
655 815
656 815
657 815
658 815
659 815
660 815
661 815
662 815
663 815
664 815
665 815
666 815
667 815
668 815
669 815
670 815
671 815
672 815
673 815
674 815
675 815
676 815
677 815
678 815
679 815
680 815
681 815
682 815
683 815
684 815
685 815
686 815
687 815
688 815
689 815
690 815
691 815
692 815
693 815
694 815
695 815
696 815
697 815
698 815
699 815
700 815
701 815
702 815
703 815
704 815
705 815
706 815
707 815
708 815
709 815
710 815
711 815
712 815
713 815
714 815
715 815
716 815
717 815
718 815
719 815
720 815
721 815
722 815
723 815
724 815
725 815
726 815
727 815
728 815
729 815
730 815
731 815
732 815
733 815
734 815
735 815
736 815
737 815
738 815
739 815
740 815
741 815
742 815
743 815
744 815
745 815
746 815
747 815
748 815
749 815
750 815
751 815
752 815
753 815
754 815
755 815
756 815
757 815
758 815
759 815
760 815
761 815
762 815
763 815
764 815
765 815
766 815
767 815
768 815
769 815
770 815
771 815
772 815
773 815
774 815
775 815
776 815
777 815
778 815
779 815
780 815
781 815
782 815
783 815
784 815
785 815
786 815
787 815
788 815
789 815
790 815
791 815
792 815
793 815
794 815
795 815
796 815
797 815
798 815
799 815
800 815
801 815
802 815
803 815
804 815
805 815
806 815
807 815
808 815
809 815
810 815
811 815
812 815
813 815
814 815
815 816
