672
671
1 671
2 671
3 671
4 671
5 671
6 671
7 671
8 671
9 671
10 671
11 671
12 671
13 671
14 671
15 671
16 671
17 671
18 671
19 671
20 671
21 671
22 671
23 671
24 671
25 671
26 671
27 671
28 671
29 671
30 671
31 671
32 671
33 671
34 671
35 671
36 671
37 671
38 671
39 671
40 671
41 671
42 671
43 671
44 671
45 671
46 671
47 671
48 671
49 671
50 671
51 671
52 671
53 671
54 671
55 671
56 671
57 671
58 671
59 671
60 671
61 671
62 671
63 671
64 671
65 671
66 671
67 671
68 671
69 671
70 671
71 671
72 671
73 671
74 671
75 671
76 671
77 671
78 671
79 671
80 671
81 671
82 671
83 671
84 671
85 671
86 671
87 671
88 671
89 671
90 671
91 671
92 671
93 671
94 671
95 671
96 671
97 671
98 671
99 671
100 671
101 671
102 671
103 671
104 671
105 671
106 671
107 671
108 671
109 671
110 671
111 671
112 671
113 671
114 671
115 671
116 671
117 671
118 671
119 671
120 671
121 671
122 671
123 671
124 671
125 671
126 671
127 671
128 671
129 671
130 671
131 671
132 671
133 671
134 671
135 671
136 671
137 671
138 671
139 671
140 671
141 671
142 671
143 671
144 671
145 671
146 671
147 671
148 671
149 671
150 671
151 671
152 671
153 671
154 671
155 671
156 671
157 671
158 671
159 671
160 671
161 671
162 671
163 671
164 671
165 671
166 671
167 671
168 671
169 671
170 671
171 671
172 671
173 671
174 671
175 671
176 671
177 671
178 671
179 671
180 671
181 671
182 671
183 671
184 671
185 671
186 671
187 671
188 671
189 671
190 671
191 671
192 671
193 671
194 671
195 671
196 671
197 671
198 671
199 671
200 671
201 671
202 671
203 671
204 671
205 671
206 671
207 671
208 671
209 671
210 671
211 671
212 671
213 671
214 671
215 671
216 671
217 671
218 671
219 671
220 671
221 671
222 671
223 671
224 671
225 671
226 671
227 671
228 671
229 671
230 671
231 671
232 671
233 671
234 671
235 671
236 671
237 671
238 671
239 671
240 671
241 671
242 671
243 671
244 671
245 671
246 671
247 671
248 671
249 671
250 671
251 671
252 671
253 671
254 671
255 671
256 671
257 671
258 671
259 671
260 671
261 671
262 671
263 671
264 671
265 671
266 671
267 671
268 671
269 671
270 671
271 671
272 671
273 671
274 671
275 671
276 671
277 671
278 671
279 671
280 671
281 671
282 671
283 671
284 671
285 671
286 671
287 671
288 671
289 671
290 671
291 671
292 671
293 671
294 671
295 671
296 671
297 671
298 671
299 671
300 671
301 671
302 671
303 671
304 671
305 671
306 671
307 671
308 671
309 671
310 671
311 671
312 671
313 671
314 671
315 671
316 671
317 671
318 671
319 671
320 671
321 671
322 671
323 671
324 671
325 671
326 671
327 671
328 671
329 671
330 671
331 671
332 671
333 671
334 671
335 671
336 671
337 671
338 671
339 671
340 671
341 671
342 671
343 671
344 671
345 671
346 671
347 671
348 671
349 671
350 671
351 671
352 671
353 671
354 671
355 671
356 671
357 671
358 671
359 671
360 671
361 671
362 671
363 671
364 671
365 671
366 671
367 671
368 671
369 671
370 671
371 671
372 671
373 671
374 671
375 671
376 671
377 671
378 671
379 671
380 671
381 671
382 671
383 671
384 671
385 671
386 671
387 671
388 671
389 671
390 671
391 671
392 671
393 671
394 671
395 671
396 671
397 671
398 671
399 671
400 671
401 671
402 671
403 671
404 671
405 671
406 671
407 671
408 671
409 671
410 671
411 671
412 671
413 671
414 671
415 671
416 671
417 671
418 671
419 671
420 671
421 671
422 671
423 671
424 671
425 671
426 671
427 671
428 671
429 671
430 671
431 671
432 671
433 671
434 671
435 671
436 671
437 671
438 671
439 671
440 671
441 671
442 671
443 671
444 671
445 671
446 671
447 671
448 671
449 671
450 671
451 671
452 671
453 671
454 671
455 671
456 671
457 671
458 671
459 671
460 671
461 671
462 671
463 671
464 671
465 671
466 671
467 671
468 671
469 671
470 671
471 671
472 671
473 671
474 671
475 671
476 671
477 671
478 671
479 671
480 671
481 671
482 671
483 671
484 671
485 671
486 671
487 671
488 671
489 671
490 671
491 671
492 671
493 671
494 671
495 671
496 671
497 671
498 671
499 671
500 671
501 671
502 671
503 671
504 671
505 671
506 671
507 671
508 671
509 671
510 671
511 671
512 671
513 671
514 671
515 671
516 671
517 671
518 671
519 671
520 671
521 671
522 671
523 671
524 671
525 671
526 671
527 671
528 671
529 671
530 671
531 671
532 671
533 671
534 671
535 671
536 671
537 671
538 671
539 671
540 671
541 671
542 671
543 671
544 671
545 671
546 671
547 671
548 671
549 671
550 671
551 671
552 671
553 671
554 671
555 671
556 671
557 671
558 671
559 671
560 671
561 671
562 671
563 671
564 671
565 671
566 671
567 671
568 671
569 671
570 671
571 671
572 671
573 671
574 671
575 671
576 671
577 671
578 671
579 671
580 671
581 671
582 671
583 671
584 671
585 671
586 671
587 671
588 671
589 671
590 671
591 671
592 671
593 671
594 671
595 671
596 671
597 671
598 671
599 671
600 671
601 671
602 671
603 671
604 671
605 671
606 671
607 671
608 671
609 671
610 671
611 671
612 671
613 671
614 671
615 671
616 671
617 671
618 671
619 671
620 671
621 671
622 671
623 671
624 671
625 671
626 671
627 671
628 671
629 671
630 671
631 671
632 671
633 671
634 671
635 671
636 671
637 671
638 671
639 671
640 671
641 671
642 671
643 671
644 671
645 671
646 671
647 671
648 671
649 671
650 671
651 671
652 671
653 671
654 671
655 671
656 671
657 671
658 671
659 671
660 671
661 671
662 671
663 671
664 671
665 671
666 671
667 671
668 671
669 671
670 671
671 672
