526
525
1 525
2 525
3 525
4 525
5 525
6 525
7 525
8 525
9 525
10 525
11 525
12 525
13 525
14 525
15 525
16 525
17 525
18 525
19 525
20 525
21 525
22 525
23 525
24 525
25 525
26 525
27 525
28 525
29 525
30 525
31 525
32 525
33 525
34 525
35 525
36 525
37 525
38 525
39 525
40 525
41 525
42 525
43 525
44 525
45 525
46 525
47 525
48 525
49 525
50 525
51 525
52 525
53 525
54 525
55 525
56 525
57 525
58 525
59 525
60 525
61 525
62 525
63 525
64 525
65 525
66 525
67 525
68 525
69 525
70 525
71 525
72 525
73 525
74 525
75 525
76 525
77 525
78 525
79 525
80 525
81 525
82 525
83 525
84 525
85 525
86 525
87 525
88 525
89 525
90 525
91 525
92 525
93 525
94 525
95 525
96 525
97 525
98 525
99 525
100 525
101 525
102 525
103 525
104 525
105 525
106 525
107 525
108 525
109 525
110 525
111 525
112 525
113 525
114 525
115 525
116 525
117 525
118 525
119 525
120 525
121 525
122 525
123 525
124 525
125 525
126 525
127 525
128 525
129 525
130 525
131 525
132 525
133 525
134 525
135 525
136 525
137 525
138 525
139 525
140 525
141 525
142 525
143 525
144 525
145 525
146 525
147 525
148 525
149 525
150 525
151 525
152 525
153 525
154 525
155 525
156 525
157 525
158 525
159 525
160 525
161 525
162 525
163 525
164 525
165 525
166 525
167 525
168 525
169 525
170 525
171 525
172 525
173 525
174 525
175 525
176 525
177 525
178 525
179 525
180 525
181 525
182 525
183 525
184 525
185 525
186 525
187 525
188 525
189 525
190 525
191 525
192 525
193 525
194 525
195 525
196 525
197 525
198 525
199 525
200 525
201 525
202 525
203 525
204 525
205 525
206 525
207 525
208 525
209 525
210 525
211 525
212 525
213 525
214 525
215 525
216 525
217 525
218 525
219 525
220 525
221 525
222 525
223 525
224 525
225 525
226 525
227 525
228 525
229 525
230 525
231 525
232 525
233 525
234 525
235 525
236 525
237 525
238 525
239 525
240 525
241 525
242 525
243 525
244 525
245 525
246 525
247 525
248 525
249 525
250 525
251 525
252 525
253 525
254 525
255 525
256 525
257 525
258 525
259 525
260 525
261 525
262 525
263 525
264 525
265 525
266 525
267 525
268 525
269 525
270 525
271 525
272 525
273 525
274 525
275 525
276 525
277 525
278 525
279 525
280 525
281 525
282 525
283 525
284 525
285 525
286 525
287 525
288 525
289 525
290 525
291 525
292 525
293 525
294 525
295 525
296 525
297 525
298 525
299 525
300 525
301 525
302 525
303 525
304 525
305 525
306 525
307 525
308 525
309 525
310 525
311 525
312 525
313 525
314 525
315 525
316 525
317 525
318 525
319 525
320 525
321 525
322 525
323 525
324 525
325 525
326 525
327 525
328 525
329 525
330 525
331 525
332 525
333 525
334 525
335 525
336 525
337 525
338 525
339 525
340 525
341 525
342 525
343 525
344 525
345 525
346 525
347 525
348 525
349 525
350 525
351 525
352 525
353 525
354 525
355 525
356 525
357 525
358 525
359 525
360 525
361 525
362 525
363 525
364 525
365 525
366 525
367 525
368 525
369 525
370 525
371 525
372 525
373 525
374 525
375 525
376 525
377 525
378 525
379 525
380 525
381 525
382 525
383 525
384 525
385 525
386 525
387 525
388 525
389 525
390 525
391 525
392 525
393 525
394 525
395 525
396 525
397 525
398 525
399 525
400 525
401 525
402 525
403 525
404 525
405 525
406 525
407 525
408 525
409 525
410 525
411 525
412 525
413 525
414 525
415 525
416 525
417 525
418 525
419 525
420 525
421 525
422 525
423 525
424 525
425 525
426 525
427 525
428 525
429 525
430 525
431 525
432 525
433 525
434 525
435 525
436 525
437 525
438 525
439 525
440 525
441 525
442 525
443 525
444 525
445 525
446 525
447 525
448 525
449 525
450 525
451 525
452 525
453 525
454 525
455 525
456 525
457 525
458 525
459 525
460 525
461 525
462 525
463 525
464 525
465 525
466 525
467 525
468 525
469 525
470 525
471 525
472 525
473 525
474 525
475 525
476 525
477 525
478 525
479 525
480 525
481 525
482 525
483 525
484 525
485 525
486 525
487 525
488 525
489 525
490 525
491 525
492 525
493 525
494 525
495 525
496 525
497 525
498 525
499 525
500 525
501 525
502 525
503 525
504 525
505 525
506 525
507 525
508 525
509 525
510 525
511 525
512 525
513 525
514 525
515 525
516 525
517 525
518 525
519 525
520 525
521 525
522 525
523 525
524 525
525 526
