560
559
1 559
2 559
3 559
4 559
5 559
6 559
7 559
8 559
9 559
10 559
11 559
12 559
13 559
14 559
15 559
16 559
17 559
18 559
19 559
20 559
21 559
22 559
23 559
24 559
25 559
26 559
27 559
28 559
29 559
30 559
31 559
32 559
33 559
34 559
35 559
36 559
37 559
38 559
39 559
40 559
41 559
42 559
43 559
44 559
45 559
46 559
47 559
48 559
49 559
50 559
51 559
52 559
53 559
54 559
55 559
56 559
57 559
58 559
59 559
60 559
61 559
62 559
63 559
64 559
65 559
66 559
67 559
68 559
69 559
70 559
71 559
72 559
73 559
74 559
75 559
76 559
77 559
78 559
79 559
80 559
81 559
82 559
83 559
84 559
85 559
86 559
87 559
88 559
89 559
90 559
91 559
92 559
93 559
94 559
95 559
96 559
97 559
98 559
99 559
100 559
101 559
102 559
103 559
104 559
105 559
106 559
107 559
108 559
109 559
110 559
111 559
112 559
113 559
114 559
115 559
116 559
117 559
118 559
119 559
120 559
121 559
122 559
123 559
124 559
125 559
126 559
127 559
128 559
129 559
130 559
131 559
132 559
133 559
134 559
135 559
136 559
137 559
138 559
139 559
140 559
141 559
142 559
143 559
144 559
145 559
146 559
147 559
148 559
149 559
150 559
151 559
152 559
153 559
154 559
155 559
156 559
157 559
158 559
159 559
160 559
161 559
162 559
163 559
164 559
165 559
166 559
167 559
168 559
169 559
170 559
171 559
172 559
173 559
174 559
175 559
176 559
177 559
178 559
179 559
180 559
181 559
182 559
183 559
184 559
185 559
186 559
187 559
188 559
189 559
190 559
191 559
192 559
193 559
194 559
195 559
196 559
197 559
198 559
199 559
200 559
201 559
202 559
203 559
204 559
205 559
206 559
207 559
208 559
209 559
210 559
211 559
212 559
213 559
214 559
215 559
216 559
217 559
218 559
219 559
220 559
221 559
222 559
223 559
224 559
225 559
226 559
227 559
228 559
229 559
230 559
231 559
232 559
233 559
234 559
235 559
236 559
237 559
238 559
239 559
240 559
241 559
242 559
243 559
244 559
245 559
246 559
247 559
248 559
249 559
250 559
251 559
252 559
253 559
254 559
255 559
256 559
257 559
258 559
259 559
260 559
261 559
262 559
263 559
264 559
265 559
266 559
267 559
268 559
269 559
270 559
271 559
272 559
273 559
274 559
275 559
276 559
277 559
278 559
279 559
280 559
281 559
282 559
283 559
284 559
285 559
286 559
287 559
288 559
289 559
290 559
291 559
292 559
293 559
294 559
295 559
296 559
297 559
298 559
299 559
300 559
301 559
302 559
303 559
304 559
305 559
306 559
307 559
308 559
309 559
310 559
311 559
312 559
313 559
314 559
315 559
316 559
317 559
318 559
319 559
320 559
321 559
322 559
323 559
324 559
325 559
326 559
327 559
328 559
329 559
330 559
331 559
332 559
333 559
334 559
335 559
336 559
337 559
338 559
339 559
340 559
341 559
342 559
343 559
344 559
345 559
346 559
347 559
348 559
349 559
350 559
351 559
352 559
353 559
354 559
355 559
356 559
357 559
358 559
359 559
360 559
361 559
362 559
363 559
364 559
365 559
366 559
367 559
368 559
369 559
370 559
371 559
372 559
373 559
374 559
375 559
376 559
377 559
378 559
379 559
380 559
381 559
382 559
383 559
384 559
385 559
386 559
387 559
388 559
389 559
390 559
391 559
392 559
393 559
394 559
395 559
396 559
397 559
398 559
399 559
400 559
401 559
402 559
403 559
404 559
405 559
406 559
407 559
408 559
409 559
410 559
411 559
412 559
413 559
414 559
415 559
416 559
417 559
418 559
419 559
420 559
421 559
422 559
423 559
424 559
425 559
426 559
427 559
428 559
429 559
430 559
431 559
432 559
433 559
434 559
435 559
436 559
437 559
438 559
439 559
440 559
441 559
442 559
443 559
444 559
445 559
446 559
447 559
448 559
449 559
450 559
451 559
452 559
453 559
454 559
455 559
456 559
457 559
458 559
459 559
460 559
461 559
462 559
463 559
464 559
465 559
466 559
467 559
468 559
469 559
470 559
471 559
472 559
473 559
474 559
475 559
476 559
477 559
478 559
479 559
480 559
481 559
482 559
483 559
484 559
485 559
486 559
487 559
488 559
489 559
490 559
491 559
492 559
493 559
494 559
495 559
496 559
497 559
498 559
499 559
500 559
501 559
502 559
503 559
504 559
505 559
506 559
507 559
508 559
509 559
510 559
511 559
512 559
513 559
514 559
515 559
516 559
517 559
518 559
519 559
520 559
521 559
522 559
523 559
524 559
525 559
526 559
527 559
528 559
529 559
530 559
531 559
532 559
533 559
534 559
535 559
536 559
537 559
538 559
539 559
540 559
541 559
542 559
543 559
544 559
545 559
546 559
547 559
548 559
549 559
550 559
551 559
552 559
553 559
554 559
555 559
556 559
557 559
558 559
559 560
