674
673
1 673
2 673
3 673
4 673
5 673
6 673
7 673
8 673
9 673
10 673
11 673
12 673
13 673
14 673
15 673
16 673
17 673
18 673
19 673
20 673
21 673
22 673
23 673
24 673
25 673
26 673
27 673
28 673
29 673
30 673
31 673
32 673
33 673
34 673
35 673
36 673
37 673
38 673
39 673
40 673
41 673
42 673
43 673
44 673
45 673
46 673
47 673
48 673
49 673
50 673
51 673
52 673
53 673
54 673
55 673
56 673
57 673
58 673
59 673
60 673
61 673
62 673
63 673
64 673
65 673
66 673
67 673
68 673
69 673
70 673
71 673
72 673
73 673
74 673
75 673
76 673
77 673
78 673
79 673
80 673
81 673
82 673
83 673
84 673
85 673
86 673
87 673
88 673
89 673
90 673
91 673
92 673
93 673
94 673
95 673
96 673
97 673
98 673
99 673
100 673
101 673
102 673
103 673
104 673
105 673
106 673
107 673
108 673
109 673
110 673
111 673
112 673
113 673
114 673
115 673
116 673
117 673
118 673
119 673
120 673
121 673
122 673
123 673
124 673
125 673
126 673
127 673
128 673
129 673
130 673
131 673
132 673
133 673
134 673
135 673
136 673
137 673
138 673
139 673
140 673
141 673
142 673
143 673
144 673
145 673
146 673
147 673
148 673
149 673
150 673
151 673
152 673
153 673
154 673
155 673
156 673
157 673
158 673
159 673
160 673
161 673
162 673
163 673
164 673
165 673
166 673
167 673
168 673
169 673
170 673
171 673
172 673
173 673
174 673
175 673
176 673
177 673
178 673
179 673
180 673
181 673
182 673
183 673
184 673
185 673
186 673
187 673
188 673
189 673
190 673
191 673
192 673
193 673
194 673
195 673
196 673
197 673
198 673
199 673
200 673
201 673
202 673
203 673
204 673
205 673
206 673
207 673
208 673
209 673
210 673
211 673
212 673
213 673
214 673
215 673
216 673
217 673
218 673
219 673
220 673
221 673
222 673
223 673
224 673
225 673
226 673
227 673
228 673
229 673
230 673
231 673
232 673
233 673
234 673
235 673
236 673
237 673
238 673
239 673
240 673
241 673
242 673
243 673
244 673
245 673
246 673
247 673
248 673
249 673
250 673
251 673
252 673
253 673
254 673
255 673
256 673
257 673
258 673
259 673
260 673
261 673
262 673
263 673
264 673
265 673
266 673
267 673
268 673
269 673
270 673
271 673
272 673
273 673
274 673
275 673
276 673
277 673
278 673
279 673
280 673
281 673
282 673
283 673
284 673
285 673
286 673
287 673
288 673
289 673
290 673
291 673
292 673
293 673
294 673
295 673
296 673
297 673
298 673
299 673
300 673
301 673
302 673
303 673
304 673
305 673
306 673
307 673
308 673
309 673
310 673
311 673
312 673
313 673
314 673
315 673
316 673
317 673
318 673
319 673
320 673
321 673
322 673
323 673
324 673
325 673
326 673
327 673
328 673
329 673
330 673
331 673
332 673
333 673
334 673
335 673
336 673
337 673
338 673
339 673
340 673
341 673
342 673
343 673
344 673
345 673
346 673
347 673
348 673
349 673
350 673
351 673
352 673
353 673
354 673
355 673
356 673
357 673
358 673
359 673
360 673
361 673
362 673
363 673
364 673
365 673
366 673
367 673
368 673
369 673
370 673
371 673
372 673
373 673
374 673
375 673
376 673
377 673
378 673
379 673
380 673
381 673
382 673
383 673
384 673
385 673
386 673
387 673
388 673
389 673
390 673
391 673
392 673
393 673
394 673
395 673
396 673
397 673
398 673
399 673
400 673
401 673
402 673
403 673
404 673
405 673
406 673
407 673
408 673
409 673
410 673
411 673
412 673
413 673
414 673
415 673
416 673
417 673
418 673
419 673
420 673
421 673
422 673
423 673
424 673
425 673
426 673
427 673
428 673
429 673
430 673
431 673
432 673
433 673
434 673
435 673
436 673
437 673
438 673
439 673
440 673
441 673
442 673
443 673
444 673
445 673
446 673
447 673
448 673
449 673
450 673
451 673
452 673
453 673
454 673
455 673
456 673
457 673
458 673
459 673
460 673
461 673
462 673
463 673
464 673
465 673
466 673
467 673
468 673
469 673
470 673
471 673
472 673
473 673
474 673
475 673
476 673
477 673
478 673
479 673
480 673
481 673
482 673
483 673
484 673
485 673
486 673
487 673
488 673
489 673
490 673
491 673
492 673
493 673
494 673
495 673
496 673
497 673
498 673
499 673
500 673
501 673
502 673
503 673
504 673
505 673
506 673
507 673
508 673
509 673
510 673
511 673
512 673
513 673
514 673
515 673
516 673
517 673
518 673
519 673
520 673
521 673
522 673
523 673
524 673
525 673
526 673
527 673
528 673
529 673
530 673
531 673
532 673
533 673
534 673
535 673
536 673
537 673
538 673
539 673
540 673
541 673
542 673
543 673
544 673
545 673
546 673
547 673
548 673
549 673
550 673
551 673
552 673
553 673
554 673
555 673
556 673
557 673
558 673
559 673
560 673
561 673
562 673
563 673
564 673
565 673
566 673
567 673
568 673
569 673
570 673
571 673
572 673
573 673
574 673
575 673
576 673
577 673
578 673
579 673
580 673
581 673
582 673
583 673
584 673
585 673
586 673
587 673
588 673
589 673
590 673
591 673
592 673
593 673
594 673
595 673
596 673
597 673
598 673
599 673
600 673
601 673
602 673
603 673
604 673
605 673
606 673
607 673
608 673
609 673
610 673
611 673
612 673
613 673
614 673
615 673
616 673
617 673
618 673
619 673
620 673
621 673
622 673
623 673
624 673
625 673
626 673
627 673
628 673
629 673
630 673
631 673
632 673
633 673
634 673
635 673
636 673
637 673
638 673
639 673
640 673
641 673
642 673
643 673
644 673
645 673
646 673
647 673
648 673
649 673
650 673
651 673
652 673
653 673
654 673
655 673
656 673
657 673
658 673
659 673
660 673
661 673
662 673
663 673
664 673
665 673
666 673
667 673
668 673
669 673
670 673
671 673
672 673
673 674
