807
806
1 806
2 806
3 806
4 806
5 806
6 806
7 806
8 806
9 806
10 806
11 806
12 806
13 806
14 806
15 806
16 806
17 806
18 806
19 806
20 806
21 806
22 806
23 806
24 806
25 806
26 806
27 806
28 806
29 806
30 806
31 806
32 806
33 806
34 806
35 806
36 806
37 806
38 806
39 806
40 806
41 806
42 806
43 806
44 806
45 806
46 806
47 806
48 806
49 806
50 806
51 806
52 806
53 806
54 806
55 806
56 806
57 806
58 806
59 806
60 806
61 806
62 806
63 806
64 806
65 806
66 806
67 806
68 806
69 806
70 806
71 806
72 806
73 806
74 806
75 806
76 806
77 806
78 806
79 806
80 806
81 806
82 806
83 806
84 806
85 806
86 806
87 806
88 806
89 806
90 806
91 806
92 806
93 806
94 806
95 806
96 806
97 806
98 806
99 806
100 806
101 806
102 806
103 806
104 806
105 806
106 806
107 806
108 806
109 806
110 806
111 806
112 806
113 806
114 806
115 806
116 806
117 806
118 806
119 806
120 806
121 806
122 806
123 806
124 806
125 806
126 806
127 806
128 806
129 806
130 806
131 806
132 806
133 806
134 806
135 806
136 806
137 806
138 806
139 806
140 806
141 806
142 806
143 806
144 806
145 806
146 806
147 806
148 806
149 806
150 806
151 806
152 806
153 806
154 806
155 806
156 806
157 806
158 806
159 806
160 806
161 806
162 806
163 806
164 806
165 806
166 806
167 806
168 806
169 806
170 806
171 806
172 806
173 806
174 806
175 806
176 806
177 806
178 806
179 806
180 806
181 806
182 806
183 806
184 806
185 806
186 806
187 806
188 806
189 806
190 806
191 806
192 806
193 806
194 806
195 806
196 806
197 806
198 806
199 806
200 806
201 806
202 806
203 806
204 806
205 806
206 806
207 806
208 806
209 806
210 806
211 806
212 806
213 806
214 806
215 806
216 806
217 806
218 806
219 806
220 806
221 806
222 806
223 806
224 806
225 806
226 806
227 806
228 806
229 806
230 806
231 806
232 806
233 806
234 806
235 806
236 806
237 806
238 806
239 806
240 806
241 806
242 806
243 806
244 806
245 806
246 806
247 806
248 806
249 806
250 806
251 806
252 806
253 806
254 806
255 806
256 806
257 806
258 806
259 806
260 806
261 806
262 806
263 806
264 806
265 806
266 806
267 806
268 806
269 806
270 806
271 806
272 806
273 806
274 806
275 806
276 806
277 806
278 806
279 806
280 806
281 806
282 806
283 806
284 806
285 806
286 806
287 806
288 806
289 806
290 806
291 806
292 806
293 806
294 806
295 806
296 806
297 806
298 806
299 806
300 806
301 806
302 806
303 806
304 806
305 806
306 806
307 806
308 806
309 806
310 806
311 806
312 806
313 806
314 806
315 806
316 806
317 806
318 806
319 806
320 806
321 806
322 806
323 806
324 806
325 806
326 806
327 806
328 806
329 806
330 806
331 806
332 806
333 806
334 806
335 806
336 806
337 806
338 806
339 806
340 806
341 806
342 806
343 806
344 806
345 806
346 806
347 806
348 806
349 806
350 806
351 806
352 806
353 806
354 806
355 806
356 806
357 806
358 806
359 806
360 806
361 806
362 806
363 806
364 806
365 806
366 806
367 806
368 806
369 806
370 806
371 806
372 806
373 806
374 806
375 806
376 806
377 806
378 806
379 806
380 806
381 806
382 806
383 806
384 806
385 806
386 806
387 806
388 806
389 806
390 806
391 806
392 806
393 806
394 806
395 806
396 806
397 806
398 806
399 806
400 806
401 806
402 806
403 806
404 806
405 806
406 806
407 806
408 806
409 806
410 806
411 806
412 806
413 806
414 806
415 806
416 806
417 806
418 806
419 806
420 806
421 806
422 806
423 806
424 806
425 806
426 806
427 806
428 806
429 806
430 806
431 806
432 806
433 806
434 806
435 806
436 806
437 806
438 806
439 806
440 806
441 806
442 806
443 806
444 806
445 806
446 806
447 806
448 806
449 806
450 806
451 806
452 806
453 806
454 806
455 806
456 806
457 806
458 806
459 806
460 806
461 806
462 806
463 806
464 806
465 806
466 806
467 806
468 806
469 806
470 806
471 806
472 806
473 806
474 806
475 806
476 806
477 806
478 806
479 806
480 806
481 806
482 806
483 806
484 806
485 806
486 806
487 806
488 806
489 806
490 806
491 806
492 806
493 806
494 806
495 806
496 806
497 806
498 806
499 806
500 806
501 806
502 806
503 806
504 806
505 806
506 806
507 806
508 806
509 806
510 806
511 806
512 806
513 806
514 806
515 806
516 806
517 806
518 806
519 806
520 806
521 806
522 806
523 806
524 806
525 806
526 806
527 806
528 806
529 806
530 806
531 806
532 806
533 806
534 806
535 806
536 806
537 806
538 806
539 806
540 806
541 806
542 806
543 806
544 806
545 806
546 806
547 806
548 806
549 806
550 806
551 806
552 806
553 806
554 806
555 806
556 806
557 806
558 806
559 806
560 806
561 806
562 806
563 806
564 806
565 806
566 806
567 806
568 806
569 806
570 806
571 806
572 806
573 806
574 806
575 806
576 806
577 806
578 806
579 806
580 806
581 806
582 806
583 806
584 806
585 806
586 806
587 806
588 806
589 806
590 806
591 806
592 806
593 806
594 806
595 806
596 806
597 806
598 806
599 806
600 806
601 806
602 806
603 806
604 806
605 806
606 806
607 806
608 806
609 806
610 806
611 806
612 806
613 806
614 806
615 806
616 806
617 806
618 806
619 806
620 806
621 806
622 806
623 806
624 806
625 806
626 806
627 806
628 806
629 806
630 806
631 806
632 806
633 806
634 806
635 806
636 806
637 806
638 806
639 806
640 806
641 806
642 806
643 806
644 806
645 806
646 806
647 806
648 806
649 806
650 806
651 806
652 806
653 806
654 806
655 806
656 806
657 806
658 806
659 806
660 806
661 806
662 806
663 806
664 806
665 806
666 806
667 806
668 806
669 806
670 806
671 806
672 806
673 806
674 806
675 806
676 806
677 806
678 806
679 806
680 806
681 806
682 806
683 806
684 806
685 806
686 806
687 806
688 806
689 806
690 806
691 806
692 806
693 806
694 806
695 806
696 806
697 806
698 806
699 806
700 806
701 806
702 806
703 806
704 806
705 806
706 806
707 806
708 806
709 806
710 806
711 806
712 806
713 806
714 806
715 806
716 806
717 806
718 806
719 806
720 806
721 806
722 806
723 806
724 806
725 806
726 806
727 806
728 806
729 806
730 806
731 806
732 806
733 806
734 806
735 806
736 806
737 806
738 806
739 806
740 806
741 806
742 806
743 806
744 806
745 806
746 806
747 806
748 806
749 806
750 806
751 806
752 806
753 806
754 806
755 806
756 806
757 806
758 806
759 806
760 806
761 806
762 806
763 806
764 806
765 806
766 806
767 806
768 806
769 806
770 806
771 806
772 806
773 806
774 806
775 806
776 806
777 806
778 806
779 806
780 806
781 806
782 806
783 806
784 806
785 806
786 806
787 806
788 806
789 806
790 806
791 806
792 806
793 806
794 806
795 806
796 806
797 806
798 806
799 806
800 806
801 806
802 806
803 806
804 806
805 806
806 807
