903
902
1 902
2 902
3 902
4 902
5 902
6 902
7 902
8 902
9 902
10 902
11 902
12 902
13 902
14 902
15 902
16 902
17 902
18 902
19 902
20 902
21 902
22 902
23 902
24 902
25 902
26 902
27 902
28 902
29 902
30 902
31 902
32 902
33 902
34 902
35 902
36 902
37 902
38 902
39 902
40 902
41 902
42 902
43 902
44 902
45 902
46 902
47 902
48 902
49 902
50 902
51 902
52 902
53 902
54 902
55 902
56 902
57 902
58 902
59 902
60 902
61 902
62 902
63 902
64 902
65 902
66 902
67 902
68 902
69 902
70 902
71 902
72 902
73 902
74 902
75 902
76 902
77 902
78 902
79 902
80 902
81 902
82 902
83 902
84 902
85 902
86 902
87 902
88 902
89 902
90 902
91 902
92 902
93 902
94 902
95 902
96 902
97 902
98 902
99 902
100 902
101 902
102 902
103 902
104 902
105 902
106 902
107 902
108 902
109 902
110 902
111 902
112 902
113 902
114 902
115 902
116 902
117 902
118 902
119 902
120 902
121 902
122 902
123 902
124 902
125 902
126 902
127 902
128 902
129 902
130 902
131 902
132 902
133 902
134 902
135 902
136 902
137 902
138 902
139 902
140 902
141 902
142 902
143 902
144 902
145 902
146 902
147 902
148 902
149 902
150 902
151 902
152 902
153 902
154 902
155 902
156 902
157 902
158 902
159 902
160 902
161 902
162 902
163 902
164 902
165 902
166 902
167 902
168 902
169 902
170 902
171 902
172 902
173 902
174 902
175 902
176 902
177 902
178 902
179 902
180 902
181 902
182 902
183 902
184 902
185 902
186 902
187 902
188 902
189 902
190 902
191 902
192 902
193 902
194 902
195 902
196 902
197 902
198 902
199 902
200 902
201 902
202 902
203 902
204 902
205 902
206 902
207 902
208 902
209 902
210 902
211 902
212 902
213 902
214 902
215 902
216 902
217 902
218 902
219 902
220 902
221 902
222 902
223 902
224 902
225 902
226 902
227 902
228 902
229 902
230 902
231 902
232 902
233 902
234 902
235 902
236 902
237 902
238 902
239 902
240 902
241 902
242 902
243 902
244 902
245 902
246 902
247 902
248 902
249 902
250 902
251 902
252 902
253 902
254 902
255 902
256 902
257 902
258 902
259 902
260 902
261 902
262 902
263 902
264 902
265 902
266 902
267 902
268 902
269 902
270 902
271 902
272 902
273 902
274 902
275 902
276 902
277 902
278 902
279 902
280 902
281 902
282 902
283 902
284 902
285 902
286 902
287 902
288 902
289 902
290 902
291 902
292 902
293 902
294 902
295 902
296 902
297 902
298 902
299 902
300 902
301 902
302 902
303 902
304 902
305 902
306 902
307 902
308 902
309 902
310 902
311 902
312 902
313 902
314 902
315 902
316 902
317 902
318 902
319 902
320 902
321 902
322 902
323 902
324 902
325 902
326 902
327 902
328 902
329 902
330 902
331 902
332 902
333 902
334 902
335 902
336 902
337 902
338 902
339 902
340 902
341 902
342 902
343 902
344 902
345 902
346 902
347 902
348 902
349 902
350 902
351 902
352 902
353 902
354 902
355 902
356 902
357 902
358 902
359 902
360 902
361 902
362 902
363 902
364 902
365 902
366 902
367 902
368 902
369 902
370 902
371 902
372 902
373 902
374 902
375 902
376 902
377 902
378 902
379 902
380 902
381 902
382 902
383 902
384 902
385 902
386 902
387 902
388 902
389 902
390 902
391 902
392 902
393 902
394 902
395 902
396 902
397 902
398 902
399 902
400 902
401 902
402 902
403 902
404 902
405 902
406 902
407 902
408 902
409 902
410 902
411 902
412 902
413 902
414 902
415 902
416 902
417 902
418 902
419 902
420 902
421 902
422 902
423 902
424 902
425 902
426 902
427 902
428 902
429 902
430 902
431 902
432 902
433 902
434 902
435 902
436 902
437 902
438 902
439 902
440 902
441 902
442 902
443 902
444 902
445 902
446 902
447 902
448 902
449 902
450 902
451 902
452 902
453 902
454 902
455 902
456 902
457 902
458 902
459 902
460 902
461 902
462 902
463 902
464 902
465 902
466 902
467 902
468 902
469 902
470 902
471 902
472 902
473 902
474 902
475 902
476 902
477 902
478 902
479 902
480 902
481 902
482 902
483 902
484 902
485 902
486 902
487 902
488 902
489 902
490 902
491 902
492 902
493 902
494 902
495 902
496 902
497 902
498 902
499 902
500 902
501 902
502 902
503 902
504 902
505 902
506 902
507 902
508 902
509 902
510 902
511 902
512 902
513 902
514 902
515 902
516 902
517 902
518 902
519 902
520 902
521 902
522 902
523 902
524 902
525 902
526 902
527 902
528 902
529 902
530 902
531 902
532 902
533 902
534 902
535 902
536 902
537 902
538 902
539 902
540 902
541 902
542 902
543 902
544 902
545 902
546 902
547 902
548 902
549 902
550 902
551 902
552 902
553 902
554 902
555 902
556 902
557 902
558 902
559 902
560 902
561 902
562 902
563 902
564 902
565 902
566 902
567 902
568 902
569 902
570 902
571 902
572 902
573 902
574 902
575 902
576 902
577 902
578 902
579 902
580 902
581 902
582 902
583 902
584 902
585 902
586 902
587 902
588 902
589 902
590 902
591 902
592 902
593 902
594 902
595 902
596 902
597 902
598 902
599 902
600 902
601 902
602 902
603 902
604 902
605 902
606 902
607 902
608 902
609 902
610 902
611 902
612 902
613 902
614 902
615 902
616 902
617 902
618 902
619 902
620 902
621 902
622 902
623 902
624 902
625 902
626 902
627 902
628 902
629 902
630 902
631 902
632 902
633 902
634 902
635 902
636 902
637 902
638 902
639 902
640 902
641 902
642 902
643 902
644 902
645 902
646 902
647 902
648 902
649 902
650 902
651 902
652 902
653 902
654 902
655 902
656 902
657 902
658 902
659 902
660 902
661 902
662 902
663 902
664 902
665 902
666 902
667 902
668 902
669 902
670 902
671 902
672 902
673 902
674 902
675 902
676 902
677 902
678 902
679 902
680 902
681 902
682 902
683 902
684 902
685 902
686 902
687 902
688 902
689 902
690 902
691 902
692 902
693 902
694 902
695 902
696 902
697 902
698 902
699 902
700 902
701 902
702 902
703 902
704 902
705 902
706 902
707 902
708 902
709 902
710 902
711 902
712 902
713 902
714 902
715 902
716 902
717 902
718 902
719 902
720 902
721 902
722 902
723 902
724 902
725 902
726 902
727 902
728 902
729 902
730 902
731 902
732 902
733 902
734 902
735 902
736 902
737 902
738 902
739 902
740 902
741 902
742 902
743 902
744 902
745 902
746 902
747 902
748 902
749 902
750 902
751 902
752 902
753 902
754 902
755 902
756 902
757 902
758 902
759 902
760 902
761 902
762 902
763 902
764 902
765 902
766 902
767 902
768 902
769 902
770 902
771 902
772 902
773 902
774 902
775 902
776 902
777 902
778 902
779 902
780 902
781 902
782 902
783 902
784 902
785 902
786 902
787 902
788 902
789 902
790 902
791 902
792 902
793 902
794 902
795 902
796 902
797 902
798 902
799 902
800 902
801 902
802 902
803 902
804 902
805 902
806 902
807 902
808 902
809 902
810 902
811 902
812 902
813 902
814 902
815 902
816 902
817 902
818 902
819 902
820 902
821 902
822 902
823 902
824 902
825 902
826 902
827 902
828 902
829 902
830 902
831 902
832 902
833 902
834 902
835 902
836 902
837 902
838 902
839 902
840 902
841 902
842 902
843 902
844 902
845 902
846 902
847 902
848 902
849 902
850 902
851 902
852 902
853 902
854 902
855 902
856 902
857 902
858 902
859 902
860 902
861 902
862 902
863 902
864 902
865 902
866 902
867 902
868 902
869 902
870 902
871 902
872 902
873 902
874 902
875 902
876 902
877 902
878 902
879 902
880 902
881 902
882 902
883 902
884 902
885 902
886 902
887 902
888 902
889 902
890 902
891 902
892 902
893 902
894 902
895 902
896 902
897 902
898 902
899 902
900 902
901 902
902 903
