634
633
1 633
2 633
3 633
4 633
5 633
6 633
7 633
8 633
9 633
10 633
11 633
12 633
13 633
14 633
15 633
16 633
17 633
18 633
19 633
20 633
21 633
22 633
23 633
24 633
25 633
26 633
27 633
28 633
29 633
30 633
31 633
32 633
33 633
34 633
35 633
36 633
37 633
38 633
39 633
40 633
41 633
42 633
43 633
44 633
45 633
46 633
47 633
48 633
49 633
50 633
51 633
52 633
53 633
54 633
55 633
56 633
57 633
58 633
59 633
60 633
61 633
62 633
63 633
64 633
65 633
66 633
67 633
68 633
69 633
70 633
71 633
72 633
73 633
74 633
75 633
76 633
77 633
78 633
79 633
80 633
81 633
82 633
83 633
84 633
85 633
86 633
87 633
88 633
89 633
90 633
91 633
92 633
93 633
94 633
95 633
96 633
97 633
98 633
99 633
100 633
101 633
102 633
103 633
104 633
105 633
106 633
107 633
108 633
109 633
110 633
111 633
112 633
113 633
114 633
115 633
116 633
117 633
118 633
119 633
120 633
121 633
122 633
123 633
124 633
125 633
126 633
127 633
128 633
129 633
130 633
131 633
132 633
133 633
134 633
135 633
136 633
137 633
138 633
139 633
140 633
141 633
142 633
143 633
144 633
145 633
146 633
147 633
148 633
149 633
150 633
151 633
152 633
153 633
154 633
155 633
156 633
157 633
158 633
159 633
160 633
161 633
162 633
163 633
164 633
165 633
166 633
167 633
168 633
169 633
170 633
171 633
172 633
173 633
174 633
175 633
176 633
177 633
178 633
179 633
180 633
181 633
182 633
183 633
184 633
185 633
186 633
187 633
188 633
189 633
190 633
191 633
192 633
193 633
194 633
195 633
196 633
197 633
198 633
199 633
200 633
201 633
202 633
203 633
204 633
205 633
206 633
207 633
208 633
209 633
210 633
211 633
212 633
213 633
214 633
215 633
216 633
217 633
218 633
219 633
220 633
221 633
222 633
223 633
224 633
225 633
226 633
227 633
228 633
229 633
230 633
231 633
232 633
233 633
234 633
235 633
236 633
237 633
238 633
239 633
240 633
241 633
242 633
243 633
244 633
245 633
246 633
247 633
248 633
249 633
250 633
251 633
252 633
253 633
254 633
255 633
256 633
257 633
258 633
259 633
260 633
261 633
262 633
263 633
264 633
265 633
266 633
267 633
268 633
269 633
270 633
271 633
272 633
273 633
274 633
275 633
276 633
277 633
278 633
279 633
280 633
281 633
282 633
283 633
284 633
285 633
286 633
287 633
288 633
289 633
290 633
291 633
292 633
293 633
294 633
295 633
296 633
297 633
298 633
299 633
300 633
301 633
302 633
303 633
304 633
305 633
306 633
307 633
308 633
309 633
310 633
311 633
312 633
313 633
314 633
315 633
316 633
317 633
318 633
319 633
320 633
321 633
322 633
323 633
324 633
325 633
326 633
327 633
328 633
329 633
330 633
331 633
332 633
333 633
334 633
335 633
336 633
337 633
338 633
339 633
340 633
341 633
342 633
343 633
344 633
345 633
346 633
347 633
348 633
349 633
350 633
351 633
352 633
353 633
354 633
355 633
356 633
357 633
358 633
359 633
360 633
361 633
362 633
363 633
364 633
365 633
366 633
367 633
368 633
369 633
370 633
371 633
372 633
373 633
374 633
375 633
376 633
377 633
378 633
379 633
380 633
381 633
382 633
383 633
384 633
385 633
386 633
387 633
388 633
389 633
390 633
391 633
392 633
393 633
394 633
395 633
396 633
397 633
398 633
399 633
400 633
401 633
402 633
403 633
404 633
405 633
406 633
407 633
408 633
409 633
410 633
411 633
412 633
413 633
414 633
415 633
416 633
417 633
418 633
419 633
420 633
421 633
422 633
423 633
424 633
425 633
426 633
427 633
428 633
429 633
430 633
431 633
432 633
433 633
434 633
435 633
436 633
437 633
438 633
439 633
440 633
441 633
442 633
443 633
444 633
445 633
446 633
447 633
448 633
449 633
450 633
451 633
452 633
453 633
454 633
455 633
456 633
457 633
458 633
459 633
460 633
461 633
462 633
463 633
464 633
465 633
466 633
467 633
468 633
469 633
470 633
471 633
472 633
473 633
474 633
475 633
476 633
477 633
478 633
479 633
480 633
481 633
482 633
483 633
484 633
485 633
486 633
487 633
488 633
489 633
490 633
491 633
492 633
493 633
494 633
495 633
496 633
497 633
498 633
499 633
500 633
501 633
502 633
503 633
504 633
505 633
506 633
507 633
508 633
509 633
510 633
511 633
512 633
513 633
514 633
515 633
516 633
517 633
518 633
519 633
520 633
521 633
522 633
523 633
524 633
525 633
526 633
527 633
528 633
529 633
530 633
531 633
532 633
533 633
534 633
535 633
536 633
537 633
538 633
539 633
540 633
541 633
542 633
543 633
544 633
545 633
546 633
547 633
548 633
549 633
550 633
551 633
552 633
553 633
554 633
555 633
556 633
557 633
558 633
559 633
560 633
561 633
562 633
563 633
564 633
565 633
566 633
567 633
568 633
569 633
570 633
571 633
572 633
573 633
574 633
575 633
576 633
577 633
578 633
579 633
580 633
581 633
582 633
583 633
584 633
585 633
586 633
587 633
588 633
589 633
590 633
591 633
592 633
593 633
594 633
595 633
596 633
597 633
598 633
599 633
600 633
601 633
602 633
603 633
604 633
605 633
606 633
607 633
608 633
609 633
610 633
611 633
612 633
613 633
614 633
615 633
616 633
617 633
618 633
619 633
620 633
621 633
622 633
623 633
624 633
625 633
626 633
627 633
628 633
629 633
630 633
631 633
632 633
633 634
