524
523
1 523
2 523
3 523
4 523
5 523
6 523
7 523
8 523
9 523
10 523
11 523
12 523
13 523
14 523
15 523
16 523
17 523
18 523
19 523
20 523
21 523
22 523
23 523
24 523
25 523
26 523
27 523
28 523
29 523
30 523
31 523
32 523
33 523
34 523
35 523
36 523
37 523
38 523
39 523
40 523
41 523
42 523
43 523
44 523
45 523
46 523
47 523
48 523
49 523
50 523
51 523
52 523
53 523
54 523
55 523
56 523
57 523
58 523
59 523
60 523
61 523
62 523
63 523
64 523
65 523
66 523
67 523
68 523
69 523
70 523
71 523
72 523
73 523
74 523
75 523
76 523
77 523
78 523
79 523
80 523
81 523
82 523
83 523
84 523
85 523
86 523
87 523
88 523
89 523
90 523
91 523
92 523
93 523
94 523
95 523
96 523
97 523
98 523
99 523
100 523
101 523
102 523
103 523
104 523
105 523
106 523
107 523
108 523
109 523
110 523
111 523
112 523
113 523
114 523
115 523
116 523
117 523
118 523
119 523
120 523
121 523
122 523
123 523
124 523
125 523
126 523
127 523
128 523
129 523
130 523
131 523
132 523
133 523
134 523
135 523
136 523
137 523
138 523
139 523
140 523
141 523
142 523
143 523
144 523
145 523
146 523
147 523
148 523
149 523
150 523
151 523
152 523
153 523
154 523
155 523
156 523
157 523
158 523
159 523
160 523
161 523
162 523
163 523
164 523
165 523
166 523
167 523
168 523
169 523
170 523
171 523
172 523
173 523
174 523
175 523
176 523
177 523
178 523
179 523
180 523
181 523
182 523
183 523
184 523
185 523
186 523
187 523
188 523
189 523
190 523
191 523
192 523
193 523
194 523
195 523
196 523
197 523
198 523
199 523
200 523
201 523
202 523
203 523
204 523
205 523
206 523
207 523
208 523
209 523
210 523
211 523
212 523
213 523
214 523
215 523
216 523
217 523
218 523
219 523
220 523
221 523
222 523
223 523
224 523
225 523
226 523
227 523
228 523
229 523
230 523
231 523
232 523
233 523
234 523
235 523
236 523
237 523
238 523
239 523
240 523
241 523
242 523
243 523
244 523
245 523
246 523
247 523
248 523
249 523
250 523
251 523
252 523
253 523
254 523
255 523
256 523
257 523
258 523
259 523
260 523
261 523
262 523
263 523
264 523
265 523
266 523
267 523
268 523
269 523
270 523
271 523
272 523
273 523
274 523
275 523
276 523
277 523
278 523
279 523
280 523
281 523
282 523
283 523
284 523
285 523
286 523
287 523
288 523
289 523
290 523
291 523
292 523
293 523
294 523
295 523
296 523
297 523
298 523
299 523
300 523
301 523
302 523
303 523
304 523
305 523
306 523
307 523
308 523
309 523
310 523
311 523
312 523
313 523
314 523
315 523
316 523
317 523
318 523
319 523
320 523
321 523
322 523
323 523
324 523
325 523
326 523
327 523
328 523
329 523
330 523
331 523
332 523
333 523
334 523
335 523
336 523
337 523
338 523
339 523
340 523
341 523
342 523
343 523
344 523
345 523
346 523
347 523
348 523
349 523
350 523
351 523
352 523
353 523
354 523
355 523
356 523
357 523
358 523
359 523
360 523
361 523
362 523
363 523
364 523
365 523
366 523
367 523
368 523
369 523
370 523
371 523
372 523
373 523
374 523
375 523
376 523
377 523
378 523
379 523
380 523
381 523
382 523
383 523
384 523
385 523
386 523
387 523
388 523
389 523
390 523
391 523
392 523
393 523
394 523
395 523
396 523
397 523
398 523
399 523
400 523
401 523
402 523
403 523
404 523
405 523
406 523
407 523
408 523
409 523
410 523
411 523
412 523
413 523
414 523
415 523
416 523
417 523
418 523
419 523
420 523
421 523
422 523
423 523
424 523
425 523
426 523
427 523
428 523
429 523
430 523
431 523
432 523
433 523
434 523
435 523
436 523
437 523
438 523
439 523
440 523
441 523
442 523
443 523
444 523
445 523
446 523
447 523
448 523
449 523
450 523
451 523
452 523
453 523
454 523
455 523
456 523
457 523
458 523
459 523
460 523
461 523
462 523
463 523
464 523
465 523
466 523
467 523
468 523
469 523
470 523
471 523
472 523
473 523
474 523
475 523
476 523
477 523
478 523
479 523
480 523
481 523
482 523
483 523
484 523
485 523
486 523
487 523
488 523
489 523
490 523
491 523
492 523
493 523
494 523
495 523
496 523
497 523
498 523
499 523
500 523
501 523
502 523
503 523
504 523
505 523
506 523
507 523
508 523
509 523
510 523
511 523
512 523
513 523
514 523
515 523
516 523
517 523
518 523
519 523
520 523
521 523
522 523
523 524
