803
802
1 802
2 802
3 802
4 802
5 802
6 802
7 802
8 802
9 802
10 802
11 802
12 802
13 802
14 802
15 802
16 802
17 802
18 802
19 802
20 802
21 802
22 802
23 802
24 802
25 802
26 802
27 802
28 802
29 802
30 802
31 802
32 802
33 802
34 802
35 802
36 802
37 802
38 802
39 802
40 802
41 802
42 802
43 802
44 802
45 802
46 802
47 802
48 802
49 802
50 802
51 802
52 802
53 802
54 802
55 802
56 802
57 802
58 802
59 802
60 802
61 802
62 802
63 802
64 802
65 802
66 802
67 802
68 802
69 802
70 802
71 802
72 802
73 802
74 802
75 802
76 802
77 802
78 802
79 802
80 802
81 802
82 802
83 802
84 802
85 802
86 802
87 802
88 802
89 802
90 802
91 802
92 802
93 802
94 802
95 802
96 802
97 802
98 802
99 802
100 802
101 802
102 802
103 802
104 802
105 802
106 802
107 802
108 802
109 802
110 802
111 802
112 802
113 802
114 802
115 802
116 802
117 802
118 802
119 802
120 802
121 802
122 802
123 802
124 802
125 802
126 802
127 802
128 802
129 802
130 802
131 802
132 802
133 802
134 802
135 802
136 802
137 802
138 802
139 802
140 802
141 802
142 802
143 802
144 802
145 802
146 802
147 802
148 802
149 802
150 802
151 802
152 802
153 802
154 802
155 802
156 802
157 802
158 802
159 802
160 802
161 802
162 802
163 802
164 802
165 802
166 802
167 802
168 802
169 802
170 802
171 802
172 802
173 802
174 802
175 802
176 802
177 802
178 802
179 802
180 802
181 802
182 802
183 802
184 802
185 802
186 802
187 802
188 802
189 802
190 802
191 802
192 802
193 802
194 802
195 802
196 802
197 802
198 802
199 802
200 802
201 802
202 802
203 802
204 802
205 802
206 802
207 802
208 802
209 802
210 802
211 802
212 802
213 802
214 802
215 802
216 802
217 802
218 802
219 802
220 802
221 802
222 802
223 802
224 802
225 802
226 802
227 802
228 802
229 802
230 802
231 802
232 802
233 802
234 802
235 802
236 802
237 802
238 802
239 802
240 802
241 802
242 802
243 802
244 802
245 802
246 802
247 802
248 802
249 802
250 802
251 802
252 802
253 802
254 802
255 802
256 802
257 802
258 802
259 802
260 802
261 802
262 802
263 802
264 802
265 802
266 802
267 802
268 802
269 802
270 802
271 802
272 802
273 802
274 802
275 802
276 802
277 802
278 802
279 802
280 802
281 802
282 802
283 802
284 802
285 802
286 802
287 802
288 802
289 802
290 802
291 802
292 802
293 802
294 802
295 802
296 802
297 802
298 802
299 802
300 802
301 802
302 802
303 802
304 802
305 802
306 802
307 802
308 802
309 802
310 802
311 802
312 802
313 802
314 802
315 802
316 802
317 802
318 802
319 802
320 802
321 802
322 802
323 802
324 802
325 802
326 802
327 802
328 802
329 802
330 802
331 802
332 802
333 802
334 802
335 802
336 802
337 802
338 802
339 802
340 802
341 802
342 802
343 802
344 802
345 802
346 802
347 802
348 802
349 802
350 802
351 802
352 802
353 802
354 802
355 802
356 802
357 802
358 802
359 802
360 802
361 802
362 802
363 802
364 802
365 802
366 802
367 802
368 802
369 802
370 802
371 802
372 802
373 802
374 802
375 802
376 802
377 802
378 802
379 802
380 802
381 802
382 802
383 802
384 802
385 802
386 802
387 802
388 802
389 802
390 802
391 802
392 802
393 802
394 802
395 802
396 802
397 802
398 802
399 802
400 802
401 802
402 802
403 802
404 802
405 802
406 802
407 802
408 802
409 802
410 802
411 802
412 802
413 802
414 802
415 802
416 802
417 802
418 802
419 802
420 802
421 802
422 802
423 802
424 802
425 802
426 802
427 802
428 802
429 802
430 802
431 802
432 802
433 802
434 802
435 802
436 802
437 802
438 802
439 802
440 802
441 802
442 802
443 802
444 802
445 802
446 802
447 802
448 802
449 802
450 802
451 802
452 802
453 802
454 802
455 802
456 802
457 802
458 802
459 802
460 802
461 802
462 802
463 802
464 802
465 802
466 802
467 802
468 802
469 802
470 802
471 802
472 802
473 802
474 802
475 802
476 802
477 802
478 802
479 802
480 802
481 802
482 802
483 802
484 802
485 802
486 802
487 802
488 802
489 802
490 802
491 802
492 802
493 802
494 802
495 802
496 802
497 802
498 802
499 802
500 802
501 802
502 802
503 802
504 802
505 802
506 802
507 802
508 802
509 802
510 802
511 802
512 802
513 802
514 802
515 802
516 802
517 802
518 802
519 802
520 802
521 802
522 802
523 802
524 802
525 802
526 802
527 802
528 802
529 802
530 802
531 802
532 802
533 802
534 802
535 802
536 802
537 802
538 802
539 802
540 802
541 802
542 802
543 802
544 802
545 802
546 802
547 802
548 802
549 802
550 802
551 802
552 802
553 802
554 802
555 802
556 802
557 802
558 802
559 802
560 802
561 802
562 802
563 802
564 802
565 802
566 802
567 802
568 802
569 802
570 802
571 802
572 802
573 802
574 802
575 802
576 802
577 802
578 802
579 802
580 802
581 802
582 802
583 802
584 802
585 802
586 802
587 802
588 802
589 802
590 802
591 802
592 802
593 802
594 802
595 802
596 802
597 802
598 802
599 802
600 802
601 802
602 802
603 802
604 802
605 802
606 802
607 802
608 802
609 802
610 802
611 802
612 802
613 802
614 802
615 802
616 802
617 802
618 802
619 802
620 802
621 802
622 802
623 802
624 802
625 802
626 802
627 802
628 802
629 802
630 802
631 802
632 802
633 802
634 802
635 802
636 802
637 802
638 802
639 802
640 802
641 802
642 802
643 802
644 802
645 802
646 802
647 802
648 802
649 802
650 802
651 802
652 802
653 802
654 802
655 802
656 802
657 802
658 802
659 802
660 802
661 802
662 802
663 802
664 802
665 802
666 802
667 802
668 802
669 802
670 802
671 802
672 802
673 802
674 802
675 802
676 802
677 802
678 802
679 802
680 802
681 802
682 802
683 802
684 802
685 802
686 802
687 802
688 802
689 802
690 802
691 802
692 802
693 802
694 802
695 802
696 802
697 802
698 802
699 802
700 802
701 802
702 802
703 802
704 802
705 802
706 802
707 802
708 802
709 802
710 802
711 802
712 802
713 802
714 802
715 802
716 802
717 802
718 802
719 802
720 802
721 802
722 802
723 802
724 802
725 802
726 802
727 802
728 802
729 802
730 802
731 802
732 802
733 802
734 802
735 802
736 802
737 802
738 802
739 802
740 802
741 802
742 802
743 802
744 802
745 802
746 802
747 802
748 802
749 802
750 802
751 802
752 802
753 802
754 802
755 802
756 802
757 802
758 802
759 802
760 802
761 802
762 802
763 802
764 802
765 802
766 802
767 802
768 802
769 802
770 802
771 802
772 802
773 802
774 802
775 802
776 802
777 802
778 802
779 802
780 802
781 802
782 802
783 802
784 802
785 802
786 802
787 802
788 802
789 802
790 802
791 802
792 802
793 802
794 802
795 802
796 802
797 802
798 802
799 802
800 802
801 802
802 803
