693
692
1 692
2 692
3 692
4 692
5 692
6 692
7 692
8 692
9 692
10 692
11 692
12 692
13 692
14 692
15 692
16 692
17 692
18 692
19 692
20 692
21 692
22 692
23 692
24 692
25 692
26 692
27 692
28 692
29 692
30 692
31 692
32 692
33 692
34 692
35 692
36 692
37 692
38 692
39 692
40 692
41 692
42 692
43 692
44 692
45 692
46 692
47 692
48 692
49 692
50 692
51 692
52 692
53 692
54 692
55 692
56 692
57 692
58 692
59 692
60 692
61 692
62 692
63 692
64 692
65 692
66 692
67 692
68 692
69 692
70 692
71 692
72 692
73 692
74 692
75 692
76 692
77 692
78 692
79 692
80 692
81 692
82 692
83 692
84 692
85 692
86 692
87 692
88 692
89 692
90 692
91 692
92 692
93 692
94 692
95 692
96 692
97 692
98 692
99 692
100 692
101 692
102 692
103 692
104 692
105 692
106 692
107 692
108 692
109 692
110 692
111 692
112 692
113 692
114 692
115 692
116 692
117 692
118 692
119 692
120 692
121 692
122 692
123 692
124 692
125 692
126 692
127 692
128 692
129 692
130 692
131 692
132 692
133 692
134 692
135 692
136 692
137 692
138 692
139 692
140 692
141 692
142 692
143 692
144 692
145 692
146 692
147 692
148 692
149 692
150 692
151 692
152 692
153 692
154 692
155 692
156 692
157 692
158 692
159 692
160 692
161 692
162 692
163 692
164 692
165 692
166 692
167 692
168 692
169 692
170 692
171 692
172 692
173 692
174 692
175 692
176 692
177 692
178 692
179 692
180 692
181 692
182 692
183 692
184 692
185 692
186 692
187 692
188 692
189 692
190 692
191 692
192 692
193 692
194 692
195 692
196 692
197 692
198 692
199 692
200 692
201 692
202 692
203 692
204 692
205 692
206 692
207 692
208 692
209 692
210 692
211 692
212 692
213 692
214 692
215 692
216 692
217 692
218 692
219 692
220 692
221 692
222 692
223 692
224 692
225 692
226 692
227 692
228 692
229 692
230 692
231 692
232 692
233 692
234 692
235 692
236 692
237 692
238 692
239 692
240 692
241 692
242 692
243 692
244 692
245 692
246 692
247 692
248 692
249 692
250 692
251 692
252 692
253 692
254 692
255 692
256 692
257 692
258 692
259 692
260 692
261 692
262 692
263 692
264 692
265 692
266 692
267 692
268 692
269 692
270 692
271 692
272 692
273 692
274 692
275 692
276 692
277 692
278 692
279 692
280 692
281 692
282 692
283 692
284 692
285 692
286 692
287 692
288 692
289 692
290 692
291 692
292 692
293 692
294 692
295 692
296 692
297 692
298 692
299 692
300 692
301 692
302 692
303 692
304 692
305 692
306 692
307 692
308 692
309 692
310 692
311 692
312 692
313 692
314 692
315 692
316 692
317 692
318 692
319 692
320 692
321 692
322 692
323 692
324 692
325 692
326 692
327 692
328 692
329 692
330 692
331 692
332 692
333 692
334 692
335 692
336 692
337 692
338 692
339 692
340 692
341 692
342 692
343 692
344 692
345 692
346 692
347 692
348 692
349 692
350 692
351 692
352 692
353 692
354 692
355 692
356 692
357 692
358 692
359 692
360 692
361 692
362 692
363 692
364 692
365 692
366 692
367 692
368 692
369 692
370 692
371 692
372 692
373 692
374 692
375 692
376 692
377 692
378 692
379 692
380 692
381 692
382 692
383 692
384 692
385 692
386 692
387 692
388 692
389 692
390 692
391 692
392 692
393 692
394 692
395 692
396 692
397 692
398 692
399 692
400 692
401 692
402 692
403 692
404 692
405 692
406 692
407 692
408 692
409 692
410 692
411 692
412 692
413 692
414 692
415 692
416 692
417 692
418 692
419 692
420 692
421 692
422 692
423 692
424 692
425 692
426 692
427 692
428 692
429 692
430 692
431 692
432 692
433 692
434 692
435 692
436 692
437 692
438 692
439 692
440 692
441 692
442 692
443 692
444 692
445 692
446 692
447 692
448 692
449 692
450 692
451 692
452 692
453 692
454 692
455 692
456 692
457 692
458 692
459 692
460 692
461 692
462 692
463 692
464 692
465 692
466 692
467 692
468 692
469 692
470 692
471 692
472 692
473 692
474 692
475 692
476 692
477 692
478 692
479 692
480 692
481 692
482 692
483 692
484 692
485 692
486 692
487 692
488 692
489 692
490 692
491 692
492 692
493 692
494 692
495 692
496 692
497 692
498 692
499 692
500 692
501 692
502 692
503 692
504 692
505 692
506 692
507 692
508 692
509 692
510 692
511 692
512 692
513 692
514 692
515 692
516 692
517 692
518 692
519 692
520 692
521 692
522 692
523 692
524 692
525 692
526 692
527 692
528 692
529 692
530 692
531 692
532 692
533 692
534 692
535 692
536 692
537 692
538 692
539 692
540 692
541 692
542 692
543 692
544 692
545 692
546 692
547 692
548 692
549 692
550 692
551 692
552 692
553 692
554 692
555 692
556 692
557 692
558 692
559 692
560 692
561 692
562 692
563 692
564 692
565 692
566 692
567 692
568 692
569 692
570 692
571 692
572 692
573 692
574 692
575 692
576 692
577 692
578 692
579 692
580 692
581 692
582 692
583 692
584 692
585 692
586 692
587 692
588 692
589 692
590 692
591 692
592 692
593 692
594 692
595 692
596 692
597 692
598 692
599 692
600 692
601 692
602 692
603 692
604 692
605 692
606 692
607 692
608 692
609 692
610 692
611 692
612 692
613 692
614 692
615 692
616 692
617 692
618 692
619 692
620 692
621 692
622 692
623 692
624 692
625 692
626 692
627 692
628 692
629 692
630 692
631 692
632 692
633 692
634 692
635 692
636 692
637 692
638 692
639 692
640 692
641 692
642 692
643 692
644 692
645 692
646 692
647 692
648 692
649 692
650 692
651 692
652 692
653 692
654 692
655 692
656 692
657 692
658 692
659 692
660 692
661 692
662 692
663 692
664 692
665 692
666 692
667 692
668 692
669 692
670 692
671 692
672 692
673 692
674 692
675 692
676 692
677 692
678 692
679 692
680 692
681 692
682 692
683 692
684 692
685 692
686 692
687 692
688 692
689 692
690 692
691 692
692 693
