933
932
1 932
2 932
3 932
4 932
5 932
6 932
7 932
8 932
9 932
10 932
11 932
12 932
13 932
14 932
15 932
16 932
17 932
18 932
19 932
20 932
21 932
22 932
23 932
24 932
25 932
26 932
27 932
28 932
29 932
30 932
31 932
32 932
33 932
34 932
35 932
36 932
37 932
38 932
39 932
40 932
41 932
42 932
43 932
44 932
45 932
46 932
47 932
48 932
49 932
50 932
51 932
52 932
53 932
54 932
55 932
56 932
57 932
58 932
59 932
60 932
61 932
62 932
63 932
64 932
65 932
66 932
67 932
68 932
69 932
70 932
71 932
72 932
73 932
74 932
75 932
76 932
77 932
78 932
79 932
80 932
81 932
82 932
83 932
84 932
85 932
86 932
87 932
88 932
89 932
90 932
91 932
92 932
93 932
94 932
95 932
96 932
97 932
98 932
99 932
100 932
101 932
102 932
103 932
104 932
105 932
106 932
107 932
108 932
109 932
110 932
111 932
112 932
113 932
114 932
115 932
116 932
117 932
118 932
119 932
120 932
121 932
122 932
123 932
124 932
125 932
126 932
127 932
128 932
129 932
130 932
131 932
132 932
133 932
134 932
135 932
136 932
137 932
138 932
139 932
140 932
141 932
142 932
143 932
144 932
145 932
146 932
147 932
148 932
149 932
150 932
151 932
152 932
153 932
154 932
155 932
156 932
157 932
158 932
159 932
160 932
161 932
162 932
163 932
164 932
165 932
166 932
167 932
168 932
169 932
170 932
171 932
172 932
173 932
174 932
175 932
176 932
177 932
178 932
179 932
180 932
181 932
182 932
183 932
184 932
185 932
186 932
187 932
188 932
189 932
190 932
191 932
192 932
193 932
194 932
195 932
196 932
197 932
198 932
199 932
200 932
201 932
202 932
203 932
204 932
205 932
206 932
207 932
208 932
209 932
210 932
211 932
212 932
213 932
214 932
215 932
216 932
217 932
218 932
219 932
220 932
221 932
222 932
223 932
224 932
225 932
226 932
227 932
228 932
229 932
230 932
231 932
232 932
233 932
234 932
235 932
236 932
237 932
238 932
239 932
240 932
241 932
242 932
243 932
244 932
245 932
246 932
247 932
248 932
249 932
250 932
251 932
252 932
253 932
254 932
255 932
256 932
257 932
258 932
259 932
260 932
261 932
262 932
263 932
264 932
265 932
266 932
267 932
268 932
269 932
270 932
271 932
272 932
273 932
274 932
275 932
276 932
277 932
278 932
279 932
280 932
281 932
282 932
283 932
284 932
285 932
286 932
287 932
288 932
289 932
290 932
291 932
292 932
293 932
294 932
295 932
296 932
297 932
298 932
299 932
300 932
301 932
302 932
303 932
304 932
305 932
306 932
307 932
308 932
309 932
310 932
311 932
312 932
313 932
314 932
315 932
316 932
317 932
318 932
319 932
320 932
321 932
322 932
323 932
324 932
325 932
326 932
327 932
328 932
329 932
330 932
331 932
332 932
333 932
334 932
335 932
336 932
337 932
338 932
339 932
340 932
341 932
342 932
343 932
344 932
345 932
346 932
347 932
348 932
349 932
350 932
351 932
352 932
353 932
354 932
355 932
356 932
357 932
358 932
359 932
360 932
361 932
362 932
363 932
364 932
365 932
366 932
367 932
368 932
369 932
370 932
371 932
372 932
373 932
374 932
375 932
376 932
377 932
378 932
379 932
380 932
381 932
382 932
383 932
384 932
385 932
386 932
387 932
388 932
389 932
390 932
391 932
392 932
393 932
394 932
395 932
396 932
397 932
398 932
399 932
400 932
401 932
402 932
403 932
404 932
405 932
406 932
407 932
408 932
409 932
410 932
411 932
412 932
413 932
414 932
415 932
416 932
417 932
418 932
419 932
420 932
421 932
422 932
423 932
424 932
425 932
426 932
427 932
428 932
429 932
430 932
431 932
432 932
433 932
434 932
435 932
436 932
437 932
438 932
439 932
440 932
441 932
442 932
443 932
444 932
445 932
446 932
447 932
448 932
449 932
450 932
451 932
452 932
453 932
454 932
455 932
456 932
457 932
458 932
459 932
460 932
461 932
462 932
463 932
464 932
465 932
466 932
467 932
468 932
469 932
470 932
471 932
472 932
473 932
474 932
475 932
476 932
477 932
478 932
479 932
480 932
481 932
482 932
483 932
484 932
485 932
486 932
487 932
488 932
489 932
490 932
491 932
492 932
493 932
494 932
495 932
496 932
497 932
498 932
499 932
500 932
501 932
502 932
503 932
504 932
505 932
506 932
507 932
508 932
509 932
510 932
511 932
512 932
513 932
514 932
515 932
516 932
517 932
518 932
519 932
520 932
521 932
522 932
523 932
524 932
525 932
526 932
527 932
528 932
529 932
530 932
531 932
532 932
533 932
534 932
535 932
536 932
537 932
538 932
539 932
540 932
541 932
542 932
543 932
544 932
545 932
546 932
547 932
548 932
549 932
550 932
551 932
552 932
553 932
554 932
555 932
556 932
557 932
558 932
559 932
560 932
561 932
562 932
563 932
564 932
565 932
566 932
567 932
568 932
569 932
570 932
571 932
572 932
573 932
574 932
575 932
576 932
577 932
578 932
579 932
580 932
581 932
582 932
583 932
584 932
585 932
586 932
587 932
588 932
589 932
590 932
591 932
592 932
593 932
594 932
595 932
596 932
597 932
598 932
599 932
600 932
601 932
602 932
603 932
604 932
605 932
606 932
607 932
608 932
609 932
610 932
611 932
612 932
613 932
614 932
615 932
616 932
617 932
618 932
619 932
620 932
621 932
622 932
623 932
624 932
625 932
626 932
627 932
628 932
629 932
630 932
631 932
632 932
633 932
634 932
635 932
636 932
637 932
638 932
639 932
640 932
641 932
642 932
643 932
644 932
645 932
646 932
647 932
648 932
649 932
650 932
651 932
652 932
653 932
654 932
655 932
656 932
657 932
658 932
659 932
660 932
661 932
662 932
663 932
664 932
665 932
666 932
667 932
668 932
669 932
670 932
671 932
672 932
673 932
674 932
675 932
676 932
677 932
678 932
679 932
680 932
681 932
682 932
683 932
684 932
685 932
686 932
687 932
688 932
689 932
690 932
691 932
692 932
693 932
694 932
695 932
696 932
697 932
698 932
699 932
700 932
701 932
702 932
703 932
704 932
705 932
706 932
707 932
708 932
709 932
710 932
711 932
712 932
713 932
714 932
715 932
716 932
717 932
718 932
719 932
720 932
721 932
722 932
723 932
724 932
725 932
726 932
727 932
728 932
729 932
730 932
731 932
732 932
733 932
734 932
735 932
736 932
737 932
738 932
739 932
740 932
741 932
742 932
743 932
744 932
745 932
746 932
747 932
748 932
749 932
750 932
751 932
752 932
753 932
754 932
755 932
756 932
757 932
758 932
759 932
760 932
761 932
762 932
763 932
764 932
765 932
766 932
767 932
768 932
769 932
770 932
771 932
772 932
773 932
774 932
775 932
776 932
777 932
778 932
779 932
780 932
781 932
782 932
783 932
784 932
785 932
786 932
787 932
788 932
789 932
790 932
791 932
792 932
793 932
794 932
795 932
796 932
797 932
798 932
799 932
800 932
801 932
802 932
803 932
804 932
805 932
806 932
807 932
808 932
809 932
810 932
811 932
812 932
813 932
814 932
815 932
816 932
817 932
818 932
819 932
820 932
821 932
822 932
823 932
824 932
825 932
826 932
827 932
828 932
829 932
830 932
831 932
832 932
833 932
834 932
835 932
836 932
837 932
838 932
839 932
840 932
841 932
842 932
843 932
844 932
845 932
846 932
847 932
848 932
849 932
850 932
851 932
852 932
853 932
854 932
855 932
856 932
857 932
858 932
859 932
860 932
861 932
862 932
863 932
864 932
865 932
866 932
867 932
868 932
869 932
870 932
871 932
872 932
873 932
874 932
875 932
876 932
877 932
878 932
879 932
880 932
881 932
882 932
883 932
884 932
885 932
886 932
887 932
888 932
889 932
890 932
891 932
892 932
893 932
894 932
895 932
896 932
897 932
898 932
899 932
900 932
901 932
902 932
903 932
904 932
905 932
906 932
907 932
908 932
909 932
910 932
911 932
912 932
913 932
914 932
915 932
916 932
917 932
918 932
919 932
920 932
921 932
922 932
923 932
924 932
925 932
926 932
927 932
928 932
929 932
930 932
931 932
932 933
