886
885
1 885
2 885
3 885
4 885
5 885
6 885
7 885
8 885
9 885
10 885
11 885
12 885
13 885
14 885
15 885
16 885
17 885
18 885
19 885
20 885
21 885
22 885
23 885
24 885
25 885
26 885
27 885
28 885
29 885
30 885
31 885
32 885
33 885
34 885
35 885
36 885
37 885
38 885
39 885
40 885
41 885
42 885
43 885
44 885
45 885
46 885
47 885
48 885
49 885
50 885
51 885
52 885
53 885
54 885
55 885
56 885
57 885
58 885
59 885
60 885
61 885
62 885
63 885
64 885
65 885
66 885
67 885
68 885
69 885
70 885
71 885
72 885
73 885
74 885
75 885
76 885
77 885
78 885
79 885
80 885
81 885
82 885
83 885
84 885
85 885
86 885
87 885
88 885
89 885
90 885
91 885
92 885
93 885
94 885
95 885
96 885
97 885
98 885
99 885
100 885
101 885
102 885
103 885
104 885
105 885
106 885
107 885
108 885
109 885
110 885
111 885
112 885
113 885
114 885
115 885
116 885
117 885
118 885
119 885
120 885
121 885
122 885
123 885
124 885
125 885
126 885
127 885
128 885
129 885
130 885
131 885
132 885
133 885
134 885
135 885
136 885
137 885
138 885
139 885
140 885
141 885
142 885
143 885
144 885
145 885
146 885
147 885
148 885
149 885
150 885
151 885
152 885
153 885
154 885
155 885
156 885
157 885
158 885
159 885
160 885
161 885
162 885
163 885
164 885
165 885
166 885
167 885
168 885
169 885
170 885
171 885
172 885
173 885
174 885
175 885
176 885
177 885
178 885
179 885
180 885
181 885
182 885
183 885
184 885
185 885
186 885
187 885
188 885
189 885
190 885
191 885
192 885
193 885
194 885
195 885
196 885
197 885
198 885
199 885
200 885
201 885
202 885
203 885
204 885
205 885
206 885
207 885
208 885
209 885
210 885
211 885
212 885
213 885
214 885
215 885
216 885
217 885
218 885
219 885
220 885
221 885
222 885
223 885
224 885
225 885
226 885
227 885
228 885
229 885
230 885
231 885
232 885
233 885
234 885
235 885
236 885
237 885
238 885
239 885
240 885
241 885
242 885
243 885
244 885
245 885
246 885
247 885
248 885
249 885
250 885
251 885
252 885
253 885
254 885
255 885
256 885
257 885
258 885
259 885
260 885
261 885
262 885
263 885
264 885
265 885
266 885
267 885
268 885
269 885
270 885
271 885
272 885
273 885
274 885
275 885
276 885
277 885
278 885
279 885
280 885
281 885
282 885
283 885
284 885
285 885
286 885
287 885
288 885
289 885
290 885
291 885
292 885
293 885
294 885
295 885
296 885
297 885
298 885
299 885
300 885
301 885
302 885
303 885
304 885
305 885
306 885
307 885
308 885
309 885
310 885
311 885
312 885
313 885
314 885
315 885
316 885
317 885
318 885
319 885
320 885
321 885
322 885
323 885
324 885
325 885
326 885
327 885
328 885
329 885
330 885
331 885
332 885
333 885
334 885
335 885
336 885
337 885
338 885
339 885
340 885
341 885
342 885
343 885
344 885
345 885
346 885
347 885
348 885
349 885
350 885
351 885
352 885
353 885
354 885
355 885
356 885
357 885
358 885
359 885
360 885
361 885
362 885
363 885
364 885
365 885
366 885
367 885
368 885
369 885
370 885
371 885
372 885
373 885
374 885
375 885
376 885
377 885
378 885
379 885
380 885
381 885
382 885
383 885
384 885
385 885
386 885
387 885
388 885
389 885
390 885
391 885
392 885
393 885
394 885
395 885
396 885
397 885
398 885
399 885
400 885
401 885
402 885
403 885
404 885
405 885
406 885
407 885
408 885
409 885
410 885
411 885
412 885
413 885
414 885
415 885
416 885
417 885
418 885
419 885
420 885
421 885
422 885
423 885
424 885
425 885
426 885
427 885
428 885
429 885
430 885
431 885
432 885
433 885
434 885
435 885
436 885
437 885
438 885
439 885
440 885
441 885
442 885
443 885
444 885
445 885
446 885
447 885
448 885
449 885
450 885
451 885
452 885
453 885
454 885
455 885
456 885
457 885
458 885
459 885
460 885
461 885
462 885
463 885
464 885
465 885
466 885
467 885
468 885
469 885
470 885
471 885
472 885
473 885
474 885
475 885
476 885
477 885
478 885
479 885
480 885
481 885
482 885
483 885
484 885
485 885
486 885
487 885
488 885
489 885
490 885
491 885
492 885
493 885
494 885
495 885
496 885
497 885
498 885
499 885
500 885
501 885
502 885
503 885
504 885
505 885
506 885
507 885
508 885
509 885
510 885
511 885
512 885
513 885
514 885
515 885
516 885
517 885
518 885
519 885
520 885
521 885
522 885
523 885
524 885
525 885
526 885
527 885
528 885
529 885
530 885
531 885
532 885
533 885
534 885
535 885
536 885
537 885
538 885
539 885
540 885
541 885
542 885
543 885
544 885
545 885
546 885
547 885
548 885
549 885
550 885
551 885
552 885
553 885
554 885
555 885
556 885
557 885
558 885
559 885
560 885
561 885
562 885
563 885
564 885
565 885
566 885
567 885
568 885
569 885
570 885
571 885
572 885
573 885
574 885
575 885
576 885
577 885
578 885
579 885
580 885
581 885
582 885
583 885
584 885
585 885
586 885
587 885
588 885
589 885
590 885
591 885
592 885
593 885
594 885
595 885
596 885
597 885
598 885
599 885
600 885
601 885
602 885
603 885
604 885
605 885
606 885
607 885
608 885
609 885
610 885
611 885
612 885
613 885
614 885
615 885
616 885
617 885
618 885
619 885
620 885
621 885
622 885
623 885
624 885
625 885
626 885
627 885
628 885
629 885
630 885
631 885
632 885
633 885
634 885
635 885
636 885
637 885
638 885
639 885
640 885
641 885
642 885
643 885
644 885
645 885
646 885
647 885
648 885
649 885
650 885
651 885
652 885
653 885
654 885
655 885
656 885
657 885
658 885
659 885
660 885
661 885
662 885
663 885
664 885
665 885
666 885
667 885
668 885
669 885
670 885
671 885
672 885
673 885
674 885
675 885
676 885
677 885
678 885
679 885
680 885
681 885
682 885
683 885
684 885
685 885
686 885
687 885
688 885
689 885
690 885
691 885
692 885
693 885
694 885
695 885
696 885
697 885
698 885
699 885
700 885
701 885
702 885
703 885
704 885
705 885
706 885
707 885
708 885
709 885
710 885
711 885
712 885
713 885
714 885
715 885
716 885
717 885
718 885
719 885
720 885
721 885
722 885
723 885
724 885
725 885
726 885
727 885
728 885
729 885
730 885
731 885
732 885
733 885
734 885
735 885
736 885
737 885
738 885
739 885
740 885
741 885
742 885
743 885
744 885
745 885
746 885
747 885
748 885
749 885
750 885
751 885
752 885
753 885
754 885
755 885
756 885
757 885
758 885
759 885
760 885
761 885
762 885
763 885
764 885
765 885
766 885
767 885
768 885
769 885
770 885
771 885
772 885
773 885
774 885
775 885
776 885
777 885
778 885
779 885
780 885
781 885
782 885
783 885
784 885
785 885
786 885
787 885
788 885
789 885
790 885
791 885
792 885
793 885
794 885
795 885
796 885
797 885
798 885
799 885
800 885
801 885
802 885
803 885
804 885
805 885
806 885
807 885
808 885
809 885
810 885
811 885
812 885
813 885
814 885
815 885
816 885
817 885
818 885
819 885
820 885
821 885
822 885
823 885
824 885
825 885
826 885
827 885
828 885
829 885
830 885
831 885
832 885
833 885
834 885
835 885
836 885
837 885
838 885
839 885
840 885
841 885
842 885
843 885
844 885
845 885
846 885
847 885
848 885
849 885
850 885
851 885
852 885
853 885
854 885
855 885
856 885
857 885
858 885
859 885
860 885
861 885
862 885
863 885
864 885
865 885
866 885
867 885
868 885
869 885
870 885
871 885
872 885
873 885
874 885
875 885
876 885
877 885
878 885
879 885
880 885
881 885
882 885
883 885
884 885
885 886
