784
783
1 783
2 783
3 783
4 783
5 783
6 783
7 783
8 783
9 783
10 783
11 783
12 783
13 783
14 783
15 783
16 783
17 783
18 783
19 783
20 783
21 783
22 783
23 783
24 783
25 783
26 783
27 783
28 783
29 783
30 783
31 783
32 783
33 783
34 783
35 783
36 783
37 783
38 783
39 783
40 783
41 783
42 783
43 783
44 783
45 783
46 783
47 783
48 783
49 783
50 783
51 783
52 783
53 783
54 783
55 783
56 783
57 783
58 783
59 783
60 783
61 783
62 783
63 783
64 783
65 783
66 783
67 783
68 783
69 783
70 783
71 783
72 783
73 783
74 783
75 783
76 783
77 783
78 783
79 783
80 783
81 783
82 783
83 783
84 783
85 783
86 783
87 783
88 783
89 783
90 783
91 783
92 783
93 783
94 783
95 783
96 783
97 783
98 783
99 783
100 783
101 783
102 783
103 783
104 783
105 783
106 783
107 783
108 783
109 783
110 783
111 783
112 783
113 783
114 783
115 783
116 783
117 783
118 783
119 783
120 783
121 783
122 783
123 783
124 783
125 783
126 783
127 783
128 783
129 783
130 783
131 783
132 783
133 783
134 783
135 783
136 783
137 783
138 783
139 783
140 783
141 783
142 783
143 783
144 783
145 783
146 783
147 783
148 783
149 783
150 783
151 783
152 783
153 783
154 783
155 783
156 783
157 783
158 783
159 783
160 783
161 783
162 783
163 783
164 783
165 783
166 783
167 783
168 783
169 783
170 783
171 783
172 783
173 783
174 783
175 783
176 783
177 783
178 783
179 783
180 783
181 783
182 783
183 783
184 783
185 783
186 783
187 783
188 783
189 783
190 783
191 783
192 783
193 783
194 783
195 783
196 783
197 783
198 783
199 783
200 783
201 783
202 783
203 783
204 783
205 783
206 783
207 783
208 783
209 783
210 783
211 783
212 783
213 783
214 783
215 783
216 783
217 783
218 783
219 783
220 783
221 783
222 783
223 783
224 783
225 783
226 783
227 783
228 783
229 783
230 783
231 783
232 783
233 783
234 783
235 783
236 783
237 783
238 783
239 783
240 783
241 783
242 783
243 783
244 783
245 783
246 783
247 783
248 783
249 783
250 783
251 783
252 783
253 783
254 783
255 783
256 783
257 783
258 783
259 783
260 783
261 783
262 783
263 783
264 783
265 783
266 783
267 783
268 783
269 783
270 783
271 783
272 783
273 783
274 783
275 783
276 783
277 783
278 783
279 783
280 783
281 783
282 783
283 783
284 783
285 783
286 783
287 783
288 783
289 783
290 783
291 783
292 783
293 783
294 783
295 783
296 783
297 783
298 783
299 783
300 783
301 783
302 783
303 783
304 783
305 783
306 783
307 783
308 783
309 783
310 783
311 783
312 783
313 783
314 783
315 783
316 783
317 783
318 783
319 783
320 783
321 783
322 783
323 783
324 783
325 783
326 783
327 783
328 783
329 783
330 783
331 783
332 783
333 783
334 783
335 783
336 783
337 783
338 783
339 783
340 783
341 783
342 783
343 783
344 783
345 783
346 783
347 783
348 783
349 783
350 783
351 783
352 783
353 783
354 783
355 783
356 783
357 783
358 783
359 783
360 783
361 783
362 783
363 783
364 783
365 783
366 783
367 783
368 783
369 783
370 783
371 783
372 783
373 783
374 783
375 783
376 783
377 783
378 783
379 783
380 783
381 783
382 783
383 783
384 783
385 783
386 783
387 783
388 783
389 783
390 783
391 783
392 783
393 783
394 783
395 783
396 783
397 783
398 783
399 783
400 783
401 783
402 783
403 783
404 783
405 783
406 783
407 783
408 783
409 783
410 783
411 783
412 783
413 783
414 783
415 783
416 783
417 783
418 783
419 783
420 783
421 783
422 783
423 783
424 783
425 783
426 783
427 783
428 783
429 783
430 783
431 783
432 783
433 783
434 783
435 783
436 783
437 783
438 783
439 783
440 783
441 783
442 783
443 783
444 783
445 783
446 783
447 783
448 783
449 783
450 783
451 783
452 783
453 783
454 783
455 783
456 783
457 783
458 783
459 783
460 783
461 783
462 783
463 783
464 783
465 783
466 783
467 783
468 783
469 783
470 783
471 783
472 783
473 783
474 783
475 783
476 783
477 783
478 783
479 783
480 783
481 783
482 783
483 783
484 783
485 783
486 783
487 783
488 783
489 783
490 783
491 783
492 783
493 783
494 783
495 783
496 783
497 783
498 783
499 783
500 783
501 783
502 783
503 783
504 783
505 783
506 783
507 783
508 783
509 783
510 783
511 783
512 783
513 783
514 783
515 783
516 783
517 783
518 783
519 783
520 783
521 783
522 783
523 783
524 783
525 783
526 783
527 783
528 783
529 783
530 783
531 783
532 783
533 783
534 783
535 783
536 783
537 783
538 783
539 783
540 783
541 783
542 783
543 783
544 783
545 783
546 783
547 783
548 783
549 783
550 783
551 783
552 783
553 783
554 783
555 783
556 783
557 783
558 783
559 783
560 783
561 783
562 783
563 783
564 783
565 783
566 783
567 783
568 783
569 783
570 783
571 783
572 783
573 783
574 783
575 783
576 783
577 783
578 783
579 783
580 783
581 783
582 783
583 783
584 783
585 783
586 783
587 783
588 783
589 783
590 783
591 783
592 783
593 783
594 783
595 783
596 783
597 783
598 783
599 783
600 783
601 783
602 783
603 783
604 783
605 783
606 783
607 783
608 783
609 783
610 783
611 783
612 783
613 783
614 783
615 783
616 783
617 783
618 783
619 783
620 783
621 783
622 783
623 783
624 783
625 783
626 783
627 783
628 783
629 783
630 783
631 783
632 783
633 783
634 783
635 783
636 783
637 783
638 783
639 783
640 783
641 783
642 783
643 783
644 783
645 783
646 783
647 783
648 783
649 783
650 783
651 783
652 783
653 783
654 783
655 783
656 783
657 783
658 783
659 783
660 783
661 783
662 783
663 783
664 783
665 783
666 783
667 783
668 783
669 783
670 783
671 783
672 783
673 783
674 783
675 783
676 783
677 783
678 783
679 783
680 783
681 783
682 783
683 783
684 783
685 783
686 783
687 783
688 783
689 783
690 783
691 783
692 783
693 783
694 783
695 783
696 783
697 783
698 783
699 783
700 783
701 783
702 783
703 783
704 783
705 783
706 783
707 783
708 783
709 783
710 783
711 783
712 783
713 783
714 783
715 783
716 783
717 783
718 783
719 783
720 783
721 783
722 783
723 783
724 783
725 783
726 783
727 783
728 783
729 783
730 783
731 783
732 783
733 783
734 783
735 783
736 783
737 783
738 783
739 783
740 783
741 783
742 783
743 783
744 783
745 783
746 783
747 783
748 783
749 783
750 783
751 783
752 783
753 783
754 783
755 783
756 783
757 783
758 783
759 783
760 783
761 783
762 783
763 783
764 783
765 783
766 783
767 783
768 783
769 783
770 783
771 783
772 783
773 783
774 783
775 783
776 783
777 783
778 783
779 783
780 783
781 783
782 783
783 784
