949
948
1 948
2 948
3 948
4 948
5 948
6 948
7 948
8 948
9 948
10 948
11 948
12 948
13 948
14 948
15 948
16 948
17 948
18 948
19 948
20 948
21 948
22 948
23 948
24 948
25 948
26 948
27 948
28 948
29 948
30 948
31 948
32 948
33 948
34 948
35 948
36 948
37 948
38 948
39 948
40 948
41 948
42 948
43 948
44 948
45 948
46 948
47 948
48 948
49 948
50 948
51 948
52 948
53 948
54 948
55 948
56 948
57 948
58 948
59 948
60 948
61 948
62 948
63 948
64 948
65 948
66 948
67 948
68 948
69 948
70 948
71 948
72 948
73 948
74 948
75 948
76 948
77 948
78 948
79 948
80 948
81 948
82 948
83 948
84 948
85 948
86 948
87 948
88 948
89 948
90 948
91 948
92 948
93 948
94 948
95 948
96 948
97 948
98 948
99 948
100 948
101 948
102 948
103 948
104 948
105 948
106 948
107 948
108 948
109 948
110 948
111 948
112 948
113 948
114 948
115 948
116 948
117 948
118 948
119 948
120 948
121 948
122 948
123 948
124 948
125 948
126 948
127 948
128 948
129 948
130 948
131 948
132 948
133 948
134 948
135 948
136 948
137 948
138 948
139 948
140 948
141 948
142 948
143 948
144 948
145 948
146 948
147 948
148 948
149 948
150 948
151 948
152 948
153 948
154 948
155 948
156 948
157 948
158 948
159 948
160 948
161 948
162 948
163 948
164 948
165 948
166 948
167 948
168 948
169 948
170 948
171 948
172 948
173 948
174 948
175 948
176 948
177 948
178 948
179 948
180 948
181 948
182 948
183 948
184 948
185 948
186 948
187 948
188 948
189 948
190 948
191 948
192 948
193 948
194 948
195 948
196 948
197 948
198 948
199 948
200 948
201 948
202 948
203 948
204 948
205 948
206 948
207 948
208 948
209 948
210 948
211 948
212 948
213 948
214 948
215 948
216 948
217 948
218 948
219 948
220 948
221 948
222 948
223 948
224 948
225 948
226 948
227 948
228 948
229 948
230 948
231 948
232 948
233 948
234 948
235 948
236 948
237 948
238 948
239 948
240 948
241 948
242 948
243 948
244 948
245 948
246 948
247 948
248 948
249 948
250 948
251 948
252 948
253 948
254 948
255 948
256 948
257 948
258 948
259 948
260 948
261 948
262 948
263 948
264 948
265 948
266 948
267 948
268 948
269 948
270 948
271 948
272 948
273 948
274 948
275 948
276 948
277 948
278 948
279 948
280 948
281 948
282 948
283 948
284 948
285 948
286 948
287 948
288 948
289 948
290 948
291 948
292 948
293 948
294 948
295 948
296 948
297 948
298 948
299 948
300 948
301 948
302 948
303 948
304 948
305 948
306 948
307 948
308 948
309 948
310 948
311 948
312 948
313 948
314 948
315 948
316 948
317 948
318 948
319 948
320 948
321 948
322 948
323 948
324 948
325 948
326 948
327 948
328 948
329 948
330 948
331 948
332 948
333 948
334 948
335 948
336 948
337 948
338 948
339 948
340 948
341 948
342 948
343 948
344 948
345 948
346 948
347 948
348 948
349 948
350 948
351 948
352 948
353 948
354 948
355 948
356 948
357 948
358 948
359 948
360 948
361 948
362 948
363 948
364 948
365 948
366 948
367 948
368 948
369 948
370 948
371 948
372 948
373 948
374 948
375 948
376 948
377 948
378 948
379 948
380 948
381 948
382 948
383 948
384 948
385 948
386 948
387 948
388 948
389 948
390 948
391 948
392 948
393 948
394 948
395 948
396 948
397 948
398 948
399 948
400 948
401 948
402 948
403 948
404 948
405 948
406 948
407 948
408 948
409 948
410 948
411 948
412 948
413 948
414 948
415 948
416 948
417 948
418 948
419 948
420 948
421 948
422 948
423 948
424 948
425 948
426 948
427 948
428 948
429 948
430 948
431 948
432 948
433 948
434 948
435 948
436 948
437 948
438 948
439 948
440 948
441 948
442 948
443 948
444 948
445 948
446 948
447 948
448 948
449 948
450 948
451 948
452 948
453 948
454 948
455 948
456 948
457 948
458 948
459 948
460 948
461 948
462 948
463 948
464 948
465 948
466 948
467 948
468 948
469 948
470 948
471 948
472 948
473 948
474 948
475 948
476 948
477 948
478 948
479 948
480 948
481 948
482 948
483 948
484 948
485 948
486 948
487 948
488 948
489 948
490 948
491 948
492 948
493 948
494 948
495 948
496 948
497 948
498 948
499 948
500 948
501 948
502 948
503 948
504 948
505 948
506 948
507 948
508 948
509 948
510 948
511 948
512 948
513 948
514 948
515 948
516 948
517 948
518 948
519 948
520 948
521 948
522 948
523 948
524 948
525 948
526 948
527 948
528 948
529 948
530 948
531 948
532 948
533 948
534 948
535 948
536 948
537 948
538 948
539 948
540 948
541 948
542 948
543 948
544 948
545 948
546 948
547 948
548 948
549 948
550 948
551 948
552 948
553 948
554 948
555 948
556 948
557 948
558 948
559 948
560 948
561 948
562 948
563 948
564 948
565 948
566 948
567 948
568 948
569 948
570 948
571 948
572 948
573 948
574 948
575 948
576 948
577 948
578 948
579 948
580 948
581 948
582 948
583 948
584 948
585 948
586 948
587 948
588 948
589 948
590 948
591 948
592 948
593 948
594 948
595 948
596 948
597 948
598 948
599 948
600 948
601 948
602 948
603 948
604 948
605 948
606 948
607 948
608 948
609 948
610 948
611 948
612 948
613 948
614 948
615 948
616 948
617 948
618 948
619 948
620 948
621 948
622 948
623 948
624 948
625 948
626 948
627 948
628 948
629 948
630 948
631 948
632 948
633 948
634 948
635 948
636 948
637 948
638 948
639 948
640 948
641 948
642 948
643 948
644 948
645 948
646 948
647 948
648 948
649 948
650 948
651 948
652 948
653 948
654 948
655 948
656 948
657 948
658 948
659 948
660 948
661 948
662 948
663 948
664 948
665 948
666 948
667 948
668 948
669 948
670 948
671 948
672 948
673 948
674 948
675 948
676 948
677 948
678 948
679 948
680 948
681 948
682 948
683 948
684 948
685 948
686 948
687 948
688 948
689 948
690 948
691 948
692 948
693 948
694 948
695 948
696 948
697 948
698 948
699 948
700 948
701 948
702 948
703 948
704 948
705 948
706 948
707 948
708 948
709 948
710 948
711 948
712 948
713 948
714 948
715 948
716 948
717 948
718 948
719 948
720 948
721 948
722 948
723 948
724 948
725 948
726 948
727 948
728 948
729 948
730 948
731 948
732 948
733 948
734 948
735 948
736 948
737 948
738 948
739 948
740 948
741 948
742 948
743 948
744 948
745 948
746 948
747 948
748 948
749 948
750 948
751 948
752 948
753 948
754 948
755 948
756 948
757 948
758 948
759 948
760 948
761 948
762 948
763 948
764 948
765 948
766 948
767 948
768 948
769 948
770 948
771 948
772 948
773 948
774 948
775 948
776 948
777 948
778 948
779 948
780 948
781 948
782 948
783 948
784 948
785 948
786 948
787 948
788 948
789 948
790 948
791 948
792 948
793 948
794 948
795 948
796 948
797 948
798 948
799 948
800 948
801 948
802 948
803 948
804 948
805 948
806 948
807 948
808 948
809 948
810 948
811 948
812 948
813 948
814 948
815 948
816 948
817 948
818 948
819 948
820 948
821 948
822 948
823 948
824 948
825 948
826 948
827 948
828 948
829 948
830 948
831 948
832 948
833 948
834 948
835 948
836 948
837 948
838 948
839 948
840 948
841 948
842 948
843 948
844 948
845 948
846 948
847 948
848 948
849 948
850 948
851 948
852 948
853 948
854 948
855 948
856 948
857 948
858 948
859 948
860 948
861 948
862 948
863 948
864 948
865 948
866 948
867 948
868 948
869 948
870 948
871 948
872 948
873 948
874 948
875 948
876 948
877 948
878 948
879 948
880 948
881 948
882 948
883 948
884 948
885 948
886 948
887 948
888 948
889 948
890 948
891 948
892 948
893 948
894 948
895 948
896 948
897 948
898 948
899 948
900 948
901 948
902 948
903 948
904 948
905 948
906 948
907 948
908 948
909 948
910 948
911 948
912 948
913 948
914 948
915 948
916 948
917 948
918 948
919 948
920 948
921 948
922 948
923 948
924 948
925 948
926 948
927 948
928 948
929 948
930 948
931 948
932 948
933 948
934 948
935 948
936 948
937 948
938 948
939 948
940 948
941 948
942 948
943 948
944 948
945 948
946 948
947 948
948 949
