899
898
1 898
2 898
3 898
4 898
5 898
6 898
7 898
8 898
9 898
10 898
11 898
12 898
13 898
14 898
15 898
16 898
17 898
18 898
19 898
20 898
21 898
22 898
23 898
24 898
25 898
26 898
27 898
28 898
29 898
30 898
31 898
32 898
33 898
34 898
35 898
36 898
37 898
38 898
39 898
40 898
41 898
42 898
43 898
44 898
45 898
46 898
47 898
48 898
49 898
50 898
51 898
52 898
53 898
54 898
55 898
56 898
57 898
58 898
59 898
60 898
61 898
62 898
63 898
64 898
65 898
66 898
67 898
68 898
69 898
70 898
71 898
72 898
73 898
74 898
75 898
76 898
77 898
78 898
79 898
80 898
81 898
82 898
83 898
84 898
85 898
86 898
87 898
88 898
89 898
90 898
91 898
92 898
93 898
94 898
95 898
96 898
97 898
98 898
99 898
100 898
101 898
102 898
103 898
104 898
105 898
106 898
107 898
108 898
109 898
110 898
111 898
112 898
113 898
114 898
115 898
116 898
117 898
118 898
119 898
120 898
121 898
122 898
123 898
124 898
125 898
126 898
127 898
128 898
129 898
130 898
131 898
132 898
133 898
134 898
135 898
136 898
137 898
138 898
139 898
140 898
141 898
142 898
143 898
144 898
145 898
146 898
147 898
148 898
149 898
150 898
151 898
152 898
153 898
154 898
155 898
156 898
157 898
158 898
159 898
160 898
161 898
162 898
163 898
164 898
165 898
166 898
167 898
168 898
169 898
170 898
171 898
172 898
173 898
174 898
175 898
176 898
177 898
178 898
179 898
180 898
181 898
182 898
183 898
184 898
185 898
186 898
187 898
188 898
189 898
190 898
191 898
192 898
193 898
194 898
195 898
196 898
197 898
198 898
199 898
200 898
201 898
202 898
203 898
204 898
205 898
206 898
207 898
208 898
209 898
210 898
211 898
212 898
213 898
214 898
215 898
216 898
217 898
218 898
219 898
220 898
221 898
222 898
223 898
224 898
225 898
226 898
227 898
228 898
229 898
230 898
231 898
232 898
233 898
234 898
235 898
236 898
237 898
238 898
239 898
240 898
241 898
242 898
243 898
244 898
245 898
246 898
247 898
248 898
249 898
250 898
251 898
252 898
253 898
254 898
255 898
256 898
257 898
258 898
259 898
260 898
261 898
262 898
263 898
264 898
265 898
266 898
267 898
268 898
269 898
270 898
271 898
272 898
273 898
274 898
275 898
276 898
277 898
278 898
279 898
280 898
281 898
282 898
283 898
284 898
285 898
286 898
287 898
288 898
289 898
290 898
291 898
292 898
293 898
294 898
295 898
296 898
297 898
298 898
299 898
300 898
301 898
302 898
303 898
304 898
305 898
306 898
307 898
308 898
309 898
310 898
311 898
312 898
313 898
314 898
315 898
316 898
317 898
318 898
319 898
320 898
321 898
322 898
323 898
324 898
325 898
326 898
327 898
328 898
329 898
330 898
331 898
332 898
333 898
334 898
335 898
336 898
337 898
338 898
339 898
340 898
341 898
342 898
343 898
344 898
345 898
346 898
347 898
348 898
349 898
350 898
351 898
352 898
353 898
354 898
355 898
356 898
357 898
358 898
359 898
360 898
361 898
362 898
363 898
364 898
365 898
366 898
367 898
368 898
369 898
370 898
371 898
372 898
373 898
374 898
375 898
376 898
377 898
378 898
379 898
380 898
381 898
382 898
383 898
384 898
385 898
386 898
387 898
388 898
389 898
390 898
391 898
392 898
393 898
394 898
395 898
396 898
397 898
398 898
399 898
400 898
401 898
402 898
403 898
404 898
405 898
406 898
407 898
408 898
409 898
410 898
411 898
412 898
413 898
414 898
415 898
416 898
417 898
418 898
419 898
420 898
421 898
422 898
423 898
424 898
425 898
426 898
427 898
428 898
429 898
430 898
431 898
432 898
433 898
434 898
435 898
436 898
437 898
438 898
439 898
440 898
441 898
442 898
443 898
444 898
445 898
446 898
447 898
448 898
449 898
450 898
451 898
452 898
453 898
454 898
455 898
456 898
457 898
458 898
459 898
460 898
461 898
462 898
463 898
464 898
465 898
466 898
467 898
468 898
469 898
470 898
471 898
472 898
473 898
474 898
475 898
476 898
477 898
478 898
479 898
480 898
481 898
482 898
483 898
484 898
485 898
486 898
487 898
488 898
489 898
490 898
491 898
492 898
493 898
494 898
495 898
496 898
497 898
498 898
499 898
500 898
501 898
502 898
503 898
504 898
505 898
506 898
507 898
508 898
509 898
510 898
511 898
512 898
513 898
514 898
515 898
516 898
517 898
518 898
519 898
520 898
521 898
522 898
523 898
524 898
525 898
526 898
527 898
528 898
529 898
530 898
531 898
532 898
533 898
534 898
535 898
536 898
537 898
538 898
539 898
540 898
541 898
542 898
543 898
544 898
545 898
546 898
547 898
548 898
549 898
550 898
551 898
552 898
553 898
554 898
555 898
556 898
557 898
558 898
559 898
560 898
561 898
562 898
563 898
564 898
565 898
566 898
567 898
568 898
569 898
570 898
571 898
572 898
573 898
574 898
575 898
576 898
577 898
578 898
579 898
580 898
581 898
582 898
583 898
584 898
585 898
586 898
587 898
588 898
589 898
590 898
591 898
592 898
593 898
594 898
595 898
596 898
597 898
598 898
599 898
600 898
601 898
602 898
603 898
604 898
605 898
606 898
607 898
608 898
609 898
610 898
611 898
612 898
613 898
614 898
615 898
616 898
617 898
618 898
619 898
620 898
621 898
622 898
623 898
624 898
625 898
626 898
627 898
628 898
629 898
630 898
631 898
632 898
633 898
634 898
635 898
636 898
637 898
638 898
639 898
640 898
641 898
642 898
643 898
644 898
645 898
646 898
647 898
648 898
649 898
650 898
651 898
652 898
653 898
654 898
655 898
656 898
657 898
658 898
659 898
660 898
661 898
662 898
663 898
664 898
665 898
666 898
667 898
668 898
669 898
670 898
671 898
672 898
673 898
674 898
675 898
676 898
677 898
678 898
679 898
680 898
681 898
682 898
683 898
684 898
685 898
686 898
687 898
688 898
689 898
690 898
691 898
692 898
693 898
694 898
695 898
696 898
697 898
698 898
699 898
700 898
701 898
702 898
703 898
704 898
705 898
706 898
707 898
708 898
709 898
710 898
711 898
712 898
713 898
714 898
715 898
716 898
717 898
718 898
719 898
720 898
721 898
722 898
723 898
724 898
725 898
726 898
727 898
728 898
729 898
730 898
731 898
732 898
733 898
734 898
735 898
736 898
737 898
738 898
739 898
740 898
741 898
742 898
743 898
744 898
745 898
746 898
747 898
748 898
749 898
750 898
751 898
752 898
753 898
754 898
755 898
756 898
757 898
758 898
759 898
760 898
761 898
762 898
763 898
764 898
765 898
766 898
767 898
768 898
769 898
770 898
771 898
772 898
773 898
774 898
775 898
776 898
777 898
778 898
779 898
780 898
781 898
782 898
783 898
784 898
785 898
786 898
787 898
788 898
789 898
790 898
791 898
792 898
793 898
794 898
795 898
796 898
797 898
798 898
799 898
800 898
801 898
802 898
803 898
804 898
805 898
806 898
807 898
808 898
809 898
810 898
811 898
812 898
813 898
814 898
815 898
816 898
817 898
818 898
819 898
820 898
821 898
822 898
823 898
824 898
825 898
826 898
827 898
828 898
829 898
830 898
831 898
832 898
833 898
834 898
835 898
836 898
837 898
838 898
839 898
840 898
841 898
842 898
843 898
844 898
845 898
846 898
847 898
848 898
849 898
850 898
851 898
852 898
853 898
854 898
855 898
856 898
857 898
858 898
859 898
860 898
861 898
862 898
863 898
864 898
865 898
866 898
867 898
868 898
869 898
870 898
871 898
872 898
873 898
874 898
875 898
876 898
877 898
878 898
879 898
880 898
881 898
882 898
883 898
884 898
885 898
886 898
887 898
888 898
889 898
890 898
891 898
892 898
893 898
894 898
895 898
896 898
897 898
898 899
