862
861
1 861
2 861
3 861
4 861
5 861
6 861
7 861
8 861
9 861
10 861
11 861
12 861
13 861
14 861
15 861
16 861
17 861
18 861
19 861
20 861
21 861
22 861
23 861
24 861
25 861
26 861
27 861
28 861
29 861
30 861
31 861
32 861
33 861
34 861
35 861
36 861
37 861
38 861
39 861
40 861
41 861
42 861
43 861
44 861
45 861
46 861
47 861
48 861
49 861
50 861
51 861
52 861
53 861
54 861
55 861
56 861
57 861
58 861
59 861
60 861
61 861
62 861
63 861
64 861
65 861
66 861
67 861
68 861
69 861
70 861
71 861
72 861
73 861
74 861
75 861
76 861
77 861
78 861
79 861
80 861
81 861
82 861
83 861
84 861
85 861
86 861
87 861
88 861
89 861
90 861
91 861
92 861
93 861
94 861
95 861
96 861
97 861
98 861
99 861
100 861
101 861
102 861
103 861
104 861
105 861
106 861
107 861
108 861
109 861
110 861
111 861
112 861
113 861
114 861
115 861
116 861
117 861
118 861
119 861
120 861
121 861
122 861
123 861
124 861
125 861
126 861
127 861
128 861
129 861
130 861
131 861
132 861
133 861
134 861
135 861
136 861
137 861
138 861
139 861
140 861
141 861
142 861
143 861
144 861
145 861
146 861
147 861
148 861
149 861
150 861
151 861
152 861
153 861
154 861
155 861
156 861
157 861
158 861
159 861
160 861
161 861
162 861
163 861
164 861
165 861
166 861
167 861
168 861
169 861
170 861
171 861
172 861
173 861
174 861
175 861
176 861
177 861
178 861
179 861
180 861
181 861
182 861
183 861
184 861
185 861
186 861
187 861
188 861
189 861
190 861
191 861
192 861
193 861
194 861
195 861
196 861
197 861
198 861
199 861
200 861
201 861
202 861
203 861
204 861
205 861
206 861
207 861
208 861
209 861
210 861
211 861
212 861
213 861
214 861
215 861
216 861
217 861
218 861
219 861
220 861
221 861
222 861
223 861
224 861
225 861
226 861
227 861
228 861
229 861
230 861
231 861
232 861
233 861
234 861
235 861
236 861
237 861
238 861
239 861
240 861
241 861
242 861
243 861
244 861
245 861
246 861
247 861
248 861
249 861
250 861
251 861
252 861
253 861
254 861
255 861
256 861
257 861
258 861
259 861
260 861
261 861
262 861
263 861
264 861
265 861
266 861
267 861
268 861
269 861
270 861
271 861
272 861
273 861
274 861
275 861
276 861
277 861
278 861
279 861
280 861
281 861
282 861
283 861
284 861
285 861
286 861
287 861
288 861
289 861
290 861
291 861
292 861
293 861
294 861
295 861
296 861
297 861
298 861
299 861
300 861
301 861
302 861
303 861
304 861
305 861
306 861
307 861
308 861
309 861
310 861
311 861
312 861
313 861
314 861
315 861
316 861
317 861
318 861
319 861
320 861
321 861
322 861
323 861
324 861
325 861
326 861
327 861
328 861
329 861
330 861
331 861
332 861
333 861
334 861
335 861
336 861
337 861
338 861
339 861
340 861
341 861
342 861
343 861
344 861
345 861
346 861
347 861
348 861
349 861
350 861
351 861
352 861
353 861
354 861
355 861
356 861
357 861
358 861
359 861
360 861
361 861
362 861
363 861
364 861
365 861
366 861
367 861
368 861
369 861
370 861
371 861
372 861
373 861
374 861
375 861
376 861
377 861
378 861
379 861
380 861
381 861
382 861
383 861
384 861
385 861
386 861
387 861
388 861
389 861
390 861
391 861
392 861
393 861
394 861
395 861
396 861
397 861
398 861
399 861
400 861
401 861
402 861
403 861
404 861
405 861
406 861
407 861
408 861
409 861
410 861
411 861
412 861
413 861
414 861
415 861
416 861
417 861
418 861
419 861
420 861
421 861
422 861
423 861
424 861
425 861
426 861
427 861
428 861
429 861
430 861
431 861
432 861
433 861
434 861
435 861
436 861
437 861
438 861
439 861
440 861
441 861
442 861
443 861
444 861
445 861
446 861
447 861
448 861
449 861
450 861
451 861
452 861
453 861
454 861
455 861
456 861
457 861
458 861
459 861
460 861
461 861
462 861
463 861
464 861
465 861
466 861
467 861
468 861
469 861
470 861
471 861
472 861
473 861
474 861
475 861
476 861
477 861
478 861
479 861
480 861
481 861
482 861
483 861
484 861
485 861
486 861
487 861
488 861
489 861
490 861
491 861
492 861
493 861
494 861
495 861
496 861
497 861
498 861
499 861
500 861
501 861
502 861
503 861
504 861
505 861
506 861
507 861
508 861
509 861
510 861
511 861
512 861
513 861
514 861
515 861
516 861
517 861
518 861
519 861
520 861
521 861
522 861
523 861
524 861
525 861
526 861
527 861
528 861
529 861
530 861
531 861
532 861
533 861
534 861
535 861
536 861
537 861
538 861
539 861
540 861
541 861
542 861
543 861
544 861
545 861
546 861
547 861
548 861
549 861
550 861
551 861
552 861
553 861
554 861
555 861
556 861
557 861
558 861
559 861
560 861
561 861
562 861
563 861
564 861
565 861
566 861
567 861
568 861
569 861
570 861
571 861
572 861
573 861
574 861
575 861
576 861
577 861
578 861
579 861
580 861
581 861
582 861
583 861
584 861
585 861
586 861
587 861
588 861
589 861
590 861
591 861
592 861
593 861
594 861
595 861
596 861
597 861
598 861
599 861
600 861
601 861
602 861
603 861
604 861
605 861
606 861
607 861
608 861
609 861
610 861
611 861
612 861
613 861
614 861
615 861
616 861
617 861
618 861
619 861
620 861
621 861
622 861
623 861
624 861
625 861
626 861
627 861
628 861
629 861
630 861
631 861
632 861
633 861
634 861
635 861
636 861
637 861
638 861
639 861
640 861
641 861
642 861
643 861
644 861
645 861
646 861
647 861
648 861
649 861
650 861
651 861
652 861
653 861
654 861
655 861
656 861
657 861
658 861
659 861
660 861
661 861
662 861
663 861
664 861
665 861
666 861
667 861
668 861
669 861
670 861
671 861
672 861
673 861
674 861
675 861
676 861
677 861
678 861
679 861
680 861
681 861
682 861
683 861
684 861
685 861
686 861
687 861
688 861
689 861
690 861
691 861
692 861
693 861
694 861
695 861
696 861
697 861
698 861
699 861
700 861
701 861
702 861
703 861
704 861
705 861
706 861
707 861
708 861
709 861
710 861
711 861
712 861
713 861
714 861
715 861
716 861
717 861
718 861
719 861
720 861
721 861
722 861
723 861
724 861
725 861
726 861
727 861
728 861
729 861
730 861
731 861
732 861
733 861
734 861
735 861
736 861
737 861
738 861
739 861
740 861
741 861
742 861
743 861
744 861
745 861
746 861
747 861
748 861
749 861
750 861
751 861
752 861
753 861
754 861
755 861
756 861
757 861
758 861
759 861
760 861
761 861
762 861
763 861
764 861
765 861
766 861
767 861
768 861
769 861
770 861
771 861
772 861
773 861
774 861
775 861
776 861
777 861
778 861
779 861
780 861
781 861
782 861
783 861
784 861
785 861
786 861
787 861
788 861
789 861
790 861
791 861
792 861
793 861
794 861
795 861
796 861
797 861
798 861
799 861
800 861
801 861
802 861
803 861
804 861
805 861
806 861
807 861
808 861
809 861
810 861
811 861
812 861
813 861
814 861
815 861
816 861
817 861
818 861
819 861
820 861
821 861
822 861
823 861
824 861
825 861
826 861
827 861
828 861
829 861
830 861
831 861
832 861
833 861
834 861
835 861
836 861
837 861
838 861
839 861
840 861
841 861
842 861
843 861
844 861
845 861
846 861
847 861
848 861
849 861
850 861
851 861
852 861
853 861
854 861
855 861
856 861
857 861
858 861
859 861
860 861
861 862
