186
185
1 185
2 185
3 185
4 185
5 185
6 185
7 185
8 185
9 185
10 185
11 185
12 185
13 185
14 185
15 185
16 185
17 185
18 185
19 185
20 185
21 185
22 185
23 185
24 185
25 185
26 185
27 185
28 185
29 185
30 185
31 185
32 185
33 185
34 185
35 185
36 185
37 185
38 185
39 185
40 185
41 185
42 185
43 185
44 185
45 185
46 185
47 185
48 185
49 185
50 185
51 185
52 185
53 185
54 185
55 185
56 185
57 185
58 185
59 185
60 185
61 185
62 185
63 185
64 185
65 185
66 185
67 185
68 185
69 185
70 185
71 185
72 185
73 185
74 185
75 185
76 185
77 185
78 185
79 185
80 185
81 185
82 185
83 185
84 185
85 185
86 185
87 185
88 185
89 185
90 185
91 185
92 185
93 185
94 185
95 185
96 185
97 185
98 185
99 185
100 185
101 185
102 185
103 185
104 185
105 185
106 185
107 185
108 185
109 185
110 185
111 185
112 185
113 185
114 185
115 185
116 185
117 185
118 185
119 185
120 185
121 185
122 185
123 185
124 185
125 185
126 185
127 185
128 185
129 185
130 185
131 185
132 185
133 185
134 185
135 185
136 185
137 185
138 185
139 185
140 185
141 185
142 185
143 185
144 185
145 185
146 185
147 185
148 185
149 185
150 185
151 185
152 185
153 185
154 185
155 185
156 185
157 185
158 185
159 185
160 185
161 185
162 185
163 185
164 185
165 185
166 185
167 185
168 185
169 185
170 185
171 185
172 185
173 185
174 185
175 185
176 185
177 185
178 185
179 185
180 185
181 185
182 185
183 185
184 185
185 186
