232
231
1 231
2 231
3 231
4 231
5 231
6 231
7 231
8 231
9 231
10 231
11 231
12 231
13 231
14 231
15 231
16 231
17 231
18 231
19 231
20 231
21 231
22 231
23 231
24 231
25 231
26 231
27 231
28 231
29 231
30 231
31 231
32 231
33 231
34 231
35 231
36 231
37 231
38 231
39 231
40 231
41 231
42 231
43 231
44 231
45 231
46 231
47 231
48 231
49 231
50 231
51 231
52 231
53 231
54 231
55 231
56 231
57 231
58 231
59 231
60 231
61 231
62 231
63 231
64 231
65 231
66 231
67 231
68 231
69 231
70 231
71 231
72 231
73 231
74 231
75 231
76 231
77 231
78 231
79 231
80 231
81 231
82 231
83 231
84 231
85 231
86 231
87 231
88 231
89 231
90 231
91 231
92 231
93 231
94 231
95 231
96 231
97 231
98 231
99 231
100 231
101 231
102 231
103 231
104 231
105 231
106 231
107 231
108 231
109 231
110 231
111 231
112 231
113 231
114 231
115 231
116 231
117 231
118 231
119 231
120 231
121 231
122 231
123 231
124 231
125 231
126 231
127 231
128 231
129 231
130 231
131 231
132 231
133 231
134 231
135 231
136 231
137 231
138 231
139 231
140 231
141 231
142 231
143 231
144 231
145 231
146 231
147 231
148 231
149 231
150 231
151 231
152 231
153 231
154 231
155 231
156 231
157 231
158 231
159 231
160 231
161 231
162 231
163 231
164 231
165 231
166 231
167 231
168 231
169 231
170 231
171 231
172 231
173 231
174 231
175 231
176 231
177 231
178 231
179 231
180 231
181 231
182 231
183 231
184 231
185 231
186 231
187 231
188 231
189 231
190 231
191 231
192 231
193 231
194 231
195 231
196 231
197 231
198 231
199 231
200 231
201 231
202 231
203 231
204 231
205 231
206 231
207 231
208 231
209 231
210 231
211 231
212 231
213 231
214 231
215 231
216 231
217 231
218 231
219 231
220 231
221 231
222 231
223 231
224 231
225 231
226 231
227 231
228 231
229 231
230 231
231 232
