866
865
1 865
2 865
3 865
4 865
5 865
6 865
7 865
8 865
9 865
10 865
11 865
12 865
13 865
14 865
15 865
16 865
17 865
18 865
19 865
20 865
21 865
22 865
23 865
24 865
25 865
26 865
27 865
28 865
29 865
30 865
31 865
32 865
33 865
34 865
35 865
36 865
37 865
38 865
39 865
40 865
41 865
42 865
43 865
44 865
45 865
46 865
47 865
48 865
49 865
50 865
51 865
52 865
53 865
54 865
55 865
56 865
57 865
58 865
59 865
60 865
61 865
62 865
63 865
64 865
65 865
66 865
67 865
68 865
69 865
70 865
71 865
72 865
73 865
74 865
75 865
76 865
77 865
78 865
79 865
80 865
81 865
82 865
83 865
84 865
85 865
86 865
87 865
88 865
89 865
90 865
91 865
92 865
93 865
94 865
95 865
96 865
97 865
98 865
99 865
100 865
101 865
102 865
103 865
104 865
105 865
106 865
107 865
108 865
109 865
110 865
111 865
112 865
113 865
114 865
115 865
116 865
117 865
118 865
119 865
120 865
121 865
122 865
123 865
124 865
125 865
126 865
127 865
128 865
129 865
130 865
131 865
132 865
133 865
134 865
135 865
136 865
137 865
138 865
139 865
140 865
141 865
142 865
143 865
144 865
145 865
146 865
147 865
148 865
149 865
150 865
151 865
152 865
153 865
154 865
155 865
156 865
157 865
158 865
159 865
160 865
161 865
162 865
163 865
164 865
165 865
166 865
167 865
168 865
169 865
170 865
171 865
172 865
173 865
174 865
175 865
176 865
177 865
178 865
179 865
180 865
181 865
182 865
183 865
184 865
185 865
186 865
187 865
188 865
189 865
190 865
191 865
192 865
193 865
194 865
195 865
196 865
197 865
198 865
199 865
200 865
201 865
202 865
203 865
204 865
205 865
206 865
207 865
208 865
209 865
210 865
211 865
212 865
213 865
214 865
215 865
216 865
217 865
218 865
219 865
220 865
221 865
222 865
223 865
224 865
225 865
226 865
227 865
228 865
229 865
230 865
231 865
232 865
233 865
234 865
235 865
236 865
237 865
238 865
239 865
240 865
241 865
242 865
243 865
244 865
245 865
246 865
247 865
248 865
249 865
250 865
251 865
252 865
253 865
254 865
255 865
256 865
257 865
258 865
259 865
260 865
261 865
262 865
263 865
264 865
265 865
266 865
267 865
268 865
269 865
270 865
271 865
272 865
273 865
274 865
275 865
276 865
277 865
278 865
279 865
280 865
281 865
282 865
283 865
284 865
285 865
286 865
287 865
288 865
289 865
290 865
291 865
292 865
293 865
294 865
295 865
296 865
297 865
298 865
299 865
300 865
301 865
302 865
303 865
304 865
305 865
306 865
307 865
308 865
309 865
310 865
311 865
312 865
313 865
314 865
315 865
316 865
317 865
318 865
319 865
320 865
321 865
322 865
323 865
324 865
325 865
326 865
327 865
328 865
329 865
330 865
331 865
332 865
333 865
334 865
335 865
336 865
337 865
338 865
339 865
340 865
341 865
342 865
343 865
344 865
345 865
346 865
347 865
348 865
349 865
350 865
351 865
352 865
353 865
354 865
355 865
356 865
357 865
358 865
359 865
360 865
361 865
362 865
363 865
364 865
365 865
366 865
367 865
368 865
369 865
370 865
371 865
372 865
373 865
374 865
375 865
376 865
377 865
378 865
379 865
380 865
381 865
382 865
383 865
384 865
385 865
386 865
387 865
388 865
389 865
390 865
391 865
392 865
393 865
394 865
395 865
396 865
397 865
398 865
399 865
400 865
401 865
402 865
403 865
404 865
405 865
406 865
407 865
408 865
409 865
410 865
411 865
412 865
413 865
414 865
415 865
416 865
417 865
418 865
419 865
420 865
421 865
422 865
423 865
424 865
425 865
426 865
427 865
428 865
429 865
430 865
431 865
432 865
433 865
434 865
435 865
436 865
437 865
438 865
439 865
440 865
441 865
442 865
443 865
444 865
445 865
446 865
447 865
448 865
449 865
450 865
451 865
452 865
453 865
454 865
455 865
456 865
457 865
458 865
459 865
460 865
461 865
462 865
463 865
464 865
465 865
466 865
467 865
468 865
469 865
470 865
471 865
472 865
473 865
474 865
475 865
476 865
477 865
478 865
479 865
480 865
481 865
482 865
483 865
484 865
485 865
486 865
487 865
488 865
489 865
490 865
491 865
492 865
493 865
494 865
495 865
496 865
497 865
498 865
499 865
500 865
501 865
502 865
503 865
504 865
505 865
506 865
507 865
508 865
509 865
510 865
511 865
512 865
513 865
514 865
515 865
516 865
517 865
518 865
519 865
520 865
521 865
522 865
523 865
524 865
525 865
526 865
527 865
528 865
529 865
530 865
531 865
532 865
533 865
534 865
535 865
536 865
537 865
538 865
539 865
540 865
541 865
542 865
543 865
544 865
545 865
546 865
547 865
548 865
549 865
550 865
551 865
552 865
553 865
554 865
555 865
556 865
557 865
558 865
559 865
560 865
561 865
562 865
563 865
564 865
565 865
566 865
567 865
568 865
569 865
570 865
571 865
572 865
573 865
574 865
575 865
576 865
577 865
578 865
579 865
580 865
581 865
582 865
583 865
584 865
585 865
586 865
587 865
588 865
589 865
590 865
591 865
592 865
593 865
594 865
595 865
596 865
597 865
598 865
599 865
600 865
601 865
602 865
603 865
604 865
605 865
606 865
607 865
608 865
609 865
610 865
611 865
612 865
613 865
614 865
615 865
616 865
617 865
618 865
619 865
620 865
621 865
622 865
623 865
624 865
625 865
626 865
627 865
628 865
629 865
630 865
631 865
632 865
633 865
634 865
635 865
636 865
637 865
638 865
639 865
640 865
641 865
642 865
643 865
644 865
645 865
646 865
647 865
648 865
649 865
650 865
651 865
652 865
653 865
654 865
655 865
656 865
657 865
658 865
659 865
660 865
661 865
662 865
663 865
664 865
665 865
666 865
667 865
668 865
669 865
670 865
671 865
672 865
673 865
674 865
675 865
676 865
677 865
678 865
679 865
680 865
681 865
682 865
683 865
684 865
685 865
686 865
687 865
688 865
689 865
690 865
691 865
692 865
693 865
694 865
695 865
696 865
697 865
698 865
699 865
700 865
701 865
702 865
703 865
704 865
705 865
706 865
707 865
708 865
709 865
710 865
711 865
712 865
713 865
714 865
715 865
716 865
717 865
718 865
719 865
720 865
721 865
722 865
723 865
724 865
725 865
726 865
727 865
728 865
729 865
730 865
731 865
732 865
733 865
734 865
735 865
736 865
737 865
738 865
739 865
740 865
741 865
742 865
743 865
744 865
745 865
746 865
747 865
748 865
749 865
750 865
751 865
752 865
753 865
754 865
755 865
756 865
757 865
758 865
759 865
760 865
761 865
762 865
763 865
764 865
765 865
766 865
767 865
768 865
769 865
770 865
771 865
772 865
773 865
774 865
775 865
776 865
777 865
778 865
779 865
780 865
781 865
782 865
783 865
784 865
785 865
786 865
787 865
788 865
789 865
790 865
791 865
792 865
793 865
794 865
795 865
796 865
797 865
798 865
799 865
800 865
801 865
802 865
803 865
804 865
805 865
806 865
807 865
808 865
809 865
810 865
811 865
812 865
813 865
814 865
815 865
816 865
817 865
818 865
819 865
820 865
821 865
822 865
823 865
824 865
825 865
826 865
827 865
828 865
829 865
830 865
831 865
832 865
833 865
834 865
835 865
836 865
837 865
838 865
839 865
840 865
841 865
842 865
843 865
844 865
845 865
846 865
847 865
848 865
849 865
850 865
851 865
852 865
853 865
854 865
855 865
856 865
857 865
858 865
859 865
860 865
861 865
862 865
863 865
864 865
865 866
