155
154
1 154
2 154
3 154
4 154
5 154
6 154
7 154
8 154
9 154
10 154
11 154
12 154
13 154
14 154
15 154
16 154
17 154
18 154
19 154
20 154
21 154
22 154
23 154
24 154
25 154
26 154
27 154
28 154
29 154
30 154
31 154
32 154
33 154
34 154
35 154
36 154
37 154
38 154
39 154
40 154
41 154
42 154
43 154
44 154
45 154
46 154
47 154
48 154
49 154
50 154
51 154
52 154
53 154
54 154
55 154
56 154
57 154
58 154
59 154
60 154
61 154
62 154
63 154
64 154
65 154
66 154
67 154
68 154
69 154
70 154
71 154
72 154
73 154
74 154
75 154
76 154
77 154
78 154
79 154
80 154
81 154
82 154
83 154
84 154
85 154
86 154
87 154
88 154
89 154
90 154
91 154
92 154
93 154
94 154
95 154
96 154
97 154
98 154
99 154
100 154
101 154
102 154
103 154
104 154
105 154
106 154
107 154
108 154
109 154
110 154
111 154
112 154
113 154
114 154
115 154
116 154
117 154
118 154
119 154
120 154
121 154
122 154
123 154
124 154
125 154
126 154
127 154
128 154
129 154
130 154
131 154
132 154
133 154
134 154
135 154
136 154
137 154
138 154
139 154
140 154
141 154
142 154
143 154
144 154
145 154
146 154
147 154
148 154
149 154
150 154
151 154
152 154
153 154
154 155
