723
722
1 722
2 722
3 722
4 722
5 722
6 722
7 722
8 722
9 722
10 722
11 722
12 722
13 722
14 722
15 722
16 722
17 722
18 722
19 722
20 722
21 722
22 722
23 722
24 722
25 722
26 722
27 722
28 722
29 722
30 722
31 722
32 722
33 722
34 722
35 722
36 722
37 722
38 722
39 722
40 722
41 722
42 722
43 722
44 722
45 722
46 722
47 722
48 722
49 722
50 722
51 722
52 722
53 722
54 722
55 722
56 722
57 722
58 722
59 722
60 722
61 722
62 722
63 722
64 722
65 722
66 722
67 722
68 722
69 722
70 722
71 722
72 722
73 722
74 722
75 722
76 722
77 722
78 722
79 722
80 722
81 722
82 722
83 722
84 722
85 722
86 722
87 722
88 722
89 722
90 722
91 722
92 722
93 722
94 722
95 722
96 722
97 722
98 722
99 722
100 722
101 722
102 722
103 722
104 722
105 722
106 722
107 722
108 722
109 722
110 722
111 722
112 722
113 722
114 722
115 722
116 722
117 722
118 722
119 722
120 722
121 722
122 722
123 722
124 722
125 722
126 722
127 722
128 722
129 722
130 722
131 722
132 722
133 722
134 722
135 722
136 722
137 722
138 722
139 722
140 722
141 722
142 722
143 722
144 722
145 722
146 722
147 722
148 722
149 722
150 722
151 722
152 722
153 722
154 722
155 722
156 722
157 722
158 722
159 722
160 722
161 722
162 722
163 722
164 722
165 722
166 722
167 722
168 722
169 722
170 722
171 722
172 722
173 722
174 722
175 722
176 722
177 722
178 722
179 722
180 722
181 722
182 722
183 722
184 722
185 722
186 722
187 722
188 722
189 722
190 722
191 722
192 722
193 722
194 722
195 722
196 722
197 722
198 722
199 722
200 722
201 722
202 722
203 722
204 722
205 722
206 722
207 722
208 722
209 722
210 722
211 722
212 722
213 722
214 722
215 722
216 722
217 722
218 722
219 722
220 722
221 722
222 722
223 722
224 722
225 722
226 722
227 722
228 722
229 722
230 722
231 722
232 722
233 722
234 722
235 722
236 722
237 722
238 722
239 722
240 722
241 722
242 722
243 722
244 722
245 722
246 722
247 722
248 722
249 722
250 722
251 722
252 722
253 722
254 722
255 722
256 722
257 722
258 722
259 722
260 722
261 722
262 722
263 722
264 722
265 722
266 722
267 722
268 722
269 722
270 722
271 722
272 722
273 722
274 722
275 722
276 722
277 722
278 722
279 722
280 722
281 722
282 722
283 722
284 722
285 722
286 722
287 722
288 722
289 722
290 722
291 722
292 722
293 722
294 722
295 722
296 722
297 722
298 722
299 722
300 722
301 722
302 722
303 722
304 722
305 722
306 722
307 722
308 722
309 722
310 722
311 722
312 722
313 722
314 722
315 722
316 722
317 722
318 722
319 722
320 722
321 722
322 722
323 722
324 722
325 722
326 722
327 722
328 722
329 722
330 722
331 722
332 722
333 722
334 722
335 722
336 722
337 722
338 722
339 722
340 722
341 722
342 722
343 722
344 722
345 722
346 722
347 722
348 722
349 722
350 722
351 722
352 722
353 722
354 722
355 722
356 722
357 722
358 722
359 722
360 722
361 722
362 722
363 722
364 722
365 722
366 722
367 722
368 722
369 722
370 722
371 722
372 722
373 722
374 722
375 722
376 722
377 722
378 722
379 722
380 722
381 722
382 722
383 722
384 722
385 722
386 722
387 722
388 722
389 722
390 722
391 722
392 722
393 722
394 722
395 722
396 722
397 722
398 722
399 722
400 722
401 722
402 722
403 722
404 722
405 722
406 722
407 722
408 722
409 722
410 722
411 722
412 722
413 722
414 722
415 722
416 722
417 722
418 722
419 722
420 722
421 722
422 722
423 722
424 722
425 722
426 722
427 722
428 722
429 722
430 722
431 722
432 722
433 722
434 722
435 722
436 722
437 722
438 722
439 722
440 722
441 722
442 722
443 722
444 722
445 722
446 722
447 722
448 722
449 722
450 722
451 722
452 722
453 722
454 722
455 722
456 722
457 722
458 722
459 722
460 722
461 722
462 722
463 722
464 722
465 722
466 722
467 722
468 722
469 722
470 722
471 722
472 722
473 722
474 722
475 722
476 722
477 722
478 722
479 722
480 722
481 722
482 722
483 722
484 722
485 722
486 722
487 722
488 722
489 722
490 722
491 722
492 722
493 722
494 722
495 722
496 722
497 722
498 722
499 722
500 722
501 722
502 722
503 722
504 722
505 722
506 722
507 722
508 722
509 722
510 722
511 722
512 722
513 722
514 722
515 722
516 722
517 722
518 722
519 722
520 722
521 722
522 722
523 722
524 722
525 722
526 722
527 722
528 722
529 722
530 722
531 722
532 722
533 722
534 722
535 722
536 722
537 722
538 722
539 722
540 722
541 722
542 722
543 722
544 722
545 722
546 722
547 722
548 722
549 722
550 722
551 722
552 722
553 722
554 722
555 722
556 722
557 722
558 722
559 722
560 722
561 722
562 722
563 722
564 722
565 722
566 722
567 722
568 722
569 722
570 722
571 722
572 722
573 722
574 722
575 722
576 722
577 722
578 722
579 722
580 722
581 722
582 722
583 722
584 722
585 722
586 722
587 722
588 722
589 722
590 722
591 722
592 722
593 722
594 722
595 722
596 722
597 722
598 722
599 722
600 722
601 722
602 722
603 722
604 722
605 722
606 722
607 722
608 722
609 722
610 722
611 722
612 722
613 722
614 722
615 722
616 722
617 722
618 722
619 722
620 722
621 722
622 722
623 722
624 722
625 722
626 722
627 722
628 722
629 722
630 722
631 722
632 722
633 722
634 722
635 722
636 722
637 722
638 722
639 722
640 722
641 722
642 722
643 722
644 722
645 722
646 722
647 722
648 722
649 722
650 722
651 722
652 722
653 722
654 722
655 722
656 722
657 722
658 722
659 722
660 722
661 722
662 722
663 722
664 722
665 722
666 722
667 722
668 722
669 722
670 722
671 722
672 722
673 722
674 722
675 722
676 722
677 722
678 722
679 722
680 722
681 722
682 722
683 722
684 722
685 722
686 722
687 722
688 722
689 722
690 722
691 722
692 722
693 722
694 722
695 722
696 722
697 722
698 722
699 722
700 722
701 722
702 722
703 722
704 722
705 722
706 722
707 722
708 722
709 722
710 722
711 722
712 722
713 722
714 722
715 722
716 722
717 722
718 722
719 722
720 722
721 722
722 723
