711
710
1 710
2 710
3 710
4 710
5 710
6 710
7 710
8 710
9 710
10 710
11 710
12 710
13 710
14 710
15 710
16 710
17 710
18 710
19 710
20 710
21 710
22 710
23 710
24 710
25 710
26 710
27 710
28 710
29 710
30 710
31 710
32 710
33 710
34 710
35 710
36 710
37 710
38 710
39 710
40 710
41 710
42 710
43 710
44 710
45 710
46 710
47 710
48 710
49 710
50 710
51 710
52 710
53 710
54 710
55 710
56 710
57 710
58 710
59 710
60 710
61 710
62 710
63 710
64 710
65 710
66 710
67 710
68 710
69 710
70 710
71 710
72 710
73 710
74 710
75 710
76 710
77 710
78 710
79 710
80 710
81 710
82 710
83 710
84 710
85 710
86 710
87 710
88 710
89 710
90 710
91 710
92 710
93 710
94 710
95 710
96 710
97 710
98 710
99 710
100 710
101 710
102 710
103 710
104 710
105 710
106 710
107 710
108 710
109 710
110 710
111 710
112 710
113 710
114 710
115 710
116 710
117 710
118 710
119 710
120 710
121 710
122 710
123 710
124 710
125 710
126 710
127 710
128 710
129 710
130 710
131 710
132 710
133 710
134 710
135 710
136 710
137 710
138 710
139 710
140 710
141 710
142 710
143 710
144 710
145 710
146 710
147 710
148 710
149 710
150 710
151 710
152 710
153 710
154 710
155 710
156 710
157 710
158 710
159 710
160 710
161 710
162 710
163 710
164 710
165 710
166 710
167 710
168 710
169 710
170 710
171 710
172 710
173 710
174 710
175 710
176 710
177 710
178 710
179 710
180 710
181 710
182 710
183 710
184 710
185 710
186 710
187 710
188 710
189 710
190 710
191 710
192 710
193 710
194 710
195 710
196 710
197 710
198 710
199 710
200 710
201 710
202 710
203 710
204 710
205 710
206 710
207 710
208 710
209 710
210 710
211 710
212 710
213 710
214 710
215 710
216 710
217 710
218 710
219 710
220 710
221 710
222 710
223 710
224 710
225 710
226 710
227 710
228 710
229 710
230 710
231 710
232 710
233 710
234 710
235 710
236 710
237 710
238 710
239 710
240 710
241 710
242 710
243 710
244 710
245 710
246 710
247 710
248 710
249 710
250 710
251 710
252 710
253 710
254 710
255 710
256 710
257 710
258 710
259 710
260 710
261 710
262 710
263 710
264 710
265 710
266 710
267 710
268 710
269 710
270 710
271 710
272 710
273 710
274 710
275 710
276 710
277 710
278 710
279 710
280 710
281 710
282 710
283 710
284 710
285 710
286 710
287 710
288 710
289 710
290 710
291 710
292 710
293 710
294 710
295 710
296 710
297 710
298 710
299 710
300 710
301 710
302 710
303 710
304 710
305 710
306 710
307 710
308 710
309 710
310 710
311 710
312 710
313 710
314 710
315 710
316 710
317 710
318 710
319 710
320 710
321 710
322 710
323 710
324 710
325 710
326 710
327 710
328 710
329 710
330 710
331 710
332 710
333 710
334 710
335 710
336 710
337 710
338 710
339 710
340 710
341 710
342 710
343 710
344 710
345 710
346 710
347 710
348 710
349 710
350 710
351 710
352 710
353 710
354 710
355 710
356 710
357 710
358 710
359 710
360 710
361 710
362 710
363 710
364 710
365 710
366 710
367 710
368 710
369 710
370 710
371 710
372 710
373 710
374 710
375 710
376 710
377 710
378 710
379 710
380 710
381 710
382 710
383 710
384 710
385 710
386 710
387 710
388 710
389 710
390 710
391 710
392 710
393 710
394 710
395 710
396 710
397 710
398 710
399 710
400 710
401 710
402 710
403 710
404 710
405 710
406 710
407 710
408 710
409 710
410 710
411 710
412 710
413 710
414 710
415 710
416 710
417 710
418 710
419 710
420 710
421 710
422 710
423 710
424 710
425 710
426 710
427 710
428 710
429 710
430 710
431 710
432 710
433 710
434 710
435 710
436 710
437 710
438 710
439 710
440 710
441 710
442 710
443 710
444 710
445 710
446 710
447 710
448 710
449 710
450 710
451 710
452 710
453 710
454 710
455 710
456 710
457 710
458 710
459 710
460 710
461 710
462 710
463 710
464 710
465 710
466 710
467 710
468 710
469 710
470 710
471 710
472 710
473 710
474 710
475 710
476 710
477 710
478 710
479 710
480 710
481 710
482 710
483 710
484 710
485 710
486 710
487 710
488 710
489 710
490 710
491 710
492 710
493 710
494 710
495 710
496 710
497 710
498 710
499 710
500 710
501 710
502 710
503 710
504 710
505 710
506 710
507 710
508 710
509 710
510 710
511 710
512 710
513 710
514 710
515 710
516 710
517 710
518 710
519 710
520 710
521 710
522 710
523 710
524 710
525 710
526 710
527 710
528 710
529 710
530 710
531 710
532 710
533 710
534 710
535 710
536 710
537 710
538 710
539 710
540 710
541 710
542 710
543 710
544 710
545 710
546 710
547 710
548 710
549 710
550 710
551 710
552 710
553 710
554 710
555 710
556 710
557 710
558 710
559 710
560 710
561 710
562 710
563 710
564 710
565 710
566 710
567 710
568 710
569 710
570 710
571 710
572 710
573 710
574 710
575 710
576 710
577 710
578 710
579 710
580 710
581 710
582 710
583 710
584 710
585 710
586 710
587 710
588 710
589 710
590 710
591 710
592 710
593 710
594 710
595 710
596 710
597 710
598 710
599 710
600 710
601 710
602 710
603 710
604 710
605 710
606 710
607 710
608 710
609 710
610 710
611 710
612 710
613 710
614 710
615 710
616 710
617 710
618 710
619 710
620 710
621 710
622 710
623 710
624 710
625 710
626 710
627 710
628 710
629 710
630 710
631 710
632 710
633 710
634 710
635 710
636 710
637 710
638 710
639 710
640 710
641 710
642 710
643 710
644 710
645 710
646 710
647 710
648 710
649 710
650 710
651 710
652 710
653 710
654 710
655 710
656 710
657 710
658 710
659 710
660 710
661 710
662 710
663 710
664 710
665 710
666 710
667 710
668 710
669 710
670 710
671 710
672 710
673 710
674 710
675 710
676 710
677 710
678 710
679 710
680 710
681 710
682 710
683 710
684 710
685 710
686 710
687 710
688 710
689 710
690 710
691 710
692 710
693 710
694 710
695 710
696 710
697 710
698 710
699 710
700 710
701 710
702 710
703 710
704 710
705 710
706 710
707 710
708 710
709 710
710 711
