804
803
1 803
2 803
3 803
4 803
5 803
6 803
7 803
8 803
9 803
10 803
11 803
12 803
13 803
14 803
15 803
16 803
17 803
18 803
19 803
20 803
21 803
22 803
23 803
24 803
25 803
26 803
27 803
28 803
29 803
30 803
31 803
32 803
33 803
34 803
35 803
36 803
37 803
38 803
39 803
40 803
41 803
42 803
43 803
44 803
45 803
46 803
47 803
48 803
49 803
50 803
51 803
52 803
53 803
54 803
55 803
56 803
57 803
58 803
59 803
60 803
61 803
62 803
63 803
64 803
65 803
66 803
67 803
68 803
69 803
70 803
71 803
72 803
73 803
74 803
75 803
76 803
77 803
78 803
79 803
80 803
81 803
82 803
83 803
84 803
85 803
86 803
87 803
88 803
89 803
90 803
91 803
92 803
93 803
94 803
95 803
96 803
97 803
98 803
99 803
100 803
101 803
102 803
103 803
104 803
105 803
106 803
107 803
108 803
109 803
110 803
111 803
112 803
113 803
114 803
115 803
116 803
117 803
118 803
119 803
120 803
121 803
122 803
123 803
124 803
125 803
126 803
127 803
128 803
129 803
130 803
131 803
132 803
133 803
134 803
135 803
136 803
137 803
138 803
139 803
140 803
141 803
142 803
143 803
144 803
145 803
146 803
147 803
148 803
149 803
150 803
151 803
152 803
153 803
154 803
155 803
156 803
157 803
158 803
159 803
160 803
161 803
162 803
163 803
164 803
165 803
166 803
167 803
168 803
169 803
170 803
171 803
172 803
173 803
174 803
175 803
176 803
177 803
178 803
179 803
180 803
181 803
182 803
183 803
184 803
185 803
186 803
187 803
188 803
189 803
190 803
191 803
192 803
193 803
194 803
195 803
196 803
197 803
198 803
199 803
200 803
201 803
202 803
203 803
204 803
205 803
206 803
207 803
208 803
209 803
210 803
211 803
212 803
213 803
214 803
215 803
216 803
217 803
218 803
219 803
220 803
221 803
222 803
223 803
224 803
225 803
226 803
227 803
228 803
229 803
230 803
231 803
232 803
233 803
234 803
235 803
236 803
237 803
238 803
239 803
240 803
241 803
242 803
243 803
244 803
245 803
246 803
247 803
248 803
249 803
250 803
251 803
252 803
253 803
254 803
255 803
256 803
257 803
258 803
259 803
260 803
261 803
262 803
263 803
264 803
265 803
266 803
267 803
268 803
269 803
270 803
271 803
272 803
273 803
274 803
275 803
276 803
277 803
278 803
279 803
280 803
281 803
282 803
283 803
284 803
285 803
286 803
287 803
288 803
289 803
290 803
291 803
292 803
293 803
294 803
295 803
296 803
297 803
298 803
299 803
300 803
301 803
302 803
303 803
304 803
305 803
306 803
307 803
308 803
309 803
310 803
311 803
312 803
313 803
314 803
315 803
316 803
317 803
318 803
319 803
320 803
321 803
322 803
323 803
324 803
325 803
326 803
327 803
328 803
329 803
330 803
331 803
332 803
333 803
334 803
335 803
336 803
337 803
338 803
339 803
340 803
341 803
342 803
343 803
344 803
345 803
346 803
347 803
348 803
349 803
350 803
351 803
352 803
353 803
354 803
355 803
356 803
357 803
358 803
359 803
360 803
361 803
362 803
363 803
364 803
365 803
366 803
367 803
368 803
369 803
370 803
371 803
372 803
373 803
374 803
375 803
376 803
377 803
378 803
379 803
380 803
381 803
382 803
383 803
384 803
385 803
386 803
387 803
388 803
389 803
390 803
391 803
392 803
393 803
394 803
395 803
396 803
397 803
398 803
399 803
400 803
401 803
402 803
403 803
404 803
405 803
406 803
407 803
408 803
409 803
410 803
411 803
412 803
413 803
414 803
415 803
416 803
417 803
418 803
419 803
420 803
421 803
422 803
423 803
424 803
425 803
426 803
427 803
428 803
429 803
430 803
431 803
432 803
433 803
434 803
435 803
436 803
437 803
438 803
439 803
440 803
441 803
442 803
443 803
444 803
445 803
446 803
447 803
448 803
449 803
450 803
451 803
452 803
453 803
454 803
455 803
456 803
457 803
458 803
459 803
460 803
461 803
462 803
463 803
464 803
465 803
466 803
467 803
468 803
469 803
470 803
471 803
472 803
473 803
474 803
475 803
476 803
477 803
478 803
479 803
480 803
481 803
482 803
483 803
484 803
485 803
486 803
487 803
488 803
489 803
490 803
491 803
492 803
493 803
494 803
495 803
496 803
497 803
498 803
499 803
500 803
501 803
502 803
503 803
504 803
505 803
506 803
507 803
508 803
509 803
510 803
511 803
512 803
513 803
514 803
515 803
516 803
517 803
518 803
519 803
520 803
521 803
522 803
523 803
524 803
525 803
526 803
527 803
528 803
529 803
530 803
531 803
532 803
533 803
534 803
535 803
536 803
537 803
538 803
539 803
540 803
541 803
542 803
543 803
544 803
545 803
546 803
547 803
548 803
549 803
550 803
551 803
552 803
553 803
554 803
555 803
556 803
557 803
558 803
559 803
560 803
561 803
562 803
563 803
564 803
565 803
566 803
567 803
568 803
569 803
570 803
571 803
572 803
573 803
574 803
575 803
576 803
577 803
578 803
579 803
580 803
581 803
582 803
583 803
584 803
585 803
586 803
587 803
588 803
589 803
590 803
591 803
592 803
593 803
594 803
595 803
596 803
597 803
598 803
599 803
600 803
601 803
602 803
603 803
604 803
605 803
606 803
607 803
608 803
609 803
610 803
611 803
612 803
613 803
614 803
615 803
616 803
617 803
618 803
619 803
620 803
621 803
622 803
623 803
624 803
625 803
626 803
627 803
628 803
629 803
630 803
631 803
632 803
633 803
634 803
635 803
636 803
637 803
638 803
639 803
640 803
641 803
642 803
643 803
644 803
645 803
646 803
647 803
648 803
649 803
650 803
651 803
652 803
653 803
654 803
655 803
656 803
657 803
658 803
659 803
660 803
661 803
662 803
663 803
664 803
665 803
666 803
667 803
668 803
669 803
670 803
671 803
672 803
673 803
674 803
675 803
676 803
677 803
678 803
679 803
680 803
681 803
682 803
683 803
684 803
685 803
686 803
687 803
688 803
689 803
690 803
691 803
692 803
693 803
694 803
695 803
696 803
697 803
698 803
699 803
700 803
701 803
702 803
703 803
704 803
705 803
706 803
707 803
708 803
709 803
710 803
711 803
712 803
713 803
714 803
715 803
716 803
717 803
718 803
719 803
720 803
721 803
722 803
723 803
724 803
725 803
726 803
727 803
728 803
729 803
730 803
731 803
732 803
733 803
734 803
735 803
736 803
737 803
738 803
739 803
740 803
741 803
742 803
743 803
744 803
745 803
746 803
747 803
748 803
749 803
750 803
751 803
752 803
753 803
754 803
755 803
756 803
757 803
758 803
759 803
760 803
761 803
762 803
763 803
764 803
765 803
766 803
767 803
768 803
769 803
770 803
771 803
772 803
773 803
774 803
775 803
776 803
777 803
778 803
779 803
780 803
781 803
782 803
783 803
784 803
785 803
786 803
787 803
788 803
789 803
790 803
791 803
792 803
793 803
794 803
795 803
796 803
797 803
798 803
799 803
800 803
801 803
802 803
803 804
