596
595
1 595
2 595
3 595
4 595
5 595
6 595
7 595
8 595
9 595
10 595
11 595
12 595
13 595
14 595
15 595
16 595
17 595
18 595
19 595
20 595
21 595
22 595
23 595
24 595
25 595
26 595
27 595
28 595
29 595
30 595
31 595
32 595
33 595
34 595
35 595
36 595
37 595
38 595
39 595
40 595
41 595
42 595
43 595
44 595
45 595
46 595
47 595
48 595
49 595
50 595
51 595
52 595
53 595
54 595
55 595
56 595
57 595
58 595
59 595
60 595
61 595
62 595
63 595
64 595
65 595
66 595
67 595
68 595
69 595
70 595
71 595
72 595
73 595
74 595
75 595
76 595
77 595
78 595
79 595
80 595
81 595
82 595
83 595
84 595
85 595
86 595
87 595
88 595
89 595
90 595
91 595
92 595
93 595
94 595
95 595
96 595
97 595
98 595
99 595
100 595
101 595
102 595
103 595
104 595
105 595
106 595
107 595
108 595
109 595
110 595
111 595
112 595
113 595
114 595
115 595
116 595
117 595
118 595
119 595
120 595
121 595
122 595
123 595
124 595
125 595
126 595
127 595
128 595
129 595
130 595
131 595
132 595
133 595
134 595
135 595
136 595
137 595
138 595
139 595
140 595
141 595
142 595
143 595
144 595
145 595
146 595
147 595
148 595
149 595
150 595
151 595
152 595
153 595
154 595
155 595
156 595
157 595
158 595
159 595
160 595
161 595
162 595
163 595
164 595
165 595
166 595
167 595
168 595
169 595
170 595
171 595
172 595
173 595
174 595
175 595
176 595
177 595
178 595
179 595
180 595
181 595
182 595
183 595
184 595
185 595
186 595
187 595
188 595
189 595
190 595
191 595
192 595
193 595
194 595
195 595
196 595
197 595
198 595
199 595
200 595
201 595
202 595
203 595
204 595
205 595
206 595
207 595
208 595
209 595
210 595
211 595
212 595
213 595
214 595
215 595
216 595
217 595
218 595
219 595
220 595
221 595
222 595
223 595
224 595
225 595
226 595
227 595
228 595
229 595
230 595
231 595
232 595
233 595
234 595
235 595
236 595
237 595
238 595
239 595
240 595
241 595
242 595
243 595
244 595
245 595
246 595
247 595
248 595
249 595
250 595
251 595
252 595
253 595
254 595
255 595
256 595
257 595
258 595
259 595
260 595
261 595
262 595
263 595
264 595
265 595
266 595
267 595
268 595
269 595
270 595
271 595
272 595
273 595
274 595
275 595
276 595
277 595
278 595
279 595
280 595
281 595
282 595
283 595
284 595
285 595
286 595
287 595
288 595
289 595
290 595
291 595
292 595
293 595
294 595
295 595
296 595
297 595
298 595
299 595
300 595
301 595
302 595
303 595
304 595
305 595
306 595
307 595
308 595
309 595
310 595
311 595
312 595
313 595
314 595
315 595
316 595
317 595
318 595
319 595
320 595
321 595
322 595
323 595
324 595
325 595
326 595
327 595
328 595
329 595
330 595
331 595
332 595
333 595
334 595
335 595
336 595
337 595
338 595
339 595
340 595
341 595
342 595
343 595
344 595
345 595
346 595
347 595
348 595
349 595
350 595
351 595
352 595
353 595
354 595
355 595
356 595
357 595
358 595
359 595
360 595
361 595
362 595
363 595
364 595
365 595
366 595
367 595
368 595
369 595
370 595
371 595
372 595
373 595
374 595
375 595
376 595
377 595
378 595
379 595
380 595
381 595
382 595
383 595
384 595
385 595
386 595
387 595
388 595
389 595
390 595
391 595
392 595
393 595
394 595
395 595
396 595
397 595
398 595
399 595
400 595
401 595
402 595
403 595
404 595
405 595
406 595
407 595
408 595
409 595
410 595
411 595
412 595
413 595
414 595
415 595
416 595
417 595
418 595
419 595
420 595
421 595
422 595
423 595
424 595
425 595
426 595
427 595
428 595
429 595
430 595
431 595
432 595
433 595
434 595
435 595
436 595
437 595
438 595
439 595
440 595
441 595
442 595
443 595
444 595
445 595
446 595
447 595
448 595
449 595
450 595
451 595
452 595
453 595
454 595
455 595
456 595
457 595
458 595
459 595
460 595
461 595
462 595
463 595
464 595
465 595
466 595
467 595
468 595
469 595
470 595
471 595
472 595
473 595
474 595
475 595
476 595
477 595
478 595
479 595
480 595
481 595
482 595
483 595
484 595
485 595
486 595
487 595
488 595
489 595
490 595
491 595
492 595
493 595
494 595
495 595
496 595
497 595
498 595
499 595
500 595
501 595
502 595
503 595
504 595
505 595
506 595
507 595
508 595
509 595
510 595
511 595
512 595
513 595
514 595
515 595
516 595
517 595
518 595
519 595
520 595
521 595
522 595
523 595
524 595
525 595
526 595
527 595
528 595
529 595
530 595
531 595
532 595
533 595
534 595
535 595
536 595
537 595
538 595
539 595
540 595
541 595
542 595
543 595
544 595
545 595
546 595
547 595
548 595
549 595
550 595
551 595
552 595
553 595
554 595
555 595
556 595
557 595
558 595
559 595
560 595
561 595
562 595
563 595
564 595
565 595
566 595
567 595
568 595
569 595
570 595
571 595
572 595
573 595
574 595
575 595
576 595
577 595
578 595
579 595
580 595
581 595
582 595
583 595
584 595
585 595
586 595
587 595
588 595
589 595
590 595
591 595
592 595
593 595
594 595
595 596
