610
609
1 609
2 609
3 609
4 609
5 609
6 609
7 609
8 609
9 609
10 609
11 609
12 609
13 609
14 609
15 609
16 609
17 609
18 609
19 609
20 609
21 609
22 609
23 609
24 609
25 609
26 609
27 609
28 609
29 609
30 609
31 609
32 609
33 609
34 609
35 609
36 609
37 609
38 609
39 609
40 609
41 609
42 609
43 609
44 609
45 609
46 609
47 609
48 609
49 609
50 609
51 609
52 609
53 609
54 609
55 609
56 609
57 609
58 609
59 609
60 609
61 609
62 609
63 609
64 609
65 609
66 609
67 609
68 609
69 609
70 609
71 609
72 609
73 609
74 609
75 609
76 609
77 609
78 609
79 609
80 609
81 609
82 609
83 609
84 609
85 609
86 609
87 609
88 609
89 609
90 609
91 609
92 609
93 609
94 609
95 609
96 609
97 609
98 609
99 609
100 609
101 609
102 609
103 609
104 609
105 609
106 609
107 609
108 609
109 609
110 609
111 609
112 609
113 609
114 609
115 609
116 609
117 609
118 609
119 609
120 609
121 609
122 609
123 609
124 609
125 609
126 609
127 609
128 609
129 609
130 609
131 609
132 609
133 609
134 609
135 609
136 609
137 609
138 609
139 609
140 609
141 609
142 609
143 609
144 609
145 609
146 609
147 609
148 609
149 609
150 609
151 609
152 609
153 609
154 609
155 609
156 609
157 609
158 609
159 609
160 609
161 609
162 609
163 609
164 609
165 609
166 609
167 609
168 609
169 609
170 609
171 609
172 609
173 609
174 609
175 609
176 609
177 609
178 609
179 609
180 609
181 609
182 609
183 609
184 609
185 609
186 609
187 609
188 609
189 609
190 609
191 609
192 609
193 609
194 609
195 609
196 609
197 609
198 609
199 609
200 609
201 609
202 609
203 609
204 609
205 609
206 609
207 609
208 609
209 609
210 609
211 609
212 609
213 609
214 609
215 609
216 609
217 609
218 609
219 609
220 609
221 609
222 609
223 609
224 609
225 609
226 609
227 609
228 609
229 609
230 609
231 609
232 609
233 609
234 609
235 609
236 609
237 609
238 609
239 609
240 609
241 609
242 609
243 609
244 609
245 609
246 609
247 609
248 609
249 609
250 609
251 609
252 609
253 609
254 609
255 609
256 609
257 609
258 609
259 609
260 609
261 609
262 609
263 609
264 609
265 609
266 609
267 609
268 609
269 609
270 609
271 609
272 609
273 609
274 609
275 609
276 609
277 609
278 609
279 609
280 609
281 609
282 609
283 609
284 609
285 609
286 609
287 609
288 609
289 609
290 609
291 609
292 609
293 609
294 609
295 609
296 609
297 609
298 609
299 609
300 609
301 609
302 609
303 609
304 609
305 609
306 609
307 609
308 609
309 609
310 609
311 609
312 609
313 609
314 609
315 609
316 609
317 609
318 609
319 609
320 609
321 609
322 609
323 609
324 609
325 609
326 609
327 609
328 609
329 609
330 609
331 609
332 609
333 609
334 609
335 609
336 609
337 609
338 609
339 609
340 609
341 609
342 609
343 609
344 609
345 609
346 609
347 609
348 609
349 609
350 609
351 609
352 609
353 609
354 609
355 609
356 609
357 609
358 609
359 609
360 609
361 609
362 609
363 609
364 609
365 609
366 609
367 609
368 609
369 609
370 609
371 609
372 609
373 609
374 609
375 609
376 609
377 609
378 609
379 609
380 609
381 609
382 609
383 609
384 609
385 609
386 609
387 609
388 609
389 609
390 609
391 609
392 609
393 609
394 609
395 609
396 609
397 609
398 609
399 609
400 609
401 609
402 609
403 609
404 609
405 609
406 609
407 609
408 609
409 609
410 609
411 609
412 609
413 609
414 609
415 609
416 609
417 609
418 609
419 609
420 609
421 609
422 609
423 609
424 609
425 609
426 609
427 609
428 609
429 609
430 609
431 609
432 609
433 609
434 609
435 609
436 609
437 609
438 609
439 609
440 609
441 609
442 609
443 609
444 609
445 609
446 609
447 609
448 609
449 609
450 609
451 609
452 609
453 609
454 609
455 609
456 609
457 609
458 609
459 609
460 609
461 609
462 609
463 609
464 609
465 609
466 609
467 609
468 609
469 609
470 609
471 609
472 609
473 609
474 609
475 609
476 609
477 609
478 609
479 609
480 609
481 609
482 609
483 609
484 609
485 609
486 609
487 609
488 609
489 609
490 609
491 609
492 609
493 609
494 609
495 609
496 609
497 609
498 609
499 609
500 609
501 609
502 609
503 609
504 609
505 609
506 609
507 609
508 609
509 609
510 609
511 609
512 609
513 609
514 609
515 609
516 609
517 609
518 609
519 609
520 609
521 609
522 609
523 609
524 609
525 609
526 609
527 609
528 609
529 609
530 609
531 609
532 609
533 609
534 609
535 609
536 609
537 609
538 609
539 609
540 609
541 609
542 609
543 609
544 609
545 609
546 609
547 609
548 609
549 609
550 609
551 609
552 609
553 609
554 609
555 609
556 609
557 609
558 609
559 609
560 609
561 609
562 609
563 609
564 609
565 609
566 609
567 609
568 609
569 609
570 609
571 609
572 609
573 609
574 609
575 609
576 609
577 609
578 609
579 609
580 609
581 609
582 609
583 609
584 609
585 609
586 609
587 609
588 609
589 609
590 609
591 609
592 609
593 609
594 609
595 609
596 609
597 609
598 609
599 609
600 609
601 609
602 609
603 609
604 609
605 609
606 609
607 609
608 609
609 610
