767
766
1 766
2 766
3 766
4 766
5 766
6 766
7 766
8 766
9 766
10 766
11 766
12 766
13 766
14 766
15 766
16 766
17 766
18 766
19 766
20 766
21 766
22 766
23 766
24 766
25 766
26 766
27 766
28 766
29 766
30 766
31 766
32 766
33 766
34 766
35 766
36 766
37 766
38 766
39 766
40 766
41 766
42 766
43 766
44 766
45 766
46 766
47 766
48 766
49 766
50 766
51 766
52 766
53 766
54 766
55 766
56 766
57 766
58 766
59 766
60 766
61 766
62 766
63 766
64 766
65 766
66 766
67 766
68 766
69 766
70 766
71 766
72 766
73 766
74 766
75 766
76 766
77 766
78 766
79 766
80 766
81 766
82 766
83 766
84 766
85 766
86 766
87 766
88 766
89 766
90 766
91 766
92 766
93 766
94 766
95 766
96 766
97 766
98 766
99 766
100 766
101 766
102 766
103 766
104 766
105 766
106 766
107 766
108 766
109 766
110 766
111 766
112 766
113 766
114 766
115 766
116 766
117 766
118 766
119 766
120 766
121 766
122 766
123 766
124 766
125 766
126 766
127 766
128 766
129 766
130 766
131 766
132 766
133 766
134 766
135 766
136 766
137 766
138 766
139 766
140 766
141 766
142 766
143 766
144 766
145 766
146 766
147 766
148 766
149 766
150 766
151 766
152 766
153 766
154 766
155 766
156 766
157 766
158 766
159 766
160 766
161 766
162 766
163 766
164 766
165 766
166 766
167 766
168 766
169 766
170 766
171 766
172 766
173 766
174 766
175 766
176 766
177 766
178 766
179 766
180 766
181 766
182 766
183 766
184 766
185 766
186 766
187 766
188 766
189 766
190 766
191 766
192 766
193 766
194 766
195 766
196 766
197 766
198 766
199 766
200 766
201 766
202 766
203 766
204 766
205 766
206 766
207 766
208 766
209 766
210 766
211 766
212 766
213 766
214 766
215 766
216 766
217 766
218 766
219 766
220 766
221 766
222 766
223 766
224 766
225 766
226 766
227 766
228 766
229 766
230 766
231 766
232 766
233 766
234 766
235 766
236 766
237 766
238 766
239 766
240 766
241 766
242 766
243 766
244 766
245 766
246 766
247 766
248 766
249 766
250 766
251 766
252 766
253 766
254 766
255 766
256 766
257 766
258 766
259 766
260 766
261 766
262 766
263 766
264 766
265 766
266 766
267 766
268 766
269 766
270 766
271 766
272 766
273 766
274 766
275 766
276 766
277 766
278 766
279 766
280 766
281 766
282 766
283 766
284 766
285 766
286 766
287 766
288 766
289 766
290 766
291 766
292 766
293 766
294 766
295 766
296 766
297 766
298 766
299 766
300 766
301 766
302 766
303 766
304 766
305 766
306 766
307 766
308 766
309 766
310 766
311 766
312 766
313 766
314 766
315 766
316 766
317 766
318 766
319 766
320 766
321 766
322 766
323 766
324 766
325 766
326 766
327 766
328 766
329 766
330 766
331 766
332 766
333 766
334 766
335 766
336 766
337 766
338 766
339 766
340 766
341 766
342 766
343 766
344 766
345 766
346 766
347 766
348 766
349 766
350 766
351 766
352 766
353 766
354 766
355 766
356 766
357 766
358 766
359 766
360 766
361 766
362 766
363 766
364 766
365 766
366 766
367 766
368 766
369 766
370 766
371 766
372 766
373 766
374 766
375 766
376 766
377 766
378 766
379 766
380 766
381 766
382 766
383 766
384 766
385 766
386 766
387 766
388 766
389 766
390 766
391 766
392 766
393 766
394 766
395 766
396 766
397 766
398 766
399 766
400 766
401 766
402 766
403 766
404 766
405 766
406 766
407 766
408 766
409 766
410 766
411 766
412 766
413 766
414 766
415 766
416 766
417 766
418 766
419 766
420 766
421 766
422 766
423 766
424 766
425 766
426 766
427 766
428 766
429 766
430 766
431 766
432 766
433 766
434 766
435 766
436 766
437 766
438 766
439 766
440 766
441 766
442 766
443 766
444 766
445 766
446 766
447 766
448 766
449 766
450 766
451 766
452 766
453 766
454 766
455 766
456 766
457 766
458 766
459 766
460 766
461 766
462 766
463 766
464 766
465 766
466 766
467 766
468 766
469 766
470 766
471 766
472 766
473 766
474 766
475 766
476 766
477 766
478 766
479 766
480 766
481 766
482 766
483 766
484 766
485 766
486 766
487 766
488 766
489 766
490 766
491 766
492 766
493 766
494 766
495 766
496 766
497 766
498 766
499 766
500 766
501 766
502 766
503 766
504 766
505 766
506 766
507 766
508 766
509 766
510 766
511 766
512 766
513 766
514 766
515 766
516 766
517 766
518 766
519 766
520 766
521 766
522 766
523 766
524 766
525 766
526 766
527 766
528 766
529 766
530 766
531 766
532 766
533 766
534 766
535 766
536 766
537 766
538 766
539 766
540 766
541 766
542 766
543 766
544 766
545 766
546 766
547 766
548 766
549 766
550 766
551 766
552 766
553 766
554 766
555 766
556 766
557 766
558 766
559 766
560 766
561 766
562 766
563 766
564 766
565 766
566 766
567 766
568 766
569 766
570 766
571 766
572 766
573 766
574 766
575 766
576 766
577 766
578 766
579 766
580 766
581 766
582 766
583 766
584 766
585 766
586 766
587 766
588 766
589 766
590 766
591 766
592 766
593 766
594 766
595 766
596 766
597 766
598 766
599 766
600 766
601 766
602 766
603 766
604 766
605 766
606 766
607 766
608 766
609 766
610 766
611 766
612 766
613 766
614 766
615 766
616 766
617 766
618 766
619 766
620 766
621 766
622 766
623 766
624 766
625 766
626 766
627 766
628 766
629 766
630 766
631 766
632 766
633 766
634 766
635 766
636 766
637 766
638 766
639 766
640 766
641 766
642 766
643 766
644 766
645 766
646 766
647 766
648 766
649 766
650 766
651 766
652 766
653 766
654 766
655 766
656 766
657 766
658 766
659 766
660 766
661 766
662 766
663 766
664 766
665 766
666 766
667 766
668 766
669 766
670 766
671 766
672 766
673 766
674 766
675 766
676 766
677 766
678 766
679 766
680 766
681 766
682 766
683 766
684 766
685 766
686 766
687 766
688 766
689 766
690 766
691 766
692 766
693 766
694 766
695 766
696 766
697 766
698 766
699 766
700 766
701 766
702 766
703 766
704 766
705 766
706 766
707 766
708 766
709 766
710 766
711 766
712 766
713 766
714 766
715 766
716 766
717 766
718 766
719 766
720 766
721 766
722 766
723 766
724 766
725 766
726 766
727 766
728 766
729 766
730 766
731 766
732 766
733 766
734 766
735 766
736 766
737 766
738 766
739 766
740 766
741 766
742 766
743 766
744 766
745 766
746 766
747 766
748 766
749 766
750 766
751 766
752 766
753 766
754 766
755 766
756 766
757 766
758 766
759 766
760 766
761 766
762 766
763 766
764 766
765 766
766 767
