631
630
1 630
2 630
3 630
4 630
5 630
6 630
7 630
8 630
9 630
10 630
11 630
12 630
13 630
14 630
15 630
16 630
17 630
18 630
19 630
20 630
21 630
22 630
23 630
24 630
25 630
26 630
27 630
28 630
29 630
30 630
31 630
32 630
33 630
34 630
35 630
36 630
37 630
38 630
39 630
40 630
41 630
42 630
43 630
44 630
45 630
46 630
47 630
48 630
49 630
50 630
51 630
52 630
53 630
54 630
55 630
56 630
57 630
58 630
59 630
60 630
61 630
62 630
63 630
64 630
65 630
66 630
67 630
68 630
69 630
70 630
71 630
72 630
73 630
74 630
75 630
76 630
77 630
78 630
79 630
80 630
81 630
82 630
83 630
84 630
85 630
86 630
87 630
88 630
89 630
90 630
91 630
92 630
93 630
94 630
95 630
96 630
97 630
98 630
99 630
100 630
101 630
102 630
103 630
104 630
105 630
106 630
107 630
108 630
109 630
110 630
111 630
112 630
113 630
114 630
115 630
116 630
117 630
118 630
119 630
120 630
121 630
122 630
123 630
124 630
125 630
126 630
127 630
128 630
129 630
130 630
131 630
132 630
133 630
134 630
135 630
136 630
137 630
138 630
139 630
140 630
141 630
142 630
143 630
144 630
145 630
146 630
147 630
148 630
149 630
150 630
151 630
152 630
153 630
154 630
155 630
156 630
157 630
158 630
159 630
160 630
161 630
162 630
163 630
164 630
165 630
166 630
167 630
168 630
169 630
170 630
171 630
172 630
173 630
174 630
175 630
176 630
177 630
178 630
179 630
180 630
181 630
182 630
183 630
184 630
185 630
186 630
187 630
188 630
189 630
190 630
191 630
192 630
193 630
194 630
195 630
196 630
197 630
198 630
199 630
200 630
201 630
202 630
203 630
204 630
205 630
206 630
207 630
208 630
209 630
210 630
211 630
212 630
213 630
214 630
215 630
216 630
217 630
218 630
219 630
220 630
221 630
222 630
223 630
224 630
225 630
226 630
227 630
228 630
229 630
230 630
231 630
232 630
233 630
234 630
235 630
236 630
237 630
238 630
239 630
240 630
241 630
242 630
243 630
244 630
245 630
246 630
247 630
248 630
249 630
250 630
251 630
252 630
253 630
254 630
255 630
256 630
257 630
258 630
259 630
260 630
261 630
262 630
263 630
264 630
265 630
266 630
267 630
268 630
269 630
270 630
271 630
272 630
273 630
274 630
275 630
276 630
277 630
278 630
279 630
280 630
281 630
282 630
283 630
284 630
285 630
286 630
287 630
288 630
289 630
290 630
291 630
292 630
293 630
294 630
295 630
296 630
297 630
298 630
299 630
300 630
301 630
302 630
303 630
304 630
305 630
306 630
307 630
308 630
309 630
310 630
311 630
312 630
313 630
314 630
315 630
316 630
317 630
318 630
319 630
320 630
321 630
322 630
323 630
324 630
325 630
326 630
327 630
328 630
329 630
330 630
331 630
332 630
333 630
334 630
335 630
336 630
337 630
338 630
339 630
340 630
341 630
342 630
343 630
344 630
345 630
346 630
347 630
348 630
349 630
350 630
351 630
352 630
353 630
354 630
355 630
356 630
357 630
358 630
359 630
360 630
361 630
362 630
363 630
364 630
365 630
366 630
367 630
368 630
369 630
370 630
371 630
372 630
373 630
374 630
375 630
376 630
377 630
378 630
379 630
380 630
381 630
382 630
383 630
384 630
385 630
386 630
387 630
388 630
389 630
390 630
391 630
392 630
393 630
394 630
395 630
396 630
397 630
398 630
399 630
400 630
401 630
402 630
403 630
404 630
405 630
406 630
407 630
408 630
409 630
410 630
411 630
412 630
413 630
414 630
415 630
416 630
417 630
418 630
419 630
420 630
421 630
422 630
423 630
424 630
425 630
426 630
427 630
428 630
429 630
430 630
431 630
432 630
433 630
434 630
435 630
436 630
437 630
438 630
439 630
440 630
441 630
442 630
443 630
444 630
445 630
446 630
447 630
448 630
449 630
450 630
451 630
452 630
453 630
454 630
455 630
456 630
457 630
458 630
459 630
460 630
461 630
462 630
463 630
464 630
465 630
466 630
467 630
468 630
469 630
470 630
471 630
472 630
473 630
474 630
475 630
476 630
477 630
478 630
479 630
480 630
481 630
482 630
483 630
484 630
485 630
486 630
487 630
488 630
489 630
490 630
491 630
492 630
493 630
494 630
495 630
496 630
497 630
498 630
499 630
500 630
501 630
502 630
503 630
504 630
505 630
506 630
507 630
508 630
509 630
510 630
511 630
512 630
513 630
514 630
515 630
516 630
517 630
518 630
519 630
520 630
521 630
522 630
523 630
524 630
525 630
526 630
527 630
528 630
529 630
530 630
531 630
532 630
533 630
534 630
535 630
536 630
537 630
538 630
539 630
540 630
541 630
542 630
543 630
544 630
545 630
546 630
547 630
548 630
549 630
550 630
551 630
552 630
553 630
554 630
555 630
556 630
557 630
558 630
559 630
560 630
561 630
562 630
563 630
564 630
565 630
566 630
567 630
568 630
569 630
570 630
571 630
572 630
573 630
574 630
575 630
576 630
577 630
578 630
579 630
580 630
581 630
582 630
583 630
584 630
585 630
586 630
587 630
588 630
589 630
590 630
591 630
592 630
593 630
594 630
595 630
596 630
597 630
598 630
599 630
600 630
601 630
602 630
603 630
604 630
605 630
606 630
607 630
608 630
609 630
610 630
611 630
612 630
613 630
614 630
615 630
616 630
617 630
618 630
619 630
620 630
621 630
622 630
623 630
624 630
625 630
626 630
627 630
628 630
629 630
630 631
