992
991
1 991
2 991
3 991
4 991
5 991
6 991
7 991
8 991
9 991
10 991
11 991
12 991
13 991
14 991
15 991
16 991
17 991
18 991
19 991
20 991
21 991
22 991
23 991
24 991
25 991
26 991
27 991
28 991
29 991
30 991
31 991
32 991
33 991
34 991
35 991
36 991
37 991
38 991
39 991
40 991
41 991
42 991
43 991
44 991
45 991
46 991
47 991
48 991
49 991
50 991
51 991
52 991
53 991
54 991
55 991
56 991
57 991
58 991
59 991
60 991
61 991
62 991
63 991
64 991
65 991
66 991
67 991
68 991
69 991
70 991
71 991
72 991
73 991
74 991
75 991
76 991
77 991
78 991
79 991
80 991
81 991
82 991
83 991
84 991
85 991
86 991
87 991
88 991
89 991
90 991
91 991
92 991
93 991
94 991
95 991
96 991
97 991
98 991
99 991
100 991
101 991
102 991
103 991
104 991
105 991
106 991
107 991
108 991
109 991
110 991
111 991
112 991
113 991
114 991
115 991
116 991
117 991
118 991
119 991
120 991
121 991
122 991
123 991
124 991
125 991
126 991
127 991
128 991
129 991
130 991
131 991
132 991
133 991
134 991
135 991
136 991
137 991
138 991
139 991
140 991
141 991
142 991
143 991
144 991
145 991
146 991
147 991
148 991
149 991
150 991
151 991
152 991
153 991
154 991
155 991
156 991
157 991
158 991
159 991
160 991
161 991
162 991
163 991
164 991
165 991
166 991
167 991
168 991
169 991
170 991
171 991
172 991
173 991
174 991
175 991
176 991
177 991
178 991
179 991
180 991
181 991
182 991
183 991
184 991
185 991
186 991
187 991
188 991
189 991
190 991
191 991
192 991
193 991
194 991
195 991
196 991
197 991
198 991
199 991
200 991
201 991
202 991
203 991
204 991
205 991
206 991
207 991
208 991
209 991
210 991
211 991
212 991
213 991
214 991
215 991
216 991
217 991
218 991
219 991
220 991
221 991
222 991
223 991
224 991
225 991
226 991
227 991
228 991
229 991
230 991
231 991
232 991
233 991
234 991
235 991
236 991
237 991
238 991
239 991
240 991
241 991
242 991
243 991
244 991
245 991
246 991
247 991
248 991
249 991
250 991
251 991
252 991
253 991
254 991
255 991
256 991
257 991
258 991
259 991
260 991
261 991
262 991
263 991
264 991
265 991
266 991
267 991
268 991
269 991
270 991
271 991
272 991
273 991
274 991
275 991
276 991
277 991
278 991
279 991
280 991
281 991
282 991
283 991
284 991
285 991
286 991
287 991
288 991
289 991
290 991
291 991
292 991
293 991
294 991
295 991
296 991
297 991
298 991
299 991
300 991
301 991
302 991
303 991
304 991
305 991
306 991
307 991
308 991
309 991
310 991
311 991
312 991
313 991
314 991
315 991
316 991
317 991
318 991
319 991
320 991
321 991
322 991
323 991
324 991
325 991
326 991
327 991
328 991
329 991
330 991
331 991
332 991
333 991
334 991
335 991
336 991
337 991
338 991
339 991
340 991
341 991
342 991
343 991
344 991
345 991
346 991
347 991
348 991
349 991
350 991
351 991
352 991
353 991
354 991
355 991
356 991
357 991
358 991
359 991
360 991
361 991
362 991
363 991
364 991
365 991
366 991
367 991
368 991
369 991
370 991
371 991
372 991
373 991
374 991
375 991
376 991
377 991
378 991
379 991
380 991
381 991
382 991
383 991
384 991
385 991
386 991
387 991
388 991
389 991
390 991
391 991
392 991
393 991
394 991
395 991
396 991
397 991
398 991
399 991
400 991
401 991
402 991
403 991
404 991
405 991
406 991
407 991
408 991
409 991
410 991
411 991
412 991
413 991
414 991
415 991
416 991
417 991
418 991
419 991
420 991
421 991
422 991
423 991
424 991
425 991
426 991
427 991
428 991
429 991
430 991
431 991
432 991
433 991
434 991
435 991
436 991
437 991
438 991
439 991
440 991
441 991
442 991
443 991
444 991
445 991
446 991
447 991
448 991
449 991
450 991
451 991
452 991
453 991
454 991
455 991
456 991
457 991
458 991
459 991
460 991
461 991
462 991
463 991
464 991
465 991
466 991
467 991
468 991
469 991
470 991
471 991
472 991
473 991
474 991
475 991
476 991
477 991
478 991
479 991
480 991
481 991
482 991
483 991
484 991
485 991
486 991
487 991
488 991
489 991
490 991
491 991
492 991
493 991
494 991
495 991
496 991
497 991
498 991
499 991
500 991
501 991
502 991
503 991
504 991
505 991
506 991
507 991
508 991
509 991
510 991
511 991
512 991
513 991
514 991
515 991
516 991
517 991
518 991
519 991
520 991
521 991
522 991
523 991
524 991
525 991
526 991
527 991
528 991
529 991
530 991
531 991
532 991
533 991
534 991
535 991
536 991
537 991
538 991
539 991
540 991
541 991
542 991
543 991
544 991
545 991
546 991
547 991
548 991
549 991
550 991
551 991
552 991
553 991
554 991
555 991
556 991
557 991
558 991
559 991
560 991
561 991
562 991
563 991
564 991
565 991
566 991
567 991
568 991
569 991
570 991
571 991
572 991
573 991
574 991
575 991
576 991
577 991
578 991
579 991
580 991
581 991
582 991
583 991
584 991
585 991
586 991
587 991
588 991
589 991
590 991
591 991
592 991
593 991
594 991
595 991
596 991
597 991
598 991
599 991
600 991
601 991
602 991
603 991
604 991
605 991
606 991
607 991
608 991
609 991
610 991
611 991
612 991
613 991
614 991
615 991
616 991
617 991
618 991
619 991
620 991
621 991
622 991
623 991
624 991
625 991
626 991
627 991
628 991
629 991
630 991
631 991
632 991
633 991
634 991
635 991
636 991
637 991
638 991
639 991
640 991
641 991
642 991
643 991
644 991
645 991
646 991
647 991
648 991
649 991
650 991
651 991
652 991
653 991
654 991
655 991
656 991
657 991
658 991
659 991
660 991
661 991
662 991
663 991
664 991
665 991
666 991
667 991
668 991
669 991
670 991
671 991
672 991
673 991
674 991
675 991
676 991
677 991
678 991
679 991
680 991
681 991
682 991
683 991
684 991
685 991
686 991
687 991
688 991
689 991
690 991
691 991
692 991
693 991
694 991
695 991
696 991
697 991
698 991
699 991
700 991
701 991
702 991
703 991
704 991
705 991
706 991
707 991
708 991
709 991
710 991
711 991
712 991
713 991
714 991
715 991
716 991
717 991
718 991
719 991
720 991
721 991
722 991
723 991
724 991
725 991
726 991
727 991
728 991
729 991
730 991
731 991
732 991
733 991
734 991
735 991
736 991
737 991
738 991
739 991
740 991
741 991
742 991
743 991
744 991
745 991
746 991
747 991
748 991
749 991
750 991
751 991
752 991
753 991
754 991
755 991
756 991
757 991
758 991
759 991
760 991
761 991
762 991
763 991
764 991
765 991
766 991
767 991
768 991
769 991
770 991
771 991
772 991
773 991
774 991
775 991
776 991
777 991
778 991
779 991
780 991
781 991
782 991
783 991
784 991
785 991
786 991
787 991
788 991
789 991
790 991
791 991
792 991
793 991
794 991
795 991
796 991
797 991
798 991
799 991
800 991
801 991
802 991
803 991
804 991
805 991
806 991
807 991
808 991
809 991
810 991
811 991
812 991
813 991
814 991
815 991
816 991
817 991
818 991
819 991
820 991
821 991
822 991
823 991
824 991
825 991
826 991
827 991
828 991
829 991
830 991
831 991
832 991
833 991
834 991
835 991
836 991
837 991
838 991
839 991
840 991
841 991
842 991
843 991
844 991
845 991
846 991
847 991
848 991
849 991
850 991
851 991
852 991
853 991
854 991
855 991
856 991
857 991
858 991
859 991
860 991
861 991
862 991
863 991
864 991
865 991
866 991
867 991
868 991
869 991
870 991
871 991
872 991
873 991
874 991
875 991
876 991
877 991
878 991
879 991
880 991
881 991
882 991
883 991
884 991
885 991
886 991
887 991
888 991
889 991
890 991
891 991
892 991
893 991
894 991
895 991
896 991
897 991
898 991
899 991
900 991
901 991
902 991
903 991
904 991
905 991
906 991
907 991
908 991
909 991
910 991
911 991
912 991
913 991
914 991
915 991
916 991
917 991
918 991
919 991
920 991
921 991
922 991
923 991
924 991
925 991
926 991
927 991
928 991
929 991
930 991
931 991
932 991
933 991
934 991
935 991
936 991
937 991
938 991
939 991
940 991
941 991
942 991
943 991
944 991
945 991
946 991
947 991
948 991
949 991
950 991
951 991
952 991
953 991
954 991
955 991
956 991
957 991
958 991
959 991
960 991
961 991
962 991
963 991
964 991
965 991
966 991
967 991
968 991
969 991
970 991
971 991
972 991
973 991
974 991
975 991
976 991
977 991
978 991
979 991
980 991
981 991
982 991
983 991
984 991
985 991
986 991
987 991
988 991
989 991
990 991
991 992
