446
445
1 445
2 445
3 445
4 445
5 445
6 445
7 445
8 445
9 445
10 445
11 445
12 445
13 445
14 445
15 445
16 445
17 445
18 445
19 445
20 445
21 445
22 445
23 445
24 445
25 445
26 445
27 445
28 445
29 445
30 445
31 445
32 445
33 445
34 445
35 445
36 445
37 445
38 445
39 445
40 445
41 445
42 445
43 445
44 445
45 445
46 445
47 445
48 445
49 445
50 445
51 445
52 445
53 445
54 445
55 445
56 445
57 445
58 445
59 445
60 445
61 445
62 445
63 445
64 445
65 445
66 445
67 445
68 445
69 445
70 445
71 445
72 445
73 445
74 445
75 445
76 445
77 445
78 445
79 445
80 445
81 445
82 445
83 445
84 445
85 445
86 445
87 445
88 445
89 445
90 445
91 445
92 445
93 445
94 445
95 445
96 445
97 445
98 445
99 445
100 445
101 445
102 445
103 445
104 445
105 445
106 445
107 445
108 445
109 445
110 445
111 445
112 445
113 445
114 445
115 445
116 445
117 445
118 445
119 445
120 445
121 445
122 445
123 445
124 445
125 445
126 445
127 445
128 445
129 445
130 445
131 445
132 445
133 445
134 445
135 445
136 445
137 445
138 445
139 445
140 445
141 445
142 445
143 445
144 445
145 445
146 445
147 445
148 445
149 445
150 445
151 445
152 445
153 445
154 445
155 445
156 445
157 445
158 445
159 445
160 445
161 445
162 445
163 445
164 445
165 445
166 445
167 445
168 445
169 445
170 445
171 445
172 445
173 445
174 445
175 445
176 445
177 445
178 445
179 445
180 445
181 445
182 445
183 445
184 445
185 445
186 445
187 445
188 445
189 445
190 445
191 445
192 445
193 445
194 445
195 445
196 445
197 445
198 445
199 445
200 445
201 445
202 445
203 445
204 445
205 445
206 445
207 445
208 445
209 445
210 445
211 445
212 445
213 445
214 445
215 445
216 445
217 445
218 445
219 445
220 445
221 445
222 445
223 445
224 445
225 445
226 445
227 445
228 445
229 445
230 445
231 445
232 445
233 445
234 445
235 445
236 445
237 445
238 445
239 445
240 445
241 445
242 445
243 445
244 445
245 445
246 445
247 445
248 445
249 445
250 445
251 445
252 445
253 445
254 445
255 445
256 445
257 445
258 445
259 445
260 445
261 445
262 445
263 445
264 445
265 445
266 445
267 445
268 445
269 445
270 445
271 445
272 445
273 445
274 445
275 445
276 445
277 445
278 445
279 445
280 445
281 445
282 445
283 445
284 445
285 445
286 445
287 445
288 445
289 445
290 445
291 445
292 445
293 445
294 445
295 445
296 445
297 445
298 445
299 445
300 445
301 445
302 445
303 445
304 445
305 445
306 445
307 445
308 445
309 445
310 445
311 445
312 445
313 445
314 445
315 445
316 445
317 445
318 445
319 445
320 445
321 445
322 445
323 445
324 445
325 445
326 445
327 445
328 445
329 445
330 445
331 445
332 445
333 445
334 445
335 445
336 445
337 445
338 445
339 445
340 445
341 445
342 445
343 445
344 445
345 445
346 445
347 445
348 445
349 445
350 445
351 445
352 445
353 445
354 445
355 445
356 445
357 445
358 445
359 445
360 445
361 445
362 445
363 445
364 445
365 445
366 445
367 445
368 445
369 445
370 445
371 445
372 445
373 445
374 445
375 445
376 445
377 445
378 445
379 445
380 445
381 445
382 445
383 445
384 445
385 445
386 445
387 445
388 445
389 445
390 445
391 445
392 445
393 445
394 445
395 445
396 445
397 445
398 445
399 445
400 445
401 445
402 445
403 445
404 445
405 445
406 445
407 445
408 445
409 445
410 445
411 445
412 445
413 445
414 445
415 445
416 445
417 445
418 445
419 445
420 445
421 445
422 445
423 445
424 445
425 445
426 445
427 445
428 445
429 445
430 445
431 445
432 445
433 445
434 445
435 445
436 445
437 445
438 445
439 445
440 445
441 445
442 445
443 445
444 445
445 446
