838
837
1 837
2 837
3 837
4 837
5 837
6 837
7 837
8 837
9 837
10 837
11 837
12 837
13 837
14 837
15 837
16 837
17 837
18 837
19 837
20 837
21 837
22 837
23 837
24 837
25 837
26 837
27 837
28 837
29 837
30 837
31 837
32 837
33 837
34 837
35 837
36 837
37 837
38 837
39 837
40 837
41 837
42 837
43 837
44 837
45 837
46 837
47 837
48 837
49 837
50 837
51 837
52 837
53 837
54 837
55 837
56 837
57 837
58 837
59 837
60 837
61 837
62 837
63 837
64 837
65 837
66 837
67 837
68 837
69 837
70 837
71 837
72 837
73 837
74 837
75 837
76 837
77 837
78 837
79 837
80 837
81 837
82 837
83 837
84 837
85 837
86 837
87 837
88 837
89 837
90 837
91 837
92 837
93 837
94 837
95 837
96 837
97 837
98 837
99 837
100 837
101 837
102 837
103 837
104 837
105 837
106 837
107 837
108 837
109 837
110 837
111 837
112 837
113 837
114 837
115 837
116 837
117 837
118 837
119 837
120 837
121 837
122 837
123 837
124 837
125 837
126 837
127 837
128 837
129 837
130 837
131 837
132 837
133 837
134 837
135 837
136 837
137 837
138 837
139 837
140 837
141 837
142 837
143 837
144 837
145 837
146 837
147 837
148 837
149 837
150 837
151 837
152 837
153 837
154 837
155 837
156 837
157 837
158 837
159 837
160 837
161 837
162 837
163 837
164 837
165 837
166 837
167 837
168 837
169 837
170 837
171 837
172 837
173 837
174 837
175 837
176 837
177 837
178 837
179 837
180 837
181 837
182 837
183 837
184 837
185 837
186 837
187 837
188 837
189 837
190 837
191 837
192 837
193 837
194 837
195 837
196 837
197 837
198 837
199 837
200 837
201 837
202 837
203 837
204 837
205 837
206 837
207 837
208 837
209 837
210 837
211 837
212 837
213 837
214 837
215 837
216 837
217 837
218 837
219 837
220 837
221 837
222 837
223 837
224 837
225 837
226 837
227 837
228 837
229 837
230 837
231 837
232 837
233 837
234 837
235 837
236 837
237 837
238 837
239 837
240 837
241 837
242 837
243 837
244 837
245 837
246 837
247 837
248 837
249 837
250 837
251 837
252 837
253 837
254 837
255 837
256 837
257 837
258 837
259 837
260 837
261 837
262 837
263 837
264 837
265 837
266 837
267 837
268 837
269 837
270 837
271 837
272 837
273 837
274 837
275 837
276 837
277 837
278 837
279 837
280 837
281 837
282 837
283 837
284 837
285 837
286 837
287 837
288 837
289 837
290 837
291 837
292 837
293 837
294 837
295 837
296 837
297 837
298 837
299 837
300 837
301 837
302 837
303 837
304 837
305 837
306 837
307 837
308 837
309 837
310 837
311 837
312 837
313 837
314 837
315 837
316 837
317 837
318 837
319 837
320 837
321 837
322 837
323 837
324 837
325 837
326 837
327 837
328 837
329 837
330 837
331 837
332 837
333 837
334 837
335 837
336 837
337 837
338 837
339 837
340 837
341 837
342 837
343 837
344 837
345 837
346 837
347 837
348 837
349 837
350 837
351 837
352 837
353 837
354 837
355 837
356 837
357 837
358 837
359 837
360 837
361 837
362 837
363 837
364 837
365 837
366 837
367 837
368 837
369 837
370 837
371 837
372 837
373 837
374 837
375 837
376 837
377 837
378 837
379 837
380 837
381 837
382 837
383 837
384 837
385 837
386 837
387 837
388 837
389 837
390 837
391 837
392 837
393 837
394 837
395 837
396 837
397 837
398 837
399 837
400 837
401 837
402 837
403 837
404 837
405 837
406 837
407 837
408 837
409 837
410 837
411 837
412 837
413 837
414 837
415 837
416 837
417 837
418 837
419 837
420 837
421 837
422 837
423 837
424 837
425 837
426 837
427 837
428 837
429 837
430 837
431 837
432 837
433 837
434 837
435 837
436 837
437 837
438 837
439 837
440 837
441 837
442 837
443 837
444 837
445 837
446 837
447 837
448 837
449 837
450 837
451 837
452 837
453 837
454 837
455 837
456 837
457 837
458 837
459 837
460 837
461 837
462 837
463 837
464 837
465 837
466 837
467 837
468 837
469 837
470 837
471 837
472 837
473 837
474 837
475 837
476 837
477 837
478 837
479 837
480 837
481 837
482 837
483 837
484 837
485 837
486 837
487 837
488 837
489 837
490 837
491 837
492 837
493 837
494 837
495 837
496 837
497 837
498 837
499 837
500 837
501 837
502 837
503 837
504 837
505 837
506 837
507 837
508 837
509 837
510 837
511 837
512 837
513 837
514 837
515 837
516 837
517 837
518 837
519 837
520 837
521 837
522 837
523 837
524 837
525 837
526 837
527 837
528 837
529 837
530 837
531 837
532 837
533 837
534 837
535 837
536 837
537 837
538 837
539 837
540 837
541 837
542 837
543 837
544 837
545 837
546 837
547 837
548 837
549 837
550 837
551 837
552 837
553 837
554 837
555 837
556 837
557 837
558 837
559 837
560 837
561 837
562 837
563 837
564 837
565 837
566 837
567 837
568 837
569 837
570 837
571 837
572 837
573 837
574 837
575 837
576 837
577 837
578 837
579 837
580 837
581 837
582 837
583 837
584 837
585 837
586 837
587 837
588 837
589 837
590 837
591 837
592 837
593 837
594 837
595 837
596 837
597 837
598 837
599 837
600 837
601 837
602 837
603 837
604 837
605 837
606 837
607 837
608 837
609 837
610 837
611 837
612 837
613 837
614 837
615 837
616 837
617 837
618 837
619 837
620 837
621 837
622 837
623 837
624 837
625 837
626 837
627 837
628 837
629 837
630 837
631 837
632 837
633 837
634 837
635 837
636 837
637 837
638 837
639 837
640 837
641 837
642 837
643 837
644 837
645 837
646 837
647 837
648 837
649 837
650 837
651 837
652 837
653 837
654 837
655 837
656 837
657 837
658 837
659 837
660 837
661 837
662 837
663 837
664 837
665 837
666 837
667 837
668 837
669 837
670 837
671 837
672 837
673 837
674 837
675 837
676 837
677 837
678 837
679 837
680 837
681 837
682 837
683 837
684 837
685 837
686 837
687 837
688 837
689 837
690 837
691 837
692 837
693 837
694 837
695 837
696 837
697 837
698 837
699 837
700 837
701 837
702 837
703 837
704 837
705 837
706 837
707 837
708 837
709 837
710 837
711 837
712 837
713 837
714 837
715 837
716 837
717 837
718 837
719 837
720 837
721 837
722 837
723 837
724 837
725 837
726 837
727 837
728 837
729 837
730 837
731 837
732 837
733 837
734 837
735 837
736 837
737 837
738 837
739 837
740 837
741 837
742 837
743 837
744 837
745 837
746 837
747 837
748 837
749 837
750 837
751 837
752 837
753 837
754 837
755 837
756 837
757 837
758 837
759 837
760 837
761 837
762 837
763 837
764 837
765 837
766 837
767 837
768 837
769 837
770 837
771 837
772 837
773 837
774 837
775 837
776 837
777 837
778 837
779 837
780 837
781 837
782 837
783 837
784 837
785 837
786 837
787 837
788 837
789 837
790 837
791 837
792 837
793 837
794 837
795 837
796 837
797 837
798 837
799 837
800 837
801 837
802 837
803 837
804 837
805 837
806 837
807 837
808 837
809 837
810 837
811 837
812 837
813 837
814 837
815 837
816 837
817 837
818 837
819 837
820 837
821 837
822 837
823 837
824 837
825 837
826 837
827 837
828 837
829 837
830 837
831 837
832 837
833 837
834 837
835 837
836 837
837 838
