525
524
1 524
2 524
3 524
4 524
5 524
6 524
7 524
8 524
9 524
10 524
11 524
12 524
13 524
14 524
15 524
16 524
17 524
18 524
19 524
20 524
21 524
22 524
23 524
24 524
25 524
26 524
27 524
28 524
29 524
30 524
31 524
32 524
33 524
34 524
35 524
36 524
37 524
38 524
39 524
40 524
41 524
42 524
43 524
44 524
45 524
46 524
47 524
48 524
49 524
50 524
51 524
52 524
53 524
54 524
55 524
56 524
57 524
58 524
59 524
60 524
61 524
62 524
63 524
64 524
65 524
66 524
67 524
68 524
69 524
70 524
71 524
72 524
73 524
74 524
75 524
76 524
77 524
78 524
79 524
80 524
81 524
82 524
83 524
84 524
85 524
86 524
87 524
88 524
89 524
90 524
91 524
92 524
93 524
94 524
95 524
96 524
97 524
98 524
99 524
100 524
101 524
102 524
103 524
104 524
105 524
106 524
107 524
108 524
109 524
110 524
111 524
112 524
113 524
114 524
115 524
116 524
117 524
118 524
119 524
120 524
121 524
122 524
123 524
124 524
125 524
126 524
127 524
128 524
129 524
130 524
131 524
132 524
133 524
134 524
135 524
136 524
137 524
138 524
139 524
140 524
141 524
142 524
143 524
144 524
145 524
146 524
147 524
148 524
149 524
150 524
151 524
152 524
153 524
154 524
155 524
156 524
157 524
158 524
159 524
160 524
161 524
162 524
163 524
164 524
165 524
166 524
167 524
168 524
169 524
170 524
171 524
172 524
173 524
174 524
175 524
176 524
177 524
178 524
179 524
180 524
181 524
182 524
183 524
184 524
185 524
186 524
187 524
188 524
189 524
190 524
191 524
192 524
193 524
194 524
195 524
196 524
197 524
198 524
199 524
200 524
201 524
202 524
203 524
204 524
205 524
206 524
207 524
208 524
209 524
210 524
211 524
212 524
213 524
214 524
215 524
216 524
217 524
218 524
219 524
220 524
221 524
222 524
223 524
224 524
225 524
226 524
227 524
228 524
229 524
230 524
231 524
232 524
233 524
234 524
235 524
236 524
237 524
238 524
239 524
240 524
241 524
242 524
243 524
244 524
245 524
246 524
247 524
248 524
249 524
250 524
251 524
252 524
253 524
254 524
255 524
256 524
257 524
258 524
259 524
260 524
261 524
262 524
263 524
264 524
265 524
266 524
267 524
268 524
269 524
270 524
271 524
272 524
273 524
274 524
275 524
276 524
277 524
278 524
279 524
280 524
281 524
282 524
283 524
284 524
285 524
286 524
287 524
288 524
289 524
290 524
291 524
292 524
293 524
294 524
295 524
296 524
297 524
298 524
299 524
300 524
301 524
302 524
303 524
304 524
305 524
306 524
307 524
308 524
309 524
310 524
311 524
312 524
313 524
314 524
315 524
316 524
317 524
318 524
319 524
320 524
321 524
322 524
323 524
324 524
325 524
326 524
327 524
328 524
329 524
330 524
331 524
332 524
333 524
334 524
335 524
336 524
337 524
338 524
339 524
340 524
341 524
342 524
343 524
344 524
345 524
346 524
347 524
348 524
349 524
350 524
351 524
352 524
353 524
354 524
355 524
356 524
357 524
358 524
359 524
360 524
361 524
362 524
363 524
364 524
365 524
366 524
367 524
368 524
369 524
370 524
371 524
372 524
373 524
374 524
375 524
376 524
377 524
378 524
379 524
380 524
381 524
382 524
383 524
384 524
385 524
386 524
387 524
388 524
389 524
390 524
391 524
392 524
393 524
394 524
395 524
396 524
397 524
398 524
399 524
400 524
401 524
402 524
403 524
404 524
405 524
406 524
407 524
408 524
409 524
410 524
411 524
412 524
413 524
414 524
415 524
416 524
417 524
418 524
419 524
420 524
421 524
422 524
423 524
424 524
425 524
426 524
427 524
428 524
429 524
430 524
431 524
432 524
433 524
434 524
435 524
436 524
437 524
438 524
439 524
440 524
441 524
442 524
443 524
444 524
445 524
446 524
447 524
448 524
449 524
450 524
451 524
452 524
453 524
454 524
455 524
456 524
457 524
458 524
459 524
460 524
461 524
462 524
463 524
464 524
465 524
466 524
467 524
468 524
469 524
470 524
471 524
472 524
473 524
474 524
475 524
476 524
477 524
478 524
479 524
480 524
481 524
482 524
483 524
484 524
485 524
486 524
487 524
488 524
489 524
490 524
491 524
492 524
493 524
494 524
495 524
496 524
497 524
498 524
499 524
500 524
501 524
502 524
503 524
504 524
505 524
506 524
507 524
508 524
509 524
510 524
511 524
512 524
513 524
514 524
515 524
516 524
517 524
518 524
519 524
520 524
521 524
522 524
523 524
524 525
