583
582
1 582
2 582
3 582
4 582
5 582
6 582
7 582
8 582
9 582
10 582
11 582
12 582
13 582
14 582
15 582
16 582
17 582
18 582
19 582
20 582
21 582
22 582
23 582
24 582
25 582
26 582
27 582
28 582
29 582
30 582
31 582
32 582
33 582
34 582
35 582
36 582
37 582
38 582
39 582
40 582
41 582
42 582
43 582
44 582
45 582
46 582
47 582
48 582
49 582
50 582
51 582
52 582
53 582
54 582
55 582
56 582
57 582
58 582
59 582
60 582
61 582
62 582
63 582
64 582
65 582
66 582
67 582
68 582
69 582
70 582
71 582
72 582
73 582
74 582
75 582
76 582
77 582
78 582
79 582
80 582
81 582
82 582
83 582
84 582
85 582
86 582
87 582
88 582
89 582
90 582
91 582
92 582
93 582
94 582
95 582
96 582
97 582
98 582
99 582
100 582
101 582
102 582
103 582
104 582
105 582
106 582
107 582
108 582
109 582
110 582
111 582
112 582
113 582
114 582
115 582
116 582
117 582
118 582
119 582
120 582
121 582
122 582
123 582
124 582
125 582
126 582
127 582
128 582
129 582
130 582
131 582
132 582
133 582
134 582
135 582
136 582
137 582
138 582
139 582
140 582
141 582
142 582
143 582
144 582
145 582
146 582
147 582
148 582
149 582
150 582
151 582
152 582
153 582
154 582
155 582
156 582
157 582
158 582
159 582
160 582
161 582
162 582
163 582
164 582
165 582
166 582
167 582
168 582
169 582
170 582
171 582
172 582
173 582
174 582
175 582
176 582
177 582
178 582
179 582
180 582
181 582
182 582
183 582
184 582
185 582
186 582
187 582
188 582
189 582
190 582
191 582
192 582
193 582
194 582
195 582
196 582
197 582
198 582
199 582
200 582
201 582
202 582
203 582
204 582
205 582
206 582
207 582
208 582
209 582
210 582
211 582
212 582
213 582
214 582
215 582
216 582
217 582
218 582
219 582
220 582
221 582
222 582
223 582
224 582
225 582
226 582
227 582
228 582
229 582
230 582
231 582
232 582
233 582
234 582
235 582
236 582
237 582
238 582
239 582
240 582
241 582
242 582
243 582
244 582
245 582
246 582
247 582
248 582
249 582
250 582
251 582
252 582
253 582
254 582
255 582
256 582
257 582
258 582
259 582
260 582
261 582
262 582
263 582
264 582
265 582
266 582
267 582
268 582
269 582
270 582
271 582
272 582
273 582
274 582
275 582
276 582
277 582
278 582
279 582
280 582
281 582
282 582
283 582
284 582
285 582
286 582
287 582
288 582
289 582
290 582
291 582
292 582
293 582
294 582
295 582
296 582
297 582
298 582
299 582
300 582
301 582
302 582
303 582
304 582
305 582
306 582
307 582
308 582
309 582
310 582
311 582
312 582
313 582
314 582
315 582
316 582
317 582
318 582
319 582
320 582
321 582
322 582
323 582
324 582
325 582
326 582
327 582
328 582
329 582
330 582
331 582
332 582
333 582
334 582
335 582
336 582
337 582
338 582
339 582
340 582
341 582
342 582
343 582
344 582
345 582
346 582
347 582
348 582
349 582
350 582
351 582
352 582
353 582
354 582
355 582
356 582
357 582
358 582
359 582
360 582
361 582
362 582
363 582
364 582
365 582
366 582
367 582
368 582
369 582
370 582
371 582
372 582
373 582
374 582
375 582
376 582
377 582
378 582
379 582
380 582
381 582
382 582
383 582
384 582
385 582
386 582
387 582
388 582
389 582
390 582
391 582
392 582
393 582
394 582
395 582
396 582
397 582
398 582
399 582
400 582
401 582
402 582
403 582
404 582
405 582
406 582
407 582
408 582
409 582
410 582
411 582
412 582
413 582
414 582
415 582
416 582
417 582
418 582
419 582
420 582
421 582
422 582
423 582
424 582
425 582
426 582
427 582
428 582
429 582
430 582
431 582
432 582
433 582
434 582
435 582
436 582
437 582
438 582
439 582
440 582
441 582
442 582
443 582
444 582
445 582
446 582
447 582
448 582
449 582
450 582
451 582
452 582
453 582
454 582
455 582
456 582
457 582
458 582
459 582
460 582
461 582
462 582
463 582
464 582
465 582
466 582
467 582
468 582
469 582
470 582
471 582
472 582
473 582
474 582
475 582
476 582
477 582
478 582
479 582
480 582
481 582
482 582
483 582
484 582
485 582
486 582
487 582
488 582
489 582
490 582
491 582
492 582
493 582
494 582
495 582
496 582
497 582
498 582
499 582
500 582
501 582
502 582
503 582
504 582
505 582
506 582
507 582
508 582
509 582
510 582
511 582
512 582
513 582
514 582
515 582
516 582
517 582
518 582
519 582
520 582
521 582
522 582
523 582
524 582
525 582
526 582
527 582
528 582
529 582
530 582
531 582
532 582
533 582
534 582
535 582
536 582
537 582
538 582
539 582
540 582
541 582
542 582
543 582
544 582
545 582
546 582
547 582
548 582
549 582
550 582
551 582
552 582
553 582
554 582
555 582
556 582
557 582
558 582
559 582
560 582
561 582
562 582
563 582
564 582
565 582
566 582
567 582
568 582
569 582
570 582
571 582
572 582
573 582
574 582
575 582
576 582
577 582
578 582
579 582
580 582
581 582
582 583
