665
664
1 664
2 664
3 664
4 664
5 664
6 664
7 664
8 664
9 664
10 664
11 664
12 664
13 664
14 664
15 664
16 664
17 664
18 664
19 664
20 664
21 664
22 664
23 664
24 664
25 664
26 664
27 664
28 664
29 664
30 664
31 664
32 664
33 664
34 664
35 664
36 664
37 664
38 664
39 664
40 664
41 664
42 664
43 664
44 664
45 664
46 664
47 664
48 664
49 664
50 664
51 664
52 664
53 664
54 664
55 664
56 664
57 664
58 664
59 664
60 664
61 664
62 664
63 664
64 664
65 664
66 664
67 664
68 664
69 664
70 664
71 664
72 664
73 664
74 664
75 664
76 664
77 664
78 664
79 664
80 664
81 664
82 664
83 664
84 664
85 664
86 664
87 664
88 664
89 664
90 664
91 664
92 664
93 664
94 664
95 664
96 664
97 664
98 664
99 664
100 664
101 664
102 664
103 664
104 664
105 664
106 664
107 664
108 664
109 664
110 664
111 664
112 664
113 664
114 664
115 664
116 664
117 664
118 664
119 664
120 664
121 664
122 664
123 664
124 664
125 664
126 664
127 664
128 664
129 664
130 664
131 664
132 664
133 664
134 664
135 664
136 664
137 664
138 664
139 664
140 664
141 664
142 664
143 664
144 664
145 664
146 664
147 664
148 664
149 664
150 664
151 664
152 664
153 664
154 664
155 664
156 664
157 664
158 664
159 664
160 664
161 664
162 664
163 664
164 664
165 664
166 664
167 664
168 664
169 664
170 664
171 664
172 664
173 664
174 664
175 664
176 664
177 664
178 664
179 664
180 664
181 664
182 664
183 664
184 664
185 664
186 664
187 664
188 664
189 664
190 664
191 664
192 664
193 664
194 664
195 664
196 664
197 664
198 664
199 664
200 664
201 664
202 664
203 664
204 664
205 664
206 664
207 664
208 664
209 664
210 664
211 664
212 664
213 664
214 664
215 664
216 664
217 664
218 664
219 664
220 664
221 664
222 664
223 664
224 664
225 664
226 664
227 664
228 664
229 664
230 664
231 664
232 664
233 664
234 664
235 664
236 664
237 664
238 664
239 664
240 664
241 664
242 664
243 664
244 664
245 664
246 664
247 664
248 664
249 664
250 664
251 664
252 664
253 664
254 664
255 664
256 664
257 664
258 664
259 664
260 664
261 664
262 664
263 664
264 664
265 664
266 664
267 664
268 664
269 664
270 664
271 664
272 664
273 664
274 664
275 664
276 664
277 664
278 664
279 664
280 664
281 664
282 664
283 664
284 664
285 664
286 664
287 664
288 664
289 664
290 664
291 664
292 664
293 664
294 664
295 664
296 664
297 664
298 664
299 664
300 664
301 664
302 664
303 664
304 664
305 664
306 664
307 664
308 664
309 664
310 664
311 664
312 664
313 664
314 664
315 664
316 664
317 664
318 664
319 664
320 664
321 664
322 664
323 664
324 664
325 664
326 664
327 664
328 664
329 664
330 664
331 664
332 664
333 664
334 664
335 664
336 664
337 664
338 664
339 664
340 664
341 664
342 664
343 664
344 664
345 664
346 664
347 664
348 664
349 664
350 664
351 664
352 664
353 664
354 664
355 664
356 664
357 664
358 664
359 664
360 664
361 664
362 664
363 664
364 664
365 664
366 664
367 664
368 664
369 664
370 664
371 664
372 664
373 664
374 664
375 664
376 664
377 664
378 664
379 664
380 664
381 664
382 664
383 664
384 664
385 664
386 664
387 664
388 664
389 664
390 664
391 664
392 664
393 664
394 664
395 664
396 664
397 664
398 664
399 664
400 664
401 664
402 664
403 664
404 664
405 664
406 664
407 664
408 664
409 664
410 664
411 664
412 664
413 664
414 664
415 664
416 664
417 664
418 664
419 664
420 664
421 664
422 664
423 664
424 664
425 664
426 664
427 664
428 664
429 664
430 664
431 664
432 664
433 664
434 664
435 664
436 664
437 664
438 664
439 664
440 664
441 664
442 664
443 664
444 664
445 664
446 664
447 664
448 664
449 664
450 664
451 664
452 664
453 664
454 664
455 664
456 664
457 664
458 664
459 664
460 664
461 664
462 664
463 664
464 664
465 664
466 664
467 664
468 664
469 664
470 664
471 664
472 664
473 664
474 664
475 664
476 664
477 664
478 664
479 664
480 664
481 664
482 664
483 664
484 664
485 664
486 664
487 664
488 664
489 664
490 664
491 664
492 664
493 664
494 664
495 664
496 664
497 664
498 664
499 664
500 664
501 664
502 664
503 664
504 664
505 664
506 664
507 664
508 664
509 664
510 664
511 664
512 664
513 664
514 664
515 664
516 664
517 664
518 664
519 664
520 664
521 664
522 664
523 664
524 664
525 664
526 664
527 664
528 664
529 664
530 664
531 664
532 664
533 664
534 664
535 664
536 664
537 664
538 664
539 664
540 664
541 664
542 664
543 664
544 664
545 664
546 664
547 664
548 664
549 664
550 664
551 664
552 664
553 664
554 664
555 664
556 664
557 664
558 664
559 664
560 664
561 664
562 664
563 664
564 664
565 664
566 664
567 664
568 664
569 664
570 664
571 664
572 664
573 664
574 664
575 664
576 664
577 664
578 664
579 664
580 664
581 664
582 664
583 664
584 664
585 664
586 664
587 664
588 664
589 664
590 664
591 664
592 664
593 664
594 664
595 664
596 664
597 664
598 664
599 664
600 664
601 664
602 664
603 664
604 664
605 664
606 664
607 664
608 664
609 664
610 664
611 664
612 664
613 664
614 664
615 664
616 664
617 664
618 664
619 664
620 664
621 664
622 664
623 664
624 664
625 664
626 664
627 664
628 664
629 664
630 664
631 664
632 664
633 664
634 664
635 664
636 664
637 664
638 664
639 664
640 664
641 664
642 664
643 664
644 664
645 664
646 664
647 664
648 664
649 664
650 664
651 664
652 664
653 664
654 664
655 664
656 664
657 664
658 664
659 664
660 664
661 664
662 664
663 664
664 665
