900
899
1 899
2 899
3 899
4 899
5 899
6 899
7 899
8 899
9 899
10 899
11 899
12 899
13 899
14 899
15 899
16 899
17 899
18 899
19 899
20 899
21 899
22 899
23 899
24 899
25 899
26 899
27 899
28 899
29 899
30 899
31 899
32 899
33 899
34 899
35 899
36 899
37 899
38 899
39 899
40 899
41 899
42 899
43 899
44 899
45 899
46 899
47 899
48 899
49 899
50 899
51 899
52 899
53 899
54 899
55 899
56 899
57 899
58 899
59 899
60 899
61 899
62 899
63 899
64 899
65 899
66 899
67 899
68 899
69 899
70 899
71 899
72 899
73 899
74 899
75 899
76 899
77 899
78 899
79 899
80 899
81 899
82 899
83 899
84 899
85 899
86 899
87 899
88 899
89 899
90 899
91 899
92 899
93 899
94 899
95 899
96 899
97 899
98 899
99 899
100 899
101 899
102 899
103 899
104 899
105 899
106 899
107 899
108 899
109 899
110 899
111 899
112 899
113 899
114 899
115 899
116 899
117 899
118 899
119 899
120 899
121 899
122 899
123 899
124 899
125 899
126 899
127 899
128 899
129 899
130 899
131 899
132 899
133 899
134 899
135 899
136 899
137 899
138 899
139 899
140 899
141 899
142 899
143 899
144 899
145 899
146 899
147 899
148 899
149 899
150 899
151 899
152 899
153 899
154 899
155 899
156 899
157 899
158 899
159 899
160 899
161 899
162 899
163 899
164 899
165 899
166 899
167 899
168 899
169 899
170 899
171 899
172 899
173 899
174 899
175 899
176 899
177 899
178 899
179 899
180 899
181 899
182 899
183 899
184 899
185 899
186 899
187 899
188 899
189 899
190 899
191 899
192 899
193 899
194 899
195 899
196 899
197 899
198 899
199 899
200 899
201 899
202 899
203 899
204 899
205 899
206 899
207 899
208 899
209 899
210 899
211 899
212 899
213 899
214 899
215 899
216 899
217 899
218 899
219 899
220 899
221 899
222 899
223 899
224 899
225 899
226 899
227 899
228 899
229 899
230 899
231 899
232 899
233 899
234 899
235 899
236 899
237 899
238 899
239 899
240 899
241 899
242 899
243 899
244 899
245 899
246 899
247 899
248 899
249 899
250 899
251 899
252 899
253 899
254 899
255 899
256 899
257 899
258 899
259 899
260 899
261 899
262 899
263 899
264 899
265 899
266 899
267 899
268 899
269 899
270 899
271 899
272 899
273 899
274 899
275 899
276 899
277 899
278 899
279 899
280 899
281 899
282 899
283 899
284 899
285 899
286 899
287 899
288 899
289 899
290 899
291 899
292 899
293 899
294 899
295 899
296 899
297 899
298 899
299 899
300 899
301 899
302 899
303 899
304 899
305 899
306 899
307 899
308 899
309 899
310 899
311 899
312 899
313 899
314 899
315 899
316 899
317 899
318 899
319 899
320 899
321 899
322 899
323 899
324 899
325 899
326 899
327 899
328 899
329 899
330 899
331 899
332 899
333 899
334 899
335 899
336 899
337 899
338 899
339 899
340 899
341 899
342 899
343 899
344 899
345 899
346 899
347 899
348 899
349 899
350 899
351 899
352 899
353 899
354 899
355 899
356 899
357 899
358 899
359 899
360 899
361 899
362 899
363 899
364 899
365 899
366 899
367 899
368 899
369 899
370 899
371 899
372 899
373 899
374 899
375 899
376 899
377 899
378 899
379 899
380 899
381 899
382 899
383 899
384 899
385 899
386 899
387 899
388 899
389 899
390 899
391 899
392 899
393 899
394 899
395 899
396 899
397 899
398 899
399 899
400 899
401 899
402 899
403 899
404 899
405 899
406 899
407 899
408 899
409 899
410 899
411 899
412 899
413 899
414 899
415 899
416 899
417 899
418 899
419 899
420 899
421 899
422 899
423 899
424 899
425 899
426 899
427 899
428 899
429 899
430 899
431 899
432 899
433 899
434 899
435 899
436 899
437 899
438 899
439 899
440 899
441 899
442 899
443 899
444 899
445 899
446 899
447 899
448 899
449 899
450 899
451 899
452 899
453 899
454 899
455 899
456 899
457 899
458 899
459 899
460 899
461 899
462 899
463 899
464 899
465 899
466 899
467 899
468 899
469 899
470 899
471 899
472 899
473 899
474 899
475 899
476 899
477 899
478 899
479 899
480 899
481 899
482 899
483 899
484 899
485 899
486 899
487 899
488 899
489 899
490 899
491 899
492 899
493 899
494 899
495 899
496 899
497 899
498 899
499 899
500 899
501 899
502 899
503 899
504 899
505 899
506 899
507 899
508 899
509 899
510 899
511 899
512 899
513 899
514 899
515 899
516 899
517 899
518 899
519 899
520 899
521 899
522 899
523 899
524 899
525 899
526 899
527 899
528 899
529 899
530 899
531 899
532 899
533 899
534 899
535 899
536 899
537 899
538 899
539 899
540 899
541 899
542 899
543 899
544 899
545 899
546 899
547 899
548 899
549 899
550 899
551 899
552 899
553 899
554 899
555 899
556 899
557 899
558 899
559 899
560 899
561 899
562 899
563 899
564 899
565 899
566 899
567 899
568 899
569 899
570 899
571 899
572 899
573 899
574 899
575 899
576 899
577 899
578 899
579 899
580 899
581 899
582 899
583 899
584 899
585 899
586 899
587 899
588 899
589 899
590 899
591 899
592 899
593 899
594 899
595 899
596 899
597 899
598 899
599 899
600 899
601 899
602 899
603 899
604 899
605 899
606 899
607 899
608 899
609 899
610 899
611 899
612 899
613 899
614 899
615 899
616 899
617 899
618 899
619 899
620 899
621 899
622 899
623 899
624 899
625 899
626 899
627 899
628 899
629 899
630 899
631 899
632 899
633 899
634 899
635 899
636 899
637 899
638 899
639 899
640 899
641 899
642 899
643 899
644 899
645 899
646 899
647 899
648 899
649 899
650 899
651 899
652 899
653 899
654 899
655 899
656 899
657 899
658 899
659 899
660 899
661 899
662 899
663 899
664 899
665 899
666 899
667 899
668 899
669 899
670 899
671 899
672 899
673 899
674 899
675 899
676 899
677 899
678 899
679 899
680 899
681 899
682 899
683 899
684 899
685 899
686 899
687 899
688 899
689 899
690 899
691 899
692 899
693 899
694 899
695 899
696 899
697 899
698 899
699 899
700 899
701 899
702 899
703 899
704 899
705 899
706 899
707 899
708 899
709 899
710 899
711 899
712 899
713 899
714 899
715 899
716 899
717 899
718 899
719 899
720 899
721 899
722 899
723 899
724 899
725 899
726 899
727 899
728 899
729 899
730 899
731 899
732 899
733 899
734 899
735 899
736 899
737 899
738 899
739 899
740 899
741 899
742 899
743 899
744 899
745 899
746 899
747 899
748 899
749 899
750 899
751 899
752 899
753 899
754 899
755 899
756 899
757 899
758 899
759 899
760 899
761 899
762 899
763 899
764 899
765 899
766 899
767 899
768 899
769 899
770 899
771 899
772 899
773 899
774 899
775 899
776 899
777 899
778 899
779 899
780 899
781 899
782 899
783 899
784 899
785 899
786 899
787 899
788 899
789 899
790 899
791 899
792 899
793 899
794 899
795 899
796 899
797 899
798 899
799 899
800 899
801 899
802 899
803 899
804 899
805 899
806 899
807 899
808 899
809 899
810 899
811 899
812 899
813 899
814 899
815 899
816 899
817 899
818 899
819 899
820 899
821 899
822 899
823 899
824 899
825 899
826 899
827 899
828 899
829 899
830 899
831 899
832 899
833 899
834 899
835 899
836 899
837 899
838 899
839 899
840 899
841 899
842 899
843 899
844 899
845 899
846 899
847 899
848 899
849 899
850 899
851 899
852 899
853 899
854 899
855 899
856 899
857 899
858 899
859 899
860 899
861 899
862 899
863 899
864 899
865 899
866 899
867 899
868 899
869 899
870 899
871 899
872 899
873 899
874 899
875 899
876 899
877 899
878 899
879 899
880 899
881 899
882 899
883 899
884 899
885 899
886 899
887 899
888 899
889 899
890 899
891 899
892 899
893 899
894 899
895 899
896 899
897 899
898 899
899 900
