922
921
1 921
2 921
3 921
4 921
5 921
6 921
7 921
8 921
9 921
10 921
11 921
12 921
13 921
14 921
15 921
16 921
17 921
18 921
19 921
20 921
21 921
22 921
23 921
24 921
25 921
26 921
27 921
28 921
29 921
30 921
31 921
32 921
33 921
34 921
35 921
36 921
37 921
38 921
39 921
40 921
41 921
42 921
43 921
44 921
45 921
46 921
47 921
48 921
49 921
50 921
51 921
52 921
53 921
54 921
55 921
56 921
57 921
58 921
59 921
60 921
61 921
62 921
63 921
64 921
65 921
66 921
67 921
68 921
69 921
70 921
71 921
72 921
73 921
74 921
75 921
76 921
77 921
78 921
79 921
80 921
81 921
82 921
83 921
84 921
85 921
86 921
87 921
88 921
89 921
90 921
91 921
92 921
93 921
94 921
95 921
96 921
97 921
98 921
99 921
100 921
101 921
102 921
103 921
104 921
105 921
106 921
107 921
108 921
109 921
110 921
111 921
112 921
113 921
114 921
115 921
116 921
117 921
118 921
119 921
120 921
121 921
122 921
123 921
124 921
125 921
126 921
127 921
128 921
129 921
130 921
131 921
132 921
133 921
134 921
135 921
136 921
137 921
138 921
139 921
140 921
141 921
142 921
143 921
144 921
145 921
146 921
147 921
148 921
149 921
150 921
151 921
152 921
153 921
154 921
155 921
156 921
157 921
158 921
159 921
160 921
161 921
162 921
163 921
164 921
165 921
166 921
167 921
168 921
169 921
170 921
171 921
172 921
173 921
174 921
175 921
176 921
177 921
178 921
179 921
180 921
181 921
182 921
183 921
184 921
185 921
186 921
187 921
188 921
189 921
190 921
191 921
192 921
193 921
194 921
195 921
196 921
197 921
198 921
199 921
200 921
201 921
202 921
203 921
204 921
205 921
206 921
207 921
208 921
209 921
210 921
211 921
212 921
213 921
214 921
215 921
216 921
217 921
218 921
219 921
220 921
221 921
222 921
223 921
224 921
225 921
226 921
227 921
228 921
229 921
230 921
231 921
232 921
233 921
234 921
235 921
236 921
237 921
238 921
239 921
240 921
241 921
242 921
243 921
244 921
245 921
246 921
247 921
248 921
249 921
250 921
251 921
252 921
253 921
254 921
255 921
256 921
257 921
258 921
259 921
260 921
261 921
262 921
263 921
264 921
265 921
266 921
267 921
268 921
269 921
270 921
271 921
272 921
273 921
274 921
275 921
276 921
277 921
278 921
279 921
280 921
281 921
282 921
283 921
284 921
285 921
286 921
287 921
288 921
289 921
290 921
291 921
292 921
293 921
294 921
295 921
296 921
297 921
298 921
299 921
300 921
301 921
302 921
303 921
304 921
305 921
306 921
307 921
308 921
309 921
310 921
311 921
312 921
313 921
314 921
315 921
316 921
317 921
318 921
319 921
320 921
321 921
322 921
323 921
324 921
325 921
326 921
327 921
328 921
329 921
330 921
331 921
332 921
333 921
334 921
335 921
336 921
337 921
338 921
339 921
340 921
341 921
342 921
343 921
344 921
345 921
346 921
347 921
348 921
349 921
350 921
351 921
352 921
353 921
354 921
355 921
356 921
357 921
358 921
359 921
360 921
361 921
362 921
363 921
364 921
365 921
366 921
367 921
368 921
369 921
370 921
371 921
372 921
373 921
374 921
375 921
376 921
377 921
378 921
379 921
380 921
381 921
382 921
383 921
384 921
385 921
386 921
387 921
388 921
389 921
390 921
391 921
392 921
393 921
394 921
395 921
396 921
397 921
398 921
399 921
400 921
401 921
402 921
403 921
404 921
405 921
406 921
407 921
408 921
409 921
410 921
411 921
412 921
413 921
414 921
415 921
416 921
417 921
418 921
419 921
420 921
421 921
422 921
423 921
424 921
425 921
426 921
427 921
428 921
429 921
430 921
431 921
432 921
433 921
434 921
435 921
436 921
437 921
438 921
439 921
440 921
441 921
442 921
443 921
444 921
445 921
446 921
447 921
448 921
449 921
450 921
451 921
452 921
453 921
454 921
455 921
456 921
457 921
458 921
459 921
460 921
461 921
462 921
463 921
464 921
465 921
466 921
467 921
468 921
469 921
470 921
471 921
472 921
473 921
474 921
475 921
476 921
477 921
478 921
479 921
480 921
481 921
482 921
483 921
484 921
485 921
486 921
487 921
488 921
489 921
490 921
491 921
492 921
493 921
494 921
495 921
496 921
497 921
498 921
499 921
500 921
501 921
502 921
503 921
504 921
505 921
506 921
507 921
508 921
509 921
510 921
511 921
512 921
513 921
514 921
515 921
516 921
517 921
518 921
519 921
520 921
521 921
522 921
523 921
524 921
525 921
526 921
527 921
528 921
529 921
530 921
531 921
532 921
533 921
534 921
535 921
536 921
537 921
538 921
539 921
540 921
541 921
542 921
543 921
544 921
545 921
546 921
547 921
548 921
549 921
550 921
551 921
552 921
553 921
554 921
555 921
556 921
557 921
558 921
559 921
560 921
561 921
562 921
563 921
564 921
565 921
566 921
567 921
568 921
569 921
570 921
571 921
572 921
573 921
574 921
575 921
576 921
577 921
578 921
579 921
580 921
581 921
582 921
583 921
584 921
585 921
586 921
587 921
588 921
589 921
590 921
591 921
592 921
593 921
594 921
595 921
596 921
597 921
598 921
599 921
600 921
601 921
602 921
603 921
604 921
605 921
606 921
607 921
608 921
609 921
610 921
611 921
612 921
613 921
614 921
615 921
616 921
617 921
618 921
619 921
620 921
621 921
622 921
623 921
624 921
625 921
626 921
627 921
628 921
629 921
630 921
631 921
632 921
633 921
634 921
635 921
636 921
637 921
638 921
639 921
640 921
641 921
642 921
643 921
644 921
645 921
646 921
647 921
648 921
649 921
650 921
651 921
652 921
653 921
654 921
655 921
656 921
657 921
658 921
659 921
660 921
661 921
662 921
663 921
664 921
665 921
666 921
667 921
668 921
669 921
670 921
671 921
672 921
673 921
674 921
675 921
676 921
677 921
678 921
679 921
680 921
681 921
682 921
683 921
684 921
685 921
686 921
687 921
688 921
689 921
690 921
691 921
692 921
693 921
694 921
695 921
696 921
697 921
698 921
699 921
700 921
701 921
702 921
703 921
704 921
705 921
706 921
707 921
708 921
709 921
710 921
711 921
712 921
713 921
714 921
715 921
716 921
717 921
718 921
719 921
720 921
721 921
722 921
723 921
724 921
725 921
726 921
727 921
728 921
729 921
730 921
731 921
732 921
733 921
734 921
735 921
736 921
737 921
738 921
739 921
740 921
741 921
742 921
743 921
744 921
745 921
746 921
747 921
748 921
749 921
750 921
751 921
752 921
753 921
754 921
755 921
756 921
757 921
758 921
759 921
760 921
761 921
762 921
763 921
764 921
765 921
766 921
767 921
768 921
769 921
770 921
771 921
772 921
773 921
774 921
775 921
776 921
777 921
778 921
779 921
780 921
781 921
782 921
783 921
784 921
785 921
786 921
787 921
788 921
789 921
790 921
791 921
792 921
793 921
794 921
795 921
796 921
797 921
798 921
799 921
800 921
801 921
802 921
803 921
804 921
805 921
806 921
807 921
808 921
809 921
810 921
811 921
812 921
813 921
814 921
815 921
816 921
817 921
818 921
819 921
820 921
821 921
822 921
823 921
824 921
825 921
826 921
827 921
828 921
829 921
830 921
831 921
832 921
833 921
834 921
835 921
836 921
837 921
838 921
839 921
840 921
841 921
842 921
843 921
844 921
845 921
846 921
847 921
848 921
849 921
850 921
851 921
852 921
853 921
854 921
855 921
856 921
857 921
858 921
859 921
860 921
861 921
862 921
863 921
864 921
865 921
866 921
867 921
868 921
869 921
870 921
871 921
872 921
873 921
874 921
875 921
876 921
877 921
878 921
879 921
880 921
881 921
882 921
883 921
884 921
885 921
886 921
887 921
888 921
889 921
890 921
891 921
892 921
893 921
894 921
895 921
896 921
897 921
898 921
899 921
900 921
901 921
902 921
903 921
904 921
905 921
906 921
907 921
908 921
909 921
910 921
911 921
912 921
913 921
914 921
915 921
916 921
917 921
918 921
919 921
920 921
921 922
