830
829
1 829
2 829
3 829
4 829
5 829
6 829
7 829
8 829
9 829
10 829
11 829
12 829
13 829
14 829
15 829
16 829
17 829
18 829
19 829
20 829
21 829
22 829
23 829
24 829
25 829
26 829
27 829
28 829
29 829
30 829
31 829
32 829
33 829
34 829
35 829
36 829
37 829
38 829
39 829
40 829
41 829
42 829
43 829
44 829
45 829
46 829
47 829
48 829
49 829
50 829
51 829
52 829
53 829
54 829
55 829
56 829
57 829
58 829
59 829
60 829
61 829
62 829
63 829
64 829
65 829
66 829
67 829
68 829
69 829
70 829
71 829
72 829
73 829
74 829
75 829
76 829
77 829
78 829
79 829
80 829
81 829
82 829
83 829
84 829
85 829
86 829
87 829
88 829
89 829
90 829
91 829
92 829
93 829
94 829
95 829
96 829
97 829
98 829
99 829
100 829
101 829
102 829
103 829
104 829
105 829
106 829
107 829
108 829
109 829
110 829
111 829
112 829
113 829
114 829
115 829
116 829
117 829
118 829
119 829
120 829
121 829
122 829
123 829
124 829
125 829
126 829
127 829
128 829
129 829
130 829
131 829
132 829
133 829
134 829
135 829
136 829
137 829
138 829
139 829
140 829
141 829
142 829
143 829
144 829
145 829
146 829
147 829
148 829
149 829
150 829
151 829
152 829
153 829
154 829
155 829
156 829
157 829
158 829
159 829
160 829
161 829
162 829
163 829
164 829
165 829
166 829
167 829
168 829
169 829
170 829
171 829
172 829
173 829
174 829
175 829
176 829
177 829
178 829
179 829
180 829
181 829
182 829
183 829
184 829
185 829
186 829
187 829
188 829
189 829
190 829
191 829
192 829
193 829
194 829
195 829
196 829
197 829
198 829
199 829
200 829
201 829
202 829
203 829
204 829
205 829
206 829
207 829
208 829
209 829
210 829
211 829
212 829
213 829
214 829
215 829
216 829
217 829
218 829
219 829
220 829
221 829
222 829
223 829
224 829
225 829
226 829
227 829
228 829
229 829
230 829
231 829
232 829
233 829
234 829
235 829
236 829
237 829
238 829
239 829
240 829
241 829
242 829
243 829
244 829
245 829
246 829
247 829
248 829
249 829
250 829
251 829
252 829
253 829
254 829
255 829
256 829
257 829
258 829
259 829
260 829
261 829
262 829
263 829
264 829
265 829
266 829
267 829
268 829
269 829
270 829
271 829
272 829
273 829
274 829
275 829
276 829
277 829
278 829
279 829
280 829
281 829
282 829
283 829
284 829
285 829
286 829
287 829
288 829
289 829
290 829
291 829
292 829
293 829
294 829
295 829
296 829
297 829
298 829
299 829
300 829
301 829
302 829
303 829
304 829
305 829
306 829
307 829
308 829
309 829
310 829
311 829
312 829
313 829
314 829
315 829
316 829
317 829
318 829
319 829
320 829
321 829
322 829
323 829
324 829
325 829
326 829
327 829
328 829
329 829
330 829
331 829
332 829
333 829
334 829
335 829
336 829
337 829
338 829
339 829
340 829
341 829
342 829
343 829
344 829
345 829
346 829
347 829
348 829
349 829
350 829
351 829
352 829
353 829
354 829
355 829
356 829
357 829
358 829
359 829
360 829
361 829
362 829
363 829
364 829
365 829
366 829
367 829
368 829
369 829
370 829
371 829
372 829
373 829
374 829
375 829
376 829
377 829
378 829
379 829
380 829
381 829
382 829
383 829
384 829
385 829
386 829
387 829
388 829
389 829
390 829
391 829
392 829
393 829
394 829
395 829
396 829
397 829
398 829
399 829
400 829
401 829
402 829
403 829
404 829
405 829
406 829
407 829
408 829
409 829
410 829
411 829
412 829
413 829
414 829
415 829
416 829
417 829
418 829
419 829
420 829
421 829
422 829
423 829
424 829
425 829
426 829
427 829
428 829
429 829
430 829
431 829
432 829
433 829
434 829
435 829
436 829
437 829
438 829
439 829
440 829
441 829
442 829
443 829
444 829
445 829
446 829
447 829
448 829
449 829
450 829
451 829
452 829
453 829
454 829
455 829
456 829
457 829
458 829
459 829
460 829
461 829
462 829
463 829
464 829
465 829
466 829
467 829
468 829
469 829
470 829
471 829
472 829
473 829
474 829
475 829
476 829
477 829
478 829
479 829
480 829
481 829
482 829
483 829
484 829
485 829
486 829
487 829
488 829
489 829
490 829
491 829
492 829
493 829
494 829
495 829
496 829
497 829
498 829
499 829
500 829
501 829
502 829
503 829
504 829
505 829
506 829
507 829
508 829
509 829
510 829
511 829
512 829
513 829
514 829
515 829
516 829
517 829
518 829
519 829
520 829
521 829
522 829
523 829
524 829
525 829
526 829
527 829
528 829
529 829
530 829
531 829
532 829
533 829
534 829
535 829
536 829
537 829
538 829
539 829
540 829
541 829
542 829
543 829
544 829
545 829
546 829
547 829
548 829
549 829
550 829
551 829
552 829
553 829
554 829
555 829
556 829
557 829
558 829
559 829
560 829
561 829
562 829
563 829
564 829
565 829
566 829
567 829
568 829
569 829
570 829
571 829
572 829
573 829
574 829
575 829
576 829
577 829
578 829
579 829
580 829
581 829
582 829
583 829
584 829
585 829
586 829
587 829
588 829
589 829
590 829
591 829
592 829
593 829
594 829
595 829
596 829
597 829
598 829
599 829
600 829
601 829
602 829
603 829
604 829
605 829
606 829
607 829
608 829
609 829
610 829
611 829
612 829
613 829
614 829
615 829
616 829
617 829
618 829
619 829
620 829
621 829
622 829
623 829
624 829
625 829
626 829
627 829
628 829
629 829
630 829
631 829
632 829
633 829
634 829
635 829
636 829
637 829
638 829
639 829
640 829
641 829
642 829
643 829
644 829
645 829
646 829
647 829
648 829
649 829
650 829
651 829
652 829
653 829
654 829
655 829
656 829
657 829
658 829
659 829
660 829
661 829
662 829
663 829
664 829
665 829
666 829
667 829
668 829
669 829
670 829
671 829
672 829
673 829
674 829
675 829
676 829
677 829
678 829
679 829
680 829
681 829
682 829
683 829
684 829
685 829
686 829
687 829
688 829
689 829
690 829
691 829
692 829
693 829
694 829
695 829
696 829
697 829
698 829
699 829
700 829
701 829
702 829
703 829
704 829
705 829
706 829
707 829
708 829
709 829
710 829
711 829
712 829
713 829
714 829
715 829
716 829
717 829
718 829
719 829
720 829
721 829
722 829
723 829
724 829
725 829
726 829
727 829
728 829
729 829
730 829
731 829
732 829
733 829
734 829
735 829
736 829
737 829
738 829
739 829
740 829
741 829
742 829
743 829
744 829
745 829
746 829
747 829
748 829
749 829
750 829
751 829
752 829
753 829
754 829
755 829
756 829
757 829
758 829
759 829
760 829
761 829
762 829
763 829
764 829
765 829
766 829
767 829
768 829
769 829
770 829
771 829
772 829
773 829
774 829
775 829
776 829
777 829
778 829
779 829
780 829
781 829
782 829
783 829
784 829
785 829
786 829
787 829
788 829
789 829
790 829
791 829
792 829
793 829
794 829
795 829
796 829
797 829
798 829
799 829
800 829
801 829
802 829
803 829
804 829
805 829
806 829
807 829
808 829
809 829
810 829
811 829
812 829
813 829
814 829
815 829
816 829
817 829
818 829
819 829
820 829
821 829
822 829
823 829
824 829
825 829
826 829
827 829
828 829
829 830
