492
491
1 491
2 491
3 491
4 491
5 491
6 491
7 491
8 491
9 491
10 491
11 491
12 491
13 491
14 491
15 491
16 491
17 491
18 491
19 491
20 491
21 491
22 491
23 491
24 491
25 491
26 491
27 491
28 491
29 491
30 491
31 491
32 491
33 491
34 491
35 491
36 491
37 491
38 491
39 491
40 491
41 491
42 491
43 491
44 491
45 491
46 491
47 491
48 491
49 491
50 491
51 491
52 491
53 491
54 491
55 491
56 491
57 491
58 491
59 491
60 491
61 491
62 491
63 491
64 491
65 491
66 491
67 491
68 491
69 491
70 491
71 491
72 491
73 491
74 491
75 491
76 491
77 491
78 491
79 491
80 491
81 491
82 491
83 491
84 491
85 491
86 491
87 491
88 491
89 491
90 491
91 491
92 491
93 491
94 491
95 491
96 491
97 491
98 491
99 491
100 491
101 491
102 491
103 491
104 491
105 491
106 491
107 491
108 491
109 491
110 491
111 491
112 491
113 491
114 491
115 491
116 491
117 491
118 491
119 491
120 491
121 491
122 491
123 491
124 491
125 491
126 491
127 491
128 491
129 491
130 491
131 491
132 491
133 491
134 491
135 491
136 491
137 491
138 491
139 491
140 491
141 491
142 491
143 491
144 491
145 491
146 491
147 491
148 491
149 491
150 491
151 491
152 491
153 491
154 491
155 491
156 491
157 491
158 491
159 491
160 491
161 491
162 491
163 491
164 491
165 491
166 491
167 491
168 491
169 491
170 491
171 491
172 491
173 491
174 491
175 491
176 491
177 491
178 491
179 491
180 491
181 491
182 491
183 491
184 491
185 491
186 491
187 491
188 491
189 491
190 491
191 491
192 491
193 491
194 491
195 491
196 491
197 491
198 491
199 491
200 491
201 491
202 491
203 491
204 491
205 491
206 491
207 491
208 491
209 491
210 491
211 491
212 491
213 491
214 491
215 491
216 491
217 491
218 491
219 491
220 491
221 491
222 491
223 491
224 491
225 491
226 491
227 491
228 491
229 491
230 491
231 491
232 491
233 491
234 491
235 491
236 491
237 491
238 491
239 491
240 491
241 491
242 491
243 491
244 491
245 491
246 491
247 491
248 491
249 491
250 491
251 491
252 491
253 491
254 491
255 491
256 491
257 491
258 491
259 491
260 491
261 491
262 491
263 491
264 491
265 491
266 491
267 491
268 491
269 491
270 491
271 491
272 491
273 491
274 491
275 491
276 491
277 491
278 491
279 491
280 491
281 491
282 491
283 491
284 491
285 491
286 491
287 491
288 491
289 491
290 491
291 491
292 491
293 491
294 491
295 491
296 491
297 491
298 491
299 491
300 491
301 491
302 491
303 491
304 491
305 491
306 491
307 491
308 491
309 491
310 491
311 491
312 491
313 491
314 491
315 491
316 491
317 491
318 491
319 491
320 491
321 491
322 491
323 491
324 491
325 491
326 491
327 491
328 491
329 491
330 491
331 491
332 491
333 491
334 491
335 491
336 491
337 491
338 491
339 491
340 491
341 491
342 491
343 491
344 491
345 491
346 491
347 491
348 491
349 491
350 491
351 491
352 491
353 491
354 491
355 491
356 491
357 491
358 491
359 491
360 491
361 491
362 491
363 491
364 491
365 491
366 491
367 491
368 491
369 491
370 491
371 491
372 491
373 491
374 491
375 491
376 491
377 491
378 491
379 491
380 491
381 491
382 491
383 491
384 491
385 491
386 491
387 491
388 491
389 491
390 491
391 491
392 491
393 491
394 491
395 491
396 491
397 491
398 491
399 491
400 491
401 491
402 491
403 491
404 491
405 491
406 491
407 491
408 491
409 491
410 491
411 491
412 491
413 491
414 491
415 491
416 491
417 491
418 491
419 491
420 491
421 491
422 491
423 491
424 491
425 491
426 491
427 491
428 491
429 491
430 491
431 491
432 491
433 491
434 491
435 491
436 491
437 491
438 491
439 491
440 491
441 491
442 491
443 491
444 491
445 491
446 491
447 491
448 491
449 491
450 491
451 491
452 491
453 491
454 491
455 491
456 491
457 491
458 491
459 491
460 491
461 491
462 491
463 491
464 491
465 491
466 491
467 491
468 491
469 491
470 491
471 491
472 491
473 491
474 491
475 491
476 491
477 491
478 491
479 491
480 491
481 491
482 491
483 491
484 491
485 491
486 491
487 491
488 491
489 491
490 491
491 492
