575
574
1 574
2 574
3 574
4 574
5 574
6 574
7 574
8 574
9 574
10 574
11 574
12 574
13 574
14 574
15 574
16 574
17 574
18 574
19 574
20 574
21 574
22 574
23 574
24 574
25 574
26 574
27 574
28 574
29 574
30 574
31 574
32 574
33 574
34 574
35 574
36 574
37 574
38 574
39 574
40 574
41 574
42 574
43 574
44 574
45 574
46 574
47 574
48 574
49 574
50 574
51 574
52 574
53 574
54 574
55 574
56 574
57 574
58 574
59 574
60 574
61 574
62 574
63 574
64 574
65 574
66 574
67 574
68 574
69 574
70 574
71 574
72 574
73 574
74 574
75 574
76 574
77 574
78 574
79 574
80 574
81 574
82 574
83 574
84 574
85 574
86 574
87 574
88 574
89 574
90 574
91 574
92 574
93 574
94 574
95 574
96 574
97 574
98 574
99 574
100 574
101 574
102 574
103 574
104 574
105 574
106 574
107 574
108 574
109 574
110 574
111 574
112 574
113 574
114 574
115 574
116 574
117 574
118 574
119 574
120 574
121 574
122 574
123 574
124 574
125 574
126 574
127 574
128 574
129 574
130 574
131 574
132 574
133 574
134 574
135 574
136 574
137 574
138 574
139 574
140 574
141 574
142 574
143 574
144 574
145 574
146 574
147 574
148 574
149 574
150 574
151 574
152 574
153 574
154 574
155 574
156 574
157 574
158 574
159 574
160 574
161 574
162 574
163 574
164 574
165 574
166 574
167 574
168 574
169 574
170 574
171 574
172 574
173 574
174 574
175 574
176 574
177 574
178 574
179 574
180 574
181 574
182 574
183 574
184 574
185 574
186 574
187 574
188 574
189 574
190 574
191 574
192 574
193 574
194 574
195 574
196 574
197 574
198 574
199 574
200 574
201 574
202 574
203 574
204 574
205 574
206 574
207 574
208 574
209 574
210 574
211 574
212 574
213 574
214 574
215 574
216 574
217 574
218 574
219 574
220 574
221 574
222 574
223 574
224 574
225 574
226 574
227 574
228 574
229 574
230 574
231 574
232 574
233 574
234 574
235 574
236 574
237 574
238 574
239 574
240 574
241 574
242 574
243 574
244 574
245 574
246 574
247 574
248 574
249 574
250 574
251 574
252 574
253 574
254 574
255 574
256 574
257 574
258 574
259 574
260 574
261 574
262 574
263 574
264 574
265 574
266 574
267 574
268 574
269 574
270 574
271 574
272 574
273 574
274 574
275 574
276 574
277 574
278 574
279 574
280 574
281 574
282 574
283 574
284 574
285 574
286 574
287 574
288 574
289 574
290 574
291 574
292 574
293 574
294 574
295 574
296 574
297 574
298 574
299 574
300 574
301 574
302 574
303 574
304 574
305 574
306 574
307 574
308 574
309 574
310 574
311 574
312 574
313 574
314 574
315 574
316 574
317 574
318 574
319 574
320 574
321 574
322 574
323 574
324 574
325 574
326 574
327 574
328 574
329 574
330 574
331 574
332 574
333 574
334 574
335 574
336 574
337 574
338 574
339 574
340 574
341 574
342 574
343 574
344 574
345 574
346 574
347 574
348 574
349 574
350 574
351 574
352 574
353 574
354 574
355 574
356 574
357 574
358 574
359 574
360 574
361 574
362 574
363 574
364 574
365 574
366 574
367 574
368 574
369 574
370 574
371 574
372 574
373 574
374 574
375 574
376 574
377 574
378 574
379 574
380 574
381 574
382 574
383 574
384 574
385 574
386 574
387 574
388 574
389 574
390 574
391 574
392 574
393 574
394 574
395 574
396 574
397 574
398 574
399 574
400 574
401 574
402 574
403 574
404 574
405 574
406 574
407 574
408 574
409 574
410 574
411 574
412 574
413 574
414 574
415 574
416 574
417 574
418 574
419 574
420 574
421 574
422 574
423 574
424 574
425 574
426 574
427 574
428 574
429 574
430 574
431 574
432 574
433 574
434 574
435 574
436 574
437 574
438 574
439 574
440 574
441 574
442 574
443 574
444 574
445 574
446 574
447 574
448 574
449 574
450 574
451 574
452 574
453 574
454 574
455 574
456 574
457 574
458 574
459 574
460 574
461 574
462 574
463 574
464 574
465 574
466 574
467 574
468 574
469 574
470 574
471 574
472 574
473 574
474 574
475 574
476 574
477 574
478 574
479 574
480 574
481 574
482 574
483 574
484 574
485 574
486 574
487 574
488 574
489 574
490 574
491 574
492 574
493 574
494 574
495 574
496 574
497 574
498 574
499 574
500 574
501 574
502 574
503 574
504 574
505 574
506 574
507 574
508 574
509 574
510 574
511 574
512 574
513 574
514 574
515 574
516 574
517 574
518 574
519 574
520 574
521 574
522 574
523 574
524 574
525 574
526 574
527 574
528 574
529 574
530 574
531 574
532 574
533 574
534 574
535 574
536 574
537 574
538 574
539 574
540 574
541 574
542 574
543 574
544 574
545 574
546 574
547 574
548 574
549 574
550 574
551 574
552 574
553 574
554 574
555 574
556 574
557 574
558 574
559 574
560 574
561 574
562 574
563 574
564 574
565 574
566 574
567 574
568 574
569 574
570 574
571 574
572 574
573 574
574 575
