545
544
1 544
2 544
3 544
4 544
5 544
6 544
7 544
8 544
9 544
10 544
11 544
12 544
13 544
14 544
15 544
16 544
17 544
18 544
19 544
20 544
21 544
22 544
23 544
24 544
25 544
26 544
27 544
28 544
29 544
30 544
31 544
32 544
33 544
34 544
35 544
36 544
37 544
38 544
39 544
40 544
41 544
42 544
43 544
44 544
45 544
46 544
47 544
48 544
49 544
50 544
51 544
52 544
53 544
54 544
55 544
56 544
57 544
58 544
59 544
60 544
61 544
62 544
63 544
64 544
65 544
66 544
67 544
68 544
69 544
70 544
71 544
72 544
73 544
74 544
75 544
76 544
77 544
78 544
79 544
80 544
81 544
82 544
83 544
84 544
85 544
86 544
87 544
88 544
89 544
90 544
91 544
92 544
93 544
94 544
95 544
96 544
97 544
98 544
99 544
100 544
101 544
102 544
103 544
104 544
105 544
106 544
107 544
108 544
109 544
110 544
111 544
112 544
113 544
114 544
115 544
116 544
117 544
118 544
119 544
120 544
121 544
122 544
123 544
124 544
125 544
126 544
127 544
128 544
129 544
130 544
131 544
132 544
133 544
134 544
135 544
136 544
137 544
138 544
139 544
140 544
141 544
142 544
143 544
144 544
145 544
146 544
147 544
148 544
149 544
150 544
151 544
152 544
153 544
154 544
155 544
156 544
157 544
158 544
159 544
160 544
161 544
162 544
163 544
164 544
165 544
166 544
167 544
168 544
169 544
170 544
171 544
172 544
173 544
174 544
175 544
176 544
177 544
178 544
179 544
180 544
181 544
182 544
183 544
184 544
185 544
186 544
187 544
188 544
189 544
190 544
191 544
192 544
193 544
194 544
195 544
196 544
197 544
198 544
199 544
200 544
201 544
202 544
203 544
204 544
205 544
206 544
207 544
208 544
209 544
210 544
211 544
212 544
213 544
214 544
215 544
216 544
217 544
218 544
219 544
220 544
221 544
222 544
223 544
224 544
225 544
226 544
227 544
228 544
229 544
230 544
231 544
232 544
233 544
234 544
235 544
236 544
237 544
238 544
239 544
240 544
241 544
242 544
243 544
244 544
245 544
246 544
247 544
248 544
249 544
250 544
251 544
252 544
253 544
254 544
255 544
256 544
257 544
258 544
259 544
260 544
261 544
262 544
263 544
264 544
265 544
266 544
267 544
268 544
269 544
270 544
271 544
272 544
273 544
274 544
275 544
276 544
277 544
278 544
279 544
280 544
281 544
282 544
283 544
284 544
285 544
286 544
287 544
288 544
289 544
290 544
291 544
292 544
293 544
294 544
295 544
296 544
297 544
298 544
299 544
300 544
301 544
302 544
303 544
304 544
305 544
306 544
307 544
308 544
309 544
310 544
311 544
312 544
313 544
314 544
315 544
316 544
317 544
318 544
319 544
320 544
321 544
322 544
323 544
324 544
325 544
326 544
327 544
328 544
329 544
330 544
331 544
332 544
333 544
334 544
335 544
336 544
337 544
338 544
339 544
340 544
341 544
342 544
343 544
344 544
345 544
346 544
347 544
348 544
349 544
350 544
351 544
352 544
353 544
354 544
355 544
356 544
357 544
358 544
359 544
360 544
361 544
362 544
363 544
364 544
365 544
366 544
367 544
368 544
369 544
370 544
371 544
372 544
373 544
374 544
375 544
376 544
377 544
378 544
379 544
380 544
381 544
382 544
383 544
384 544
385 544
386 544
387 544
388 544
389 544
390 544
391 544
392 544
393 544
394 544
395 544
396 544
397 544
398 544
399 544
400 544
401 544
402 544
403 544
404 544
405 544
406 544
407 544
408 544
409 544
410 544
411 544
412 544
413 544
414 544
415 544
416 544
417 544
418 544
419 544
420 544
421 544
422 544
423 544
424 544
425 544
426 544
427 544
428 544
429 544
430 544
431 544
432 544
433 544
434 544
435 544
436 544
437 544
438 544
439 544
440 544
441 544
442 544
443 544
444 544
445 544
446 544
447 544
448 544
449 544
450 544
451 544
452 544
453 544
454 544
455 544
456 544
457 544
458 544
459 544
460 544
461 544
462 544
463 544
464 544
465 544
466 544
467 544
468 544
469 544
470 544
471 544
472 544
473 544
474 544
475 544
476 544
477 544
478 544
479 544
480 544
481 544
482 544
483 544
484 544
485 544
486 544
487 544
488 544
489 544
490 544
491 544
492 544
493 544
494 544
495 544
496 544
497 544
498 544
499 544
500 544
501 544
502 544
503 544
504 544
505 544
506 544
507 544
508 544
509 544
510 544
511 544
512 544
513 544
514 544
515 544
516 544
517 544
518 544
519 544
520 544
521 544
522 544
523 544
524 544
525 544
526 544
527 544
528 544
529 544
530 544
531 544
532 544
533 544
534 544
535 544
536 544
537 544
538 544
539 544
540 544
541 544
542 544
543 544
544 545
