837
836
1 836
2 836
3 836
4 836
5 836
6 836
7 836
8 836
9 836
10 836
11 836
12 836
13 836
14 836
15 836
16 836
17 836
18 836
19 836
20 836
21 836
22 836
23 836
24 836
25 836
26 836
27 836
28 836
29 836
30 836
31 836
32 836
33 836
34 836
35 836
36 836
37 836
38 836
39 836
40 836
41 836
42 836
43 836
44 836
45 836
46 836
47 836
48 836
49 836
50 836
51 836
52 836
53 836
54 836
55 836
56 836
57 836
58 836
59 836
60 836
61 836
62 836
63 836
64 836
65 836
66 836
67 836
68 836
69 836
70 836
71 836
72 836
73 836
74 836
75 836
76 836
77 836
78 836
79 836
80 836
81 836
82 836
83 836
84 836
85 836
86 836
87 836
88 836
89 836
90 836
91 836
92 836
93 836
94 836
95 836
96 836
97 836
98 836
99 836
100 836
101 836
102 836
103 836
104 836
105 836
106 836
107 836
108 836
109 836
110 836
111 836
112 836
113 836
114 836
115 836
116 836
117 836
118 836
119 836
120 836
121 836
122 836
123 836
124 836
125 836
126 836
127 836
128 836
129 836
130 836
131 836
132 836
133 836
134 836
135 836
136 836
137 836
138 836
139 836
140 836
141 836
142 836
143 836
144 836
145 836
146 836
147 836
148 836
149 836
150 836
151 836
152 836
153 836
154 836
155 836
156 836
157 836
158 836
159 836
160 836
161 836
162 836
163 836
164 836
165 836
166 836
167 836
168 836
169 836
170 836
171 836
172 836
173 836
174 836
175 836
176 836
177 836
178 836
179 836
180 836
181 836
182 836
183 836
184 836
185 836
186 836
187 836
188 836
189 836
190 836
191 836
192 836
193 836
194 836
195 836
196 836
197 836
198 836
199 836
200 836
201 836
202 836
203 836
204 836
205 836
206 836
207 836
208 836
209 836
210 836
211 836
212 836
213 836
214 836
215 836
216 836
217 836
218 836
219 836
220 836
221 836
222 836
223 836
224 836
225 836
226 836
227 836
228 836
229 836
230 836
231 836
232 836
233 836
234 836
235 836
236 836
237 836
238 836
239 836
240 836
241 836
242 836
243 836
244 836
245 836
246 836
247 836
248 836
249 836
250 836
251 836
252 836
253 836
254 836
255 836
256 836
257 836
258 836
259 836
260 836
261 836
262 836
263 836
264 836
265 836
266 836
267 836
268 836
269 836
270 836
271 836
272 836
273 836
274 836
275 836
276 836
277 836
278 836
279 836
280 836
281 836
282 836
283 836
284 836
285 836
286 836
287 836
288 836
289 836
290 836
291 836
292 836
293 836
294 836
295 836
296 836
297 836
298 836
299 836
300 836
301 836
302 836
303 836
304 836
305 836
306 836
307 836
308 836
309 836
310 836
311 836
312 836
313 836
314 836
315 836
316 836
317 836
318 836
319 836
320 836
321 836
322 836
323 836
324 836
325 836
326 836
327 836
328 836
329 836
330 836
331 836
332 836
333 836
334 836
335 836
336 836
337 836
338 836
339 836
340 836
341 836
342 836
343 836
344 836
345 836
346 836
347 836
348 836
349 836
350 836
351 836
352 836
353 836
354 836
355 836
356 836
357 836
358 836
359 836
360 836
361 836
362 836
363 836
364 836
365 836
366 836
367 836
368 836
369 836
370 836
371 836
372 836
373 836
374 836
375 836
376 836
377 836
378 836
379 836
380 836
381 836
382 836
383 836
384 836
385 836
386 836
387 836
388 836
389 836
390 836
391 836
392 836
393 836
394 836
395 836
396 836
397 836
398 836
399 836
400 836
401 836
402 836
403 836
404 836
405 836
406 836
407 836
408 836
409 836
410 836
411 836
412 836
413 836
414 836
415 836
416 836
417 836
418 836
419 836
420 836
421 836
422 836
423 836
424 836
425 836
426 836
427 836
428 836
429 836
430 836
431 836
432 836
433 836
434 836
435 836
436 836
437 836
438 836
439 836
440 836
441 836
442 836
443 836
444 836
445 836
446 836
447 836
448 836
449 836
450 836
451 836
452 836
453 836
454 836
455 836
456 836
457 836
458 836
459 836
460 836
461 836
462 836
463 836
464 836
465 836
466 836
467 836
468 836
469 836
470 836
471 836
472 836
473 836
474 836
475 836
476 836
477 836
478 836
479 836
480 836
481 836
482 836
483 836
484 836
485 836
486 836
487 836
488 836
489 836
490 836
491 836
492 836
493 836
494 836
495 836
496 836
497 836
498 836
499 836
500 836
501 836
502 836
503 836
504 836
505 836
506 836
507 836
508 836
509 836
510 836
511 836
512 836
513 836
514 836
515 836
516 836
517 836
518 836
519 836
520 836
521 836
522 836
523 836
524 836
525 836
526 836
527 836
528 836
529 836
530 836
531 836
532 836
533 836
534 836
535 836
536 836
537 836
538 836
539 836
540 836
541 836
542 836
543 836
544 836
545 836
546 836
547 836
548 836
549 836
550 836
551 836
552 836
553 836
554 836
555 836
556 836
557 836
558 836
559 836
560 836
561 836
562 836
563 836
564 836
565 836
566 836
567 836
568 836
569 836
570 836
571 836
572 836
573 836
574 836
575 836
576 836
577 836
578 836
579 836
580 836
581 836
582 836
583 836
584 836
585 836
586 836
587 836
588 836
589 836
590 836
591 836
592 836
593 836
594 836
595 836
596 836
597 836
598 836
599 836
600 836
601 836
602 836
603 836
604 836
605 836
606 836
607 836
608 836
609 836
610 836
611 836
612 836
613 836
614 836
615 836
616 836
617 836
618 836
619 836
620 836
621 836
622 836
623 836
624 836
625 836
626 836
627 836
628 836
629 836
630 836
631 836
632 836
633 836
634 836
635 836
636 836
637 836
638 836
639 836
640 836
641 836
642 836
643 836
644 836
645 836
646 836
647 836
648 836
649 836
650 836
651 836
652 836
653 836
654 836
655 836
656 836
657 836
658 836
659 836
660 836
661 836
662 836
663 836
664 836
665 836
666 836
667 836
668 836
669 836
670 836
671 836
672 836
673 836
674 836
675 836
676 836
677 836
678 836
679 836
680 836
681 836
682 836
683 836
684 836
685 836
686 836
687 836
688 836
689 836
690 836
691 836
692 836
693 836
694 836
695 836
696 836
697 836
698 836
699 836
700 836
701 836
702 836
703 836
704 836
705 836
706 836
707 836
708 836
709 836
710 836
711 836
712 836
713 836
714 836
715 836
716 836
717 836
718 836
719 836
720 836
721 836
722 836
723 836
724 836
725 836
726 836
727 836
728 836
729 836
730 836
731 836
732 836
733 836
734 836
735 836
736 836
737 836
738 836
739 836
740 836
741 836
742 836
743 836
744 836
745 836
746 836
747 836
748 836
749 836
750 836
751 836
752 836
753 836
754 836
755 836
756 836
757 836
758 836
759 836
760 836
761 836
762 836
763 836
764 836
765 836
766 836
767 836
768 836
769 836
770 836
771 836
772 836
773 836
774 836
775 836
776 836
777 836
778 836
779 836
780 836
781 836
782 836
783 836
784 836
785 836
786 836
787 836
788 836
789 836
790 836
791 836
792 836
793 836
794 836
795 836
796 836
797 836
798 836
799 836
800 836
801 836
802 836
803 836
804 836
805 836
806 836
807 836
808 836
809 836
810 836
811 836
812 836
813 836
814 836
815 836
816 836
817 836
818 836
819 836
820 836
821 836
822 836
823 836
824 836
825 836
826 836
827 836
828 836
829 836
830 836
831 836
832 836
833 836
834 836
835 836
836 837
