658
657
1 657
2 657
3 657
4 657
5 657
6 657
7 657
8 657
9 657
10 657
11 657
12 657
13 657
14 657
15 657
16 657
17 657
18 657
19 657
20 657
21 657
22 657
23 657
24 657
25 657
26 657
27 657
28 657
29 657
30 657
31 657
32 657
33 657
34 657
35 657
36 657
37 657
38 657
39 657
40 657
41 657
42 657
43 657
44 657
45 657
46 657
47 657
48 657
49 657
50 657
51 657
52 657
53 657
54 657
55 657
56 657
57 657
58 657
59 657
60 657
61 657
62 657
63 657
64 657
65 657
66 657
67 657
68 657
69 657
70 657
71 657
72 657
73 657
74 657
75 657
76 657
77 657
78 657
79 657
80 657
81 657
82 657
83 657
84 657
85 657
86 657
87 657
88 657
89 657
90 657
91 657
92 657
93 657
94 657
95 657
96 657
97 657
98 657
99 657
100 657
101 657
102 657
103 657
104 657
105 657
106 657
107 657
108 657
109 657
110 657
111 657
112 657
113 657
114 657
115 657
116 657
117 657
118 657
119 657
120 657
121 657
122 657
123 657
124 657
125 657
126 657
127 657
128 657
129 657
130 657
131 657
132 657
133 657
134 657
135 657
136 657
137 657
138 657
139 657
140 657
141 657
142 657
143 657
144 657
145 657
146 657
147 657
148 657
149 657
150 657
151 657
152 657
153 657
154 657
155 657
156 657
157 657
158 657
159 657
160 657
161 657
162 657
163 657
164 657
165 657
166 657
167 657
168 657
169 657
170 657
171 657
172 657
173 657
174 657
175 657
176 657
177 657
178 657
179 657
180 657
181 657
182 657
183 657
184 657
185 657
186 657
187 657
188 657
189 657
190 657
191 657
192 657
193 657
194 657
195 657
196 657
197 657
198 657
199 657
200 657
201 657
202 657
203 657
204 657
205 657
206 657
207 657
208 657
209 657
210 657
211 657
212 657
213 657
214 657
215 657
216 657
217 657
218 657
219 657
220 657
221 657
222 657
223 657
224 657
225 657
226 657
227 657
228 657
229 657
230 657
231 657
232 657
233 657
234 657
235 657
236 657
237 657
238 657
239 657
240 657
241 657
242 657
243 657
244 657
245 657
246 657
247 657
248 657
249 657
250 657
251 657
252 657
253 657
254 657
255 657
256 657
257 657
258 657
259 657
260 657
261 657
262 657
263 657
264 657
265 657
266 657
267 657
268 657
269 657
270 657
271 657
272 657
273 657
274 657
275 657
276 657
277 657
278 657
279 657
280 657
281 657
282 657
283 657
284 657
285 657
286 657
287 657
288 657
289 657
290 657
291 657
292 657
293 657
294 657
295 657
296 657
297 657
298 657
299 657
300 657
301 657
302 657
303 657
304 657
305 657
306 657
307 657
308 657
309 657
310 657
311 657
312 657
313 657
314 657
315 657
316 657
317 657
318 657
319 657
320 657
321 657
322 657
323 657
324 657
325 657
326 657
327 657
328 657
329 657
330 657
331 657
332 657
333 657
334 657
335 657
336 657
337 657
338 657
339 657
340 657
341 657
342 657
343 657
344 657
345 657
346 657
347 657
348 657
349 657
350 657
351 657
352 657
353 657
354 657
355 657
356 657
357 657
358 657
359 657
360 657
361 657
362 657
363 657
364 657
365 657
366 657
367 657
368 657
369 657
370 657
371 657
372 657
373 657
374 657
375 657
376 657
377 657
378 657
379 657
380 657
381 657
382 657
383 657
384 657
385 657
386 657
387 657
388 657
389 657
390 657
391 657
392 657
393 657
394 657
395 657
396 657
397 657
398 657
399 657
400 657
401 657
402 657
403 657
404 657
405 657
406 657
407 657
408 657
409 657
410 657
411 657
412 657
413 657
414 657
415 657
416 657
417 657
418 657
419 657
420 657
421 657
422 657
423 657
424 657
425 657
426 657
427 657
428 657
429 657
430 657
431 657
432 657
433 657
434 657
435 657
436 657
437 657
438 657
439 657
440 657
441 657
442 657
443 657
444 657
445 657
446 657
447 657
448 657
449 657
450 657
451 657
452 657
453 657
454 657
455 657
456 657
457 657
458 657
459 657
460 657
461 657
462 657
463 657
464 657
465 657
466 657
467 657
468 657
469 657
470 657
471 657
472 657
473 657
474 657
475 657
476 657
477 657
478 657
479 657
480 657
481 657
482 657
483 657
484 657
485 657
486 657
487 657
488 657
489 657
490 657
491 657
492 657
493 657
494 657
495 657
496 657
497 657
498 657
499 657
500 657
501 657
502 657
503 657
504 657
505 657
506 657
507 657
508 657
509 657
510 657
511 657
512 657
513 657
514 657
515 657
516 657
517 657
518 657
519 657
520 657
521 657
522 657
523 657
524 657
525 657
526 657
527 657
528 657
529 657
530 657
531 657
532 657
533 657
534 657
535 657
536 657
537 657
538 657
539 657
540 657
541 657
542 657
543 657
544 657
545 657
546 657
547 657
548 657
549 657
550 657
551 657
552 657
553 657
554 657
555 657
556 657
557 657
558 657
559 657
560 657
561 657
562 657
563 657
564 657
565 657
566 657
567 657
568 657
569 657
570 657
571 657
572 657
573 657
574 657
575 657
576 657
577 657
578 657
579 657
580 657
581 657
582 657
583 657
584 657
585 657
586 657
587 657
588 657
589 657
590 657
591 657
592 657
593 657
594 657
595 657
596 657
597 657
598 657
599 657
600 657
601 657
602 657
603 657
604 657
605 657
606 657
607 657
608 657
609 657
610 657
611 657
612 657
613 657
614 657
615 657
616 657
617 657
618 657
619 657
620 657
621 657
622 657
623 657
624 657
625 657
626 657
627 657
628 657
629 657
630 657
631 657
632 657
633 657
634 657
635 657
636 657
637 657
638 657
639 657
640 657
641 657
642 657
643 657
644 657
645 657
646 657
647 657
648 657
649 657
650 657
651 657
652 657
653 657
654 657
655 657
656 657
657 658
