729
728
1 728
2 728
3 728
4 728
5 728
6 728
7 728
8 728
9 728
10 728
11 728
12 728
13 728
14 728
15 728
16 728
17 728
18 728
19 728
20 728
21 728
22 728
23 728
24 728
25 728
26 728
27 728
28 728
29 728
30 728
31 728
32 728
33 728
34 728
35 728
36 728
37 728
38 728
39 728
40 728
41 728
42 728
43 728
44 728
45 728
46 728
47 728
48 728
49 728
50 728
51 728
52 728
53 728
54 728
55 728
56 728
57 728
58 728
59 728
60 728
61 728
62 728
63 728
64 728
65 728
66 728
67 728
68 728
69 728
70 728
71 728
72 728
73 728
74 728
75 728
76 728
77 728
78 728
79 728
80 728
81 728
82 728
83 728
84 728
85 728
86 728
87 728
88 728
89 728
90 728
91 728
92 728
93 728
94 728
95 728
96 728
97 728
98 728
99 728
100 728
101 728
102 728
103 728
104 728
105 728
106 728
107 728
108 728
109 728
110 728
111 728
112 728
113 728
114 728
115 728
116 728
117 728
118 728
119 728
120 728
121 728
122 728
123 728
124 728
125 728
126 728
127 728
128 728
129 728
130 728
131 728
132 728
133 728
134 728
135 728
136 728
137 728
138 728
139 728
140 728
141 728
142 728
143 728
144 728
145 728
146 728
147 728
148 728
149 728
150 728
151 728
152 728
153 728
154 728
155 728
156 728
157 728
158 728
159 728
160 728
161 728
162 728
163 728
164 728
165 728
166 728
167 728
168 728
169 728
170 728
171 728
172 728
173 728
174 728
175 728
176 728
177 728
178 728
179 728
180 728
181 728
182 728
183 728
184 728
185 728
186 728
187 728
188 728
189 728
190 728
191 728
192 728
193 728
194 728
195 728
196 728
197 728
198 728
199 728
200 728
201 728
202 728
203 728
204 728
205 728
206 728
207 728
208 728
209 728
210 728
211 728
212 728
213 728
214 728
215 728
216 728
217 728
218 728
219 728
220 728
221 728
222 728
223 728
224 728
225 728
226 728
227 728
228 728
229 728
230 728
231 728
232 728
233 728
234 728
235 728
236 728
237 728
238 728
239 728
240 728
241 728
242 728
243 728
244 728
245 728
246 728
247 728
248 728
249 728
250 728
251 728
252 728
253 728
254 728
255 728
256 728
257 728
258 728
259 728
260 728
261 728
262 728
263 728
264 728
265 728
266 728
267 728
268 728
269 728
270 728
271 728
272 728
273 728
274 728
275 728
276 728
277 728
278 728
279 728
280 728
281 728
282 728
283 728
284 728
285 728
286 728
287 728
288 728
289 728
290 728
291 728
292 728
293 728
294 728
295 728
296 728
297 728
298 728
299 728
300 728
301 728
302 728
303 728
304 728
305 728
306 728
307 728
308 728
309 728
310 728
311 728
312 728
313 728
314 728
315 728
316 728
317 728
318 728
319 728
320 728
321 728
322 728
323 728
324 728
325 728
326 728
327 728
328 728
329 728
330 728
331 728
332 728
333 728
334 728
335 728
336 728
337 728
338 728
339 728
340 728
341 728
342 728
343 728
344 728
345 728
346 728
347 728
348 728
349 728
350 728
351 728
352 728
353 728
354 728
355 728
356 728
357 728
358 728
359 728
360 728
361 728
362 728
363 728
364 728
365 728
366 728
367 728
368 728
369 728
370 728
371 728
372 728
373 728
374 728
375 728
376 728
377 728
378 728
379 728
380 728
381 728
382 728
383 728
384 728
385 728
386 728
387 728
388 728
389 728
390 728
391 728
392 728
393 728
394 728
395 728
396 728
397 728
398 728
399 728
400 728
401 728
402 728
403 728
404 728
405 728
406 728
407 728
408 728
409 728
410 728
411 728
412 728
413 728
414 728
415 728
416 728
417 728
418 728
419 728
420 728
421 728
422 728
423 728
424 728
425 728
426 728
427 728
428 728
429 728
430 728
431 728
432 728
433 728
434 728
435 728
436 728
437 728
438 728
439 728
440 728
441 728
442 728
443 728
444 728
445 728
446 728
447 728
448 728
449 728
450 728
451 728
452 728
453 728
454 728
455 728
456 728
457 728
458 728
459 728
460 728
461 728
462 728
463 728
464 728
465 728
466 728
467 728
468 728
469 728
470 728
471 728
472 728
473 728
474 728
475 728
476 728
477 728
478 728
479 728
480 728
481 728
482 728
483 728
484 728
485 728
486 728
487 728
488 728
489 728
490 728
491 728
492 728
493 728
494 728
495 728
496 728
497 728
498 728
499 728
500 728
501 728
502 728
503 728
504 728
505 728
506 728
507 728
508 728
509 728
510 728
511 728
512 728
513 728
514 728
515 728
516 728
517 728
518 728
519 728
520 728
521 728
522 728
523 728
524 728
525 728
526 728
527 728
528 728
529 728
530 728
531 728
532 728
533 728
534 728
535 728
536 728
537 728
538 728
539 728
540 728
541 728
542 728
543 728
544 728
545 728
546 728
547 728
548 728
549 728
550 728
551 728
552 728
553 728
554 728
555 728
556 728
557 728
558 728
559 728
560 728
561 728
562 728
563 728
564 728
565 728
566 728
567 728
568 728
569 728
570 728
571 728
572 728
573 728
574 728
575 728
576 728
577 728
578 728
579 728
580 728
581 728
582 728
583 728
584 728
585 728
586 728
587 728
588 728
589 728
590 728
591 728
592 728
593 728
594 728
595 728
596 728
597 728
598 728
599 728
600 728
601 728
602 728
603 728
604 728
605 728
606 728
607 728
608 728
609 728
610 728
611 728
612 728
613 728
614 728
615 728
616 728
617 728
618 728
619 728
620 728
621 728
622 728
623 728
624 728
625 728
626 728
627 728
628 728
629 728
630 728
631 728
632 728
633 728
634 728
635 728
636 728
637 728
638 728
639 728
640 728
641 728
642 728
643 728
644 728
645 728
646 728
647 728
648 728
649 728
650 728
651 728
652 728
653 728
654 728
655 728
656 728
657 728
658 728
659 728
660 728
661 728
662 728
663 728
664 728
665 728
666 728
667 728
668 728
669 728
670 728
671 728
672 728
673 728
674 728
675 728
676 728
677 728
678 728
679 728
680 728
681 728
682 728
683 728
684 728
685 728
686 728
687 728
688 728
689 728
690 728
691 728
692 728
693 728
694 728
695 728
696 728
697 728
698 728
699 728
700 728
701 728
702 728
703 728
704 728
705 728
706 728
707 728
708 728
709 728
710 728
711 728
712 728
713 728
714 728
715 728
716 728
717 728
718 728
719 728
720 728
721 728
722 728
723 728
724 728
725 728
726 728
727 728
728 729
