666
665
1 665
2 665
3 665
4 665
5 665
6 665
7 665
8 665
9 665
10 665
11 665
12 665
13 665
14 665
15 665
16 665
17 665
18 665
19 665
20 665
21 665
22 665
23 665
24 665
25 665
26 665
27 665
28 665
29 665
30 665
31 665
32 665
33 665
34 665
35 665
36 665
37 665
38 665
39 665
40 665
41 665
42 665
43 665
44 665
45 665
46 665
47 665
48 665
49 665
50 665
51 665
52 665
53 665
54 665
55 665
56 665
57 665
58 665
59 665
60 665
61 665
62 665
63 665
64 665
65 665
66 665
67 665
68 665
69 665
70 665
71 665
72 665
73 665
74 665
75 665
76 665
77 665
78 665
79 665
80 665
81 665
82 665
83 665
84 665
85 665
86 665
87 665
88 665
89 665
90 665
91 665
92 665
93 665
94 665
95 665
96 665
97 665
98 665
99 665
100 665
101 665
102 665
103 665
104 665
105 665
106 665
107 665
108 665
109 665
110 665
111 665
112 665
113 665
114 665
115 665
116 665
117 665
118 665
119 665
120 665
121 665
122 665
123 665
124 665
125 665
126 665
127 665
128 665
129 665
130 665
131 665
132 665
133 665
134 665
135 665
136 665
137 665
138 665
139 665
140 665
141 665
142 665
143 665
144 665
145 665
146 665
147 665
148 665
149 665
150 665
151 665
152 665
153 665
154 665
155 665
156 665
157 665
158 665
159 665
160 665
161 665
162 665
163 665
164 665
165 665
166 665
167 665
168 665
169 665
170 665
171 665
172 665
173 665
174 665
175 665
176 665
177 665
178 665
179 665
180 665
181 665
182 665
183 665
184 665
185 665
186 665
187 665
188 665
189 665
190 665
191 665
192 665
193 665
194 665
195 665
196 665
197 665
198 665
199 665
200 665
201 665
202 665
203 665
204 665
205 665
206 665
207 665
208 665
209 665
210 665
211 665
212 665
213 665
214 665
215 665
216 665
217 665
218 665
219 665
220 665
221 665
222 665
223 665
224 665
225 665
226 665
227 665
228 665
229 665
230 665
231 665
232 665
233 665
234 665
235 665
236 665
237 665
238 665
239 665
240 665
241 665
242 665
243 665
244 665
245 665
246 665
247 665
248 665
249 665
250 665
251 665
252 665
253 665
254 665
255 665
256 665
257 665
258 665
259 665
260 665
261 665
262 665
263 665
264 665
265 665
266 665
267 665
268 665
269 665
270 665
271 665
272 665
273 665
274 665
275 665
276 665
277 665
278 665
279 665
280 665
281 665
282 665
283 665
284 665
285 665
286 665
287 665
288 665
289 665
290 665
291 665
292 665
293 665
294 665
295 665
296 665
297 665
298 665
299 665
300 665
301 665
302 665
303 665
304 665
305 665
306 665
307 665
308 665
309 665
310 665
311 665
312 665
313 665
314 665
315 665
316 665
317 665
318 665
319 665
320 665
321 665
322 665
323 665
324 665
325 665
326 665
327 665
328 665
329 665
330 665
331 665
332 665
333 665
334 665
335 665
336 665
337 665
338 665
339 665
340 665
341 665
342 665
343 665
344 665
345 665
346 665
347 665
348 665
349 665
350 665
351 665
352 665
353 665
354 665
355 665
356 665
357 665
358 665
359 665
360 665
361 665
362 665
363 665
364 665
365 665
366 665
367 665
368 665
369 665
370 665
371 665
372 665
373 665
374 665
375 665
376 665
377 665
378 665
379 665
380 665
381 665
382 665
383 665
384 665
385 665
386 665
387 665
388 665
389 665
390 665
391 665
392 665
393 665
394 665
395 665
396 665
397 665
398 665
399 665
400 665
401 665
402 665
403 665
404 665
405 665
406 665
407 665
408 665
409 665
410 665
411 665
412 665
413 665
414 665
415 665
416 665
417 665
418 665
419 665
420 665
421 665
422 665
423 665
424 665
425 665
426 665
427 665
428 665
429 665
430 665
431 665
432 665
433 665
434 665
435 665
436 665
437 665
438 665
439 665
440 665
441 665
442 665
443 665
444 665
445 665
446 665
447 665
448 665
449 665
450 665
451 665
452 665
453 665
454 665
455 665
456 665
457 665
458 665
459 665
460 665
461 665
462 665
463 665
464 665
465 665
466 665
467 665
468 665
469 665
470 665
471 665
472 665
473 665
474 665
475 665
476 665
477 665
478 665
479 665
480 665
481 665
482 665
483 665
484 665
485 665
486 665
487 665
488 665
489 665
490 665
491 665
492 665
493 665
494 665
495 665
496 665
497 665
498 665
499 665
500 665
501 665
502 665
503 665
504 665
505 665
506 665
507 665
508 665
509 665
510 665
511 665
512 665
513 665
514 665
515 665
516 665
517 665
518 665
519 665
520 665
521 665
522 665
523 665
524 665
525 665
526 665
527 665
528 665
529 665
530 665
531 665
532 665
533 665
534 665
535 665
536 665
537 665
538 665
539 665
540 665
541 665
542 665
543 665
544 665
545 665
546 665
547 665
548 665
549 665
550 665
551 665
552 665
553 665
554 665
555 665
556 665
557 665
558 665
559 665
560 665
561 665
562 665
563 665
564 665
565 665
566 665
567 665
568 665
569 665
570 665
571 665
572 665
573 665
574 665
575 665
576 665
577 665
578 665
579 665
580 665
581 665
582 665
583 665
584 665
585 665
586 665
587 665
588 665
589 665
590 665
591 665
592 665
593 665
594 665
595 665
596 665
597 665
598 665
599 665
600 665
601 665
602 665
603 665
604 665
605 665
606 665
607 665
608 665
609 665
610 665
611 665
612 665
613 665
614 665
615 665
616 665
617 665
618 665
619 665
620 665
621 665
622 665
623 665
624 665
625 665
626 665
627 665
628 665
629 665
630 665
631 665
632 665
633 665
634 665
635 665
636 665
637 665
638 665
639 665
640 665
641 665
642 665
643 665
644 665
645 665
646 665
647 665
648 665
649 665
650 665
651 665
652 665
653 665
654 665
655 665
656 665
657 665
658 665
659 665
660 665
661 665
662 665
663 665
664 665
665 666
