758
757
1 757
2 757
3 757
4 757
5 757
6 757
7 757
8 757
9 757
10 757
11 757
12 757
13 757
14 757
15 757
16 757
17 757
18 757
19 757
20 757
21 757
22 757
23 757
24 757
25 757
26 757
27 757
28 757
29 757
30 757
31 757
32 757
33 757
34 757
35 757
36 757
37 757
38 757
39 757
40 757
41 757
42 757
43 757
44 757
45 757
46 757
47 757
48 757
49 757
50 757
51 757
52 757
53 757
54 757
55 757
56 757
57 757
58 757
59 757
60 757
61 757
62 757
63 757
64 757
65 757
66 757
67 757
68 757
69 757
70 757
71 757
72 757
73 757
74 757
75 757
76 757
77 757
78 757
79 757
80 757
81 757
82 757
83 757
84 757
85 757
86 757
87 757
88 757
89 757
90 757
91 757
92 757
93 757
94 757
95 757
96 757
97 757
98 757
99 757
100 757
101 757
102 757
103 757
104 757
105 757
106 757
107 757
108 757
109 757
110 757
111 757
112 757
113 757
114 757
115 757
116 757
117 757
118 757
119 757
120 757
121 757
122 757
123 757
124 757
125 757
126 757
127 757
128 757
129 757
130 757
131 757
132 757
133 757
134 757
135 757
136 757
137 757
138 757
139 757
140 757
141 757
142 757
143 757
144 757
145 757
146 757
147 757
148 757
149 757
150 757
151 757
152 757
153 757
154 757
155 757
156 757
157 757
158 757
159 757
160 757
161 757
162 757
163 757
164 757
165 757
166 757
167 757
168 757
169 757
170 757
171 757
172 757
173 757
174 757
175 757
176 757
177 757
178 757
179 757
180 757
181 757
182 757
183 757
184 757
185 757
186 757
187 757
188 757
189 757
190 757
191 757
192 757
193 757
194 757
195 757
196 757
197 757
198 757
199 757
200 757
201 757
202 757
203 757
204 757
205 757
206 757
207 757
208 757
209 757
210 757
211 757
212 757
213 757
214 757
215 757
216 757
217 757
218 757
219 757
220 757
221 757
222 757
223 757
224 757
225 757
226 757
227 757
228 757
229 757
230 757
231 757
232 757
233 757
234 757
235 757
236 757
237 757
238 757
239 757
240 757
241 757
242 757
243 757
244 757
245 757
246 757
247 757
248 757
249 757
250 757
251 757
252 757
253 757
254 757
255 757
256 757
257 757
258 757
259 757
260 757
261 757
262 757
263 757
264 757
265 757
266 757
267 757
268 757
269 757
270 757
271 757
272 757
273 757
274 757
275 757
276 757
277 757
278 757
279 757
280 757
281 757
282 757
283 757
284 757
285 757
286 757
287 757
288 757
289 757
290 757
291 757
292 757
293 757
294 757
295 757
296 757
297 757
298 757
299 757
300 757
301 757
302 757
303 757
304 757
305 757
306 757
307 757
308 757
309 757
310 757
311 757
312 757
313 757
314 757
315 757
316 757
317 757
318 757
319 757
320 757
321 757
322 757
323 757
324 757
325 757
326 757
327 757
328 757
329 757
330 757
331 757
332 757
333 757
334 757
335 757
336 757
337 757
338 757
339 757
340 757
341 757
342 757
343 757
344 757
345 757
346 757
347 757
348 757
349 757
350 757
351 757
352 757
353 757
354 757
355 757
356 757
357 757
358 757
359 757
360 757
361 757
362 757
363 757
364 757
365 757
366 757
367 757
368 757
369 757
370 757
371 757
372 757
373 757
374 757
375 757
376 757
377 757
378 757
379 757
380 757
381 757
382 757
383 757
384 757
385 757
386 757
387 757
388 757
389 757
390 757
391 757
392 757
393 757
394 757
395 757
396 757
397 757
398 757
399 757
400 757
401 757
402 757
403 757
404 757
405 757
406 757
407 757
408 757
409 757
410 757
411 757
412 757
413 757
414 757
415 757
416 757
417 757
418 757
419 757
420 757
421 757
422 757
423 757
424 757
425 757
426 757
427 757
428 757
429 757
430 757
431 757
432 757
433 757
434 757
435 757
436 757
437 757
438 757
439 757
440 757
441 757
442 757
443 757
444 757
445 757
446 757
447 757
448 757
449 757
450 757
451 757
452 757
453 757
454 757
455 757
456 757
457 757
458 757
459 757
460 757
461 757
462 757
463 757
464 757
465 757
466 757
467 757
468 757
469 757
470 757
471 757
472 757
473 757
474 757
475 757
476 757
477 757
478 757
479 757
480 757
481 757
482 757
483 757
484 757
485 757
486 757
487 757
488 757
489 757
490 757
491 757
492 757
493 757
494 757
495 757
496 757
497 757
498 757
499 757
500 757
501 757
502 757
503 757
504 757
505 757
506 757
507 757
508 757
509 757
510 757
511 757
512 757
513 757
514 757
515 757
516 757
517 757
518 757
519 757
520 757
521 757
522 757
523 757
524 757
525 757
526 757
527 757
528 757
529 757
530 757
531 757
532 757
533 757
534 757
535 757
536 757
537 757
538 757
539 757
540 757
541 757
542 757
543 757
544 757
545 757
546 757
547 757
548 757
549 757
550 757
551 757
552 757
553 757
554 757
555 757
556 757
557 757
558 757
559 757
560 757
561 757
562 757
563 757
564 757
565 757
566 757
567 757
568 757
569 757
570 757
571 757
572 757
573 757
574 757
575 757
576 757
577 757
578 757
579 757
580 757
581 757
582 757
583 757
584 757
585 757
586 757
587 757
588 757
589 757
590 757
591 757
592 757
593 757
594 757
595 757
596 757
597 757
598 757
599 757
600 757
601 757
602 757
603 757
604 757
605 757
606 757
607 757
608 757
609 757
610 757
611 757
612 757
613 757
614 757
615 757
616 757
617 757
618 757
619 757
620 757
621 757
622 757
623 757
624 757
625 757
626 757
627 757
628 757
629 757
630 757
631 757
632 757
633 757
634 757
635 757
636 757
637 757
638 757
639 757
640 757
641 757
642 757
643 757
644 757
645 757
646 757
647 757
648 757
649 757
650 757
651 757
652 757
653 757
654 757
655 757
656 757
657 757
658 757
659 757
660 757
661 757
662 757
663 757
664 757
665 757
666 757
667 757
668 757
669 757
670 757
671 757
672 757
673 757
674 757
675 757
676 757
677 757
678 757
679 757
680 757
681 757
682 757
683 757
684 757
685 757
686 757
687 757
688 757
689 757
690 757
691 757
692 757
693 757
694 757
695 757
696 757
697 757
698 757
699 757
700 757
701 757
702 757
703 757
704 757
705 757
706 757
707 757
708 757
709 757
710 757
711 757
712 757
713 757
714 757
715 757
716 757
717 757
718 757
719 757
720 757
721 757
722 757
723 757
724 757
725 757
726 757
727 757
728 757
729 757
730 757
731 757
732 757
733 757
734 757
735 757
736 757
737 757
738 757
739 757
740 757
741 757
742 757
743 757
744 757
745 757
746 757
747 757
748 757
749 757
750 757
751 757
752 757
753 757
754 757
755 757
756 757
757 758
