765
764
1 764
2 764
3 764
4 764
5 764
6 764
7 764
8 764
9 764
10 764
11 764
12 764
13 764
14 764
15 764
16 764
17 764
18 764
19 764
20 764
21 764
22 764
23 764
24 764
25 764
26 764
27 764
28 764
29 764
30 764
31 764
32 764
33 764
34 764
35 764
36 764
37 764
38 764
39 764
40 764
41 764
42 764
43 764
44 764
45 764
46 764
47 764
48 764
49 764
50 764
51 764
52 764
53 764
54 764
55 764
56 764
57 764
58 764
59 764
60 764
61 764
62 764
63 764
64 764
65 764
66 764
67 764
68 764
69 764
70 764
71 764
72 764
73 764
74 764
75 764
76 764
77 764
78 764
79 764
80 764
81 764
82 764
83 764
84 764
85 764
86 764
87 764
88 764
89 764
90 764
91 764
92 764
93 764
94 764
95 764
96 764
97 764
98 764
99 764
100 764
101 764
102 764
103 764
104 764
105 764
106 764
107 764
108 764
109 764
110 764
111 764
112 764
113 764
114 764
115 764
116 764
117 764
118 764
119 764
120 764
121 764
122 764
123 764
124 764
125 764
126 764
127 764
128 764
129 764
130 764
131 764
132 764
133 764
134 764
135 764
136 764
137 764
138 764
139 764
140 764
141 764
142 764
143 764
144 764
145 764
146 764
147 764
148 764
149 764
150 764
151 764
152 764
153 764
154 764
155 764
156 764
157 764
158 764
159 764
160 764
161 764
162 764
163 764
164 764
165 764
166 764
167 764
168 764
169 764
170 764
171 764
172 764
173 764
174 764
175 764
176 764
177 764
178 764
179 764
180 764
181 764
182 764
183 764
184 764
185 764
186 764
187 764
188 764
189 764
190 764
191 764
192 764
193 764
194 764
195 764
196 764
197 764
198 764
199 764
200 764
201 764
202 764
203 764
204 764
205 764
206 764
207 764
208 764
209 764
210 764
211 764
212 764
213 764
214 764
215 764
216 764
217 764
218 764
219 764
220 764
221 764
222 764
223 764
224 764
225 764
226 764
227 764
228 764
229 764
230 764
231 764
232 764
233 764
234 764
235 764
236 764
237 764
238 764
239 764
240 764
241 764
242 764
243 764
244 764
245 764
246 764
247 764
248 764
249 764
250 764
251 764
252 764
253 764
254 764
255 764
256 764
257 764
258 764
259 764
260 764
261 764
262 764
263 764
264 764
265 764
266 764
267 764
268 764
269 764
270 764
271 764
272 764
273 764
274 764
275 764
276 764
277 764
278 764
279 764
280 764
281 764
282 764
283 764
284 764
285 764
286 764
287 764
288 764
289 764
290 764
291 764
292 764
293 764
294 764
295 764
296 764
297 764
298 764
299 764
300 764
301 764
302 764
303 764
304 764
305 764
306 764
307 764
308 764
309 764
310 764
311 764
312 764
313 764
314 764
315 764
316 764
317 764
318 764
319 764
320 764
321 764
322 764
323 764
324 764
325 764
326 764
327 764
328 764
329 764
330 764
331 764
332 764
333 764
334 764
335 764
336 764
337 764
338 764
339 764
340 764
341 764
342 764
343 764
344 764
345 764
346 764
347 764
348 764
349 764
350 764
351 764
352 764
353 764
354 764
355 764
356 764
357 764
358 764
359 764
360 764
361 764
362 764
363 764
364 764
365 764
366 764
367 764
368 764
369 764
370 764
371 764
372 764
373 764
374 764
375 764
376 764
377 764
378 764
379 764
380 764
381 764
382 764
383 764
384 764
385 764
386 764
387 764
388 764
389 764
390 764
391 764
392 764
393 764
394 764
395 764
396 764
397 764
398 764
399 764
400 764
401 764
402 764
403 764
404 764
405 764
406 764
407 764
408 764
409 764
410 764
411 764
412 764
413 764
414 764
415 764
416 764
417 764
418 764
419 764
420 764
421 764
422 764
423 764
424 764
425 764
426 764
427 764
428 764
429 764
430 764
431 764
432 764
433 764
434 764
435 764
436 764
437 764
438 764
439 764
440 764
441 764
442 764
443 764
444 764
445 764
446 764
447 764
448 764
449 764
450 764
451 764
452 764
453 764
454 764
455 764
456 764
457 764
458 764
459 764
460 764
461 764
462 764
463 764
464 764
465 764
466 764
467 764
468 764
469 764
470 764
471 764
472 764
473 764
474 764
475 764
476 764
477 764
478 764
479 764
480 764
481 764
482 764
483 764
484 764
485 764
486 764
487 764
488 764
489 764
490 764
491 764
492 764
493 764
494 764
495 764
496 764
497 764
498 764
499 764
500 764
501 764
502 764
503 764
504 764
505 764
506 764
507 764
508 764
509 764
510 764
511 764
512 764
513 764
514 764
515 764
516 764
517 764
518 764
519 764
520 764
521 764
522 764
523 764
524 764
525 764
526 764
527 764
528 764
529 764
530 764
531 764
532 764
533 764
534 764
535 764
536 764
537 764
538 764
539 764
540 764
541 764
542 764
543 764
544 764
545 764
546 764
547 764
548 764
549 764
550 764
551 764
552 764
553 764
554 764
555 764
556 764
557 764
558 764
559 764
560 764
561 764
562 764
563 764
564 764
565 764
566 764
567 764
568 764
569 764
570 764
571 764
572 764
573 764
574 764
575 764
576 764
577 764
578 764
579 764
580 764
581 764
582 764
583 764
584 764
585 764
586 764
587 764
588 764
589 764
590 764
591 764
592 764
593 764
594 764
595 764
596 764
597 764
598 764
599 764
600 764
601 764
602 764
603 764
604 764
605 764
606 764
607 764
608 764
609 764
610 764
611 764
612 764
613 764
614 764
615 764
616 764
617 764
618 764
619 764
620 764
621 764
622 764
623 764
624 764
625 764
626 764
627 764
628 764
629 764
630 764
631 764
632 764
633 764
634 764
635 764
636 764
637 764
638 764
639 764
640 764
641 764
642 764
643 764
644 764
645 764
646 764
647 764
648 764
649 764
650 764
651 764
652 764
653 764
654 764
655 764
656 764
657 764
658 764
659 764
660 764
661 764
662 764
663 764
664 764
665 764
666 764
667 764
668 764
669 764
670 764
671 764
672 764
673 764
674 764
675 764
676 764
677 764
678 764
679 764
680 764
681 764
682 764
683 764
684 764
685 764
686 764
687 764
688 764
689 764
690 764
691 764
692 764
693 764
694 764
695 764
696 764
697 764
698 764
699 764
700 764
701 764
702 764
703 764
704 764
705 764
706 764
707 764
708 764
709 764
710 764
711 764
712 764
713 764
714 764
715 764
716 764
717 764
718 764
719 764
720 764
721 764
722 764
723 764
724 764
725 764
726 764
727 764
728 764
729 764
730 764
731 764
732 764
733 764
734 764
735 764
736 764
737 764
738 764
739 764
740 764
741 764
742 764
743 764
744 764
745 764
746 764
747 764
748 764
749 764
750 764
751 764
752 764
753 764
754 764
755 764
756 764
757 764
758 764
759 764
760 764
761 764
762 764
763 764
764 765
