988
987
1 987
2 987
3 987
4 987
5 987
6 987
7 987
8 987
9 987
10 987
11 987
12 987
13 987
14 987
15 987
16 987
17 987
18 987
19 987
20 987
21 987
22 987
23 987
24 987
25 987
26 987
27 987
28 987
29 987
30 987
31 987
32 987
33 987
34 987
35 987
36 987
37 987
38 987
39 987
40 987
41 987
42 987
43 987
44 987
45 987
46 987
47 987
48 987
49 987
50 987
51 987
52 987
53 987
54 987
55 987
56 987
57 987
58 987
59 987
60 987
61 987
62 987
63 987
64 987
65 987
66 987
67 987
68 987
69 987
70 987
71 987
72 987
73 987
74 987
75 987
76 987
77 987
78 987
79 987
80 987
81 987
82 987
83 987
84 987
85 987
86 987
87 987
88 987
89 987
90 987
91 987
92 987
93 987
94 987
95 987
96 987
97 987
98 987
99 987
100 987
101 987
102 987
103 987
104 987
105 987
106 987
107 987
108 987
109 987
110 987
111 987
112 987
113 987
114 987
115 987
116 987
117 987
118 987
119 987
120 987
121 987
122 987
123 987
124 987
125 987
126 987
127 987
128 987
129 987
130 987
131 987
132 987
133 987
134 987
135 987
136 987
137 987
138 987
139 987
140 987
141 987
142 987
143 987
144 987
145 987
146 987
147 987
148 987
149 987
150 987
151 987
152 987
153 987
154 987
155 987
156 987
157 987
158 987
159 987
160 987
161 987
162 987
163 987
164 987
165 987
166 987
167 987
168 987
169 987
170 987
171 987
172 987
173 987
174 987
175 987
176 987
177 987
178 987
179 987
180 987
181 987
182 987
183 987
184 987
185 987
186 987
187 987
188 987
189 987
190 987
191 987
192 987
193 987
194 987
195 987
196 987
197 987
198 987
199 987
200 987
201 987
202 987
203 987
204 987
205 987
206 987
207 987
208 987
209 987
210 987
211 987
212 987
213 987
214 987
215 987
216 987
217 987
218 987
219 987
220 987
221 987
222 987
223 987
224 987
225 987
226 987
227 987
228 987
229 987
230 987
231 987
232 987
233 987
234 987
235 987
236 987
237 987
238 987
239 987
240 987
241 987
242 987
243 987
244 987
245 987
246 987
247 987
248 987
249 987
250 987
251 987
252 987
253 987
254 987
255 987
256 987
257 987
258 987
259 987
260 987
261 987
262 987
263 987
264 987
265 987
266 987
267 987
268 987
269 987
270 987
271 987
272 987
273 987
274 987
275 987
276 987
277 987
278 987
279 987
280 987
281 987
282 987
283 987
284 987
285 987
286 987
287 987
288 987
289 987
290 987
291 987
292 987
293 987
294 987
295 987
296 987
297 987
298 987
299 987
300 987
301 987
302 987
303 987
304 987
305 987
306 987
307 987
308 987
309 987
310 987
311 987
312 987
313 987
314 987
315 987
316 987
317 987
318 987
319 987
320 987
321 987
322 987
323 987
324 987
325 987
326 987
327 987
328 987
329 987
330 987
331 987
332 987
333 987
334 987
335 987
336 987
337 987
338 987
339 987
340 987
341 987
342 987
343 987
344 987
345 987
346 987
347 987
348 987
349 987
350 987
351 987
352 987
353 987
354 987
355 987
356 987
357 987
358 987
359 987
360 987
361 987
362 987
363 987
364 987
365 987
366 987
367 987
368 987
369 987
370 987
371 987
372 987
373 987
374 987
375 987
376 987
377 987
378 987
379 987
380 987
381 987
382 987
383 987
384 987
385 987
386 987
387 987
388 987
389 987
390 987
391 987
392 987
393 987
394 987
395 987
396 987
397 987
398 987
399 987
400 987
401 987
402 987
403 987
404 987
405 987
406 987
407 987
408 987
409 987
410 987
411 987
412 987
413 987
414 987
415 987
416 987
417 987
418 987
419 987
420 987
421 987
422 987
423 987
424 987
425 987
426 987
427 987
428 987
429 987
430 987
431 987
432 987
433 987
434 987
435 987
436 987
437 987
438 987
439 987
440 987
441 987
442 987
443 987
444 987
445 987
446 987
447 987
448 987
449 987
450 987
451 987
452 987
453 987
454 987
455 987
456 987
457 987
458 987
459 987
460 987
461 987
462 987
463 987
464 987
465 987
466 987
467 987
468 987
469 987
470 987
471 987
472 987
473 987
474 987
475 987
476 987
477 987
478 987
479 987
480 987
481 987
482 987
483 987
484 987
485 987
486 987
487 987
488 987
489 987
490 987
491 987
492 987
493 987
494 987
495 987
496 987
497 987
498 987
499 987
500 987
501 987
502 987
503 987
504 987
505 987
506 987
507 987
508 987
509 987
510 987
511 987
512 987
513 987
514 987
515 987
516 987
517 987
518 987
519 987
520 987
521 987
522 987
523 987
524 987
525 987
526 987
527 987
528 987
529 987
530 987
531 987
532 987
533 987
534 987
535 987
536 987
537 987
538 987
539 987
540 987
541 987
542 987
543 987
544 987
545 987
546 987
547 987
548 987
549 987
550 987
551 987
552 987
553 987
554 987
555 987
556 987
557 987
558 987
559 987
560 987
561 987
562 987
563 987
564 987
565 987
566 987
567 987
568 987
569 987
570 987
571 987
572 987
573 987
574 987
575 987
576 987
577 987
578 987
579 987
580 987
581 987
582 987
583 987
584 987
585 987
586 987
587 987
588 987
589 987
590 987
591 987
592 987
593 987
594 987
595 987
596 987
597 987
598 987
599 987
600 987
601 987
602 987
603 987
604 987
605 987
606 987
607 987
608 987
609 987
610 987
611 987
612 987
613 987
614 987
615 987
616 987
617 987
618 987
619 987
620 987
621 987
622 987
623 987
624 987
625 987
626 987
627 987
628 987
629 987
630 987
631 987
632 987
633 987
634 987
635 987
636 987
637 987
638 987
639 987
640 987
641 987
642 987
643 987
644 987
645 987
646 987
647 987
648 987
649 987
650 987
651 987
652 987
653 987
654 987
655 987
656 987
657 987
658 987
659 987
660 987
661 987
662 987
663 987
664 987
665 987
666 987
667 987
668 987
669 987
670 987
671 987
672 987
673 987
674 987
675 987
676 987
677 987
678 987
679 987
680 987
681 987
682 987
683 987
684 987
685 987
686 987
687 987
688 987
689 987
690 987
691 987
692 987
693 987
694 987
695 987
696 987
697 987
698 987
699 987
700 987
701 987
702 987
703 987
704 987
705 987
706 987
707 987
708 987
709 987
710 987
711 987
712 987
713 987
714 987
715 987
716 987
717 987
718 987
719 987
720 987
721 987
722 987
723 987
724 987
725 987
726 987
727 987
728 987
729 987
730 987
731 987
732 987
733 987
734 987
735 987
736 987
737 987
738 987
739 987
740 987
741 987
742 987
743 987
744 987
745 987
746 987
747 987
748 987
749 987
750 987
751 987
752 987
753 987
754 987
755 987
756 987
757 987
758 987
759 987
760 987
761 987
762 987
763 987
764 987
765 987
766 987
767 987
768 987
769 987
770 987
771 987
772 987
773 987
774 987
775 987
776 987
777 987
778 987
779 987
780 987
781 987
782 987
783 987
784 987
785 987
786 987
787 987
788 987
789 987
790 987
791 987
792 987
793 987
794 987
795 987
796 987
797 987
798 987
799 987
800 987
801 987
802 987
803 987
804 987
805 987
806 987
807 987
808 987
809 987
810 987
811 987
812 987
813 987
814 987
815 987
816 987
817 987
818 987
819 987
820 987
821 987
822 987
823 987
824 987
825 987
826 987
827 987
828 987
829 987
830 987
831 987
832 987
833 987
834 987
835 987
836 987
837 987
838 987
839 987
840 987
841 987
842 987
843 987
844 987
845 987
846 987
847 987
848 987
849 987
850 987
851 987
852 987
853 987
854 987
855 987
856 987
857 987
858 987
859 987
860 987
861 987
862 987
863 987
864 987
865 987
866 987
867 987
868 987
869 987
870 987
871 987
872 987
873 987
874 987
875 987
876 987
877 987
878 987
879 987
880 987
881 987
882 987
883 987
884 987
885 987
886 987
887 987
888 987
889 987
890 987
891 987
892 987
893 987
894 987
895 987
896 987
897 987
898 987
899 987
900 987
901 987
902 987
903 987
904 987
905 987
906 987
907 987
908 987
909 987
910 987
911 987
912 987
913 987
914 987
915 987
916 987
917 987
918 987
919 987
920 987
921 987
922 987
923 987
924 987
925 987
926 987
927 987
928 987
929 987
930 987
931 987
932 987
933 987
934 987
935 987
936 987
937 987
938 987
939 987
940 987
941 987
942 987
943 987
944 987
945 987
946 987
947 987
948 987
949 987
950 987
951 987
952 987
953 987
954 987
955 987
956 987
957 987
958 987
959 987
960 987
961 987
962 987
963 987
964 987
965 987
966 987
967 987
968 987
969 987
970 987
971 987
972 987
973 987
974 987
975 987
976 987
977 987
978 987
979 987
980 987
981 987
982 987
983 987
984 987
985 987
986 987
987 988
