657
656
1 656
2 656
3 656
4 656
5 656
6 656
7 656
8 656
9 656
10 656
11 656
12 656
13 656
14 656
15 656
16 656
17 656
18 656
19 656
20 656
21 656
22 656
23 656
24 656
25 656
26 656
27 656
28 656
29 656
30 656
31 656
32 656
33 656
34 656
35 656
36 656
37 656
38 656
39 656
40 656
41 656
42 656
43 656
44 656
45 656
46 656
47 656
48 656
49 656
50 656
51 656
52 656
53 656
54 656
55 656
56 656
57 656
58 656
59 656
60 656
61 656
62 656
63 656
64 656
65 656
66 656
67 656
68 656
69 656
70 656
71 656
72 656
73 656
74 656
75 656
76 656
77 656
78 656
79 656
80 656
81 656
82 656
83 656
84 656
85 656
86 656
87 656
88 656
89 656
90 656
91 656
92 656
93 656
94 656
95 656
96 656
97 656
98 656
99 656
100 656
101 656
102 656
103 656
104 656
105 656
106 656
107 656
108 656
109 656
110 656
111 656
112 656
113 656
114 656
115 656
116 656
117 656
118 656
119 656
120 656
121 656
122 656
123 656
124 656
125 656
126 656
127 656
128 656
129 656
130 656
131 656
132 656
133 656
134 656
135 656
136 656
137 656
138 656
139 656
140 656
141 656
142 656
143 656
144 656
145 656
146 656
147 656
148 656
149 656
150 656
151 656
152 656
153 656
154 656
155 656
156 656
157 656
158 656
159 656
160 656
161 656
162 656
163 656
164 656
165 656
166 656
167 656
168 656
169 656
170 656
171 656
172 656
173 656
174 656
175 656
176 656
177 656
178 656
179 656
180 656
181 656
182 656
183 656
184 656
185 656
186 656
187 656
188 656
189 656
190 656
191 656
192 656
193 656
194 656
195 656
196 656
197 656
198 656
199 656
200 656
201 656
202 656
203 656
204 656
205 656
206 656
207 656
208 656
209 656
210 656
211 656
212 656
213 656
214 656
215 656
216 656
217 656
218 656
219 656
220 656
221 656
222 656
223 656
224 656
225 656
226 656
227 656
228 656
229 656
230 656
231 656
232 656
233 656
234 656
235 656
236 656
237 656
238 656
239 656
240 656
241 656
242 656
243 656
244 656
245 656
246 656
247 656
248 656
249 656
250 656
251 656
252 656
253 656
254 656
255 656
256 656
257 656
258 656
259 656
260 656
261 656
262 656
263 656
264 656
265 656
266 656
267 656
268 656
269 656
270 656
271 656
272 656
273 656
274 656
275 656
276 656
277 656
278 656
279 656
280 656
281 656
282 656
283 656
284 656
285 656
286 656
287 656
288 656
289 656
290 656
291 656
292 656
293 656
294 656
295 656
296 656
297 656
298 656
299 656
300 656
301 656
302 656
303 656
304 656
305 656
306 656
307 656
308 656
309 656
310 656
311 656
312 656
313 656
314 656
315 656
316 656
317 656
318 656
319 656
320 656
321 656
322 656
323 656
324 656
325 656
326 656
327 656
328 656
329 656
330 656
331 656
332 656
333 656
334 656
335 656
336 656
337 656
338 656
339 656
340 656
341 656
342 656
343 656
344 656
345 656
346 656
347 656
348 656
349 656
350 656
351 656
352 656
353 656
354 656
355 656
356 656
357 656
358 656
359 656
360 656
361 656
362 656
363 656
364 656
365 656
366 656
367 656
368 656
369 656
370 656
371 656
372 656
373 656
374 656
375 656
376 656
377 656
378 656
379 656
380 656
381 656
382 656
383 656
384 656
385 656
386 656
387 656
388 656
389 656
390 656
391 656
392 656
393 656
394 656
395 656
396 656
397 656
398 656
399 656
400 656
401 656
402 656
403 656
404 656
405 656
406 656
407 656
408 656
409 656
410 656
411 656
412 656
413 656
414 656
415 656
416 656
417 656
418 656
419 656
420 656
421 656
422 656
423 656
424 656
425 656
426 656
427 656
428 656
429 656
430 656
431 656
432 656
433 656
434 656
435 656
436 656
437 656
438 656
439 656
440 656
441 656
442 656
443 656
444 656
445 656
446 656
447 656
448 656
449 656
450 656
451 656
452 656
453 656
454 656
455 656
456 656
457 656
458 656
459 656
460 656
461 656
462 656
463 656
464 656
465 656
466 656
467 656
468 656
469 656
470 656
471 656
472 656
473 656
474 656
475 656
476 656
477 656
478 656
479 656
480 656
481 656
482 656
483 656
484 656
485 656
486 656
487 656
488 656
489 656
490 656
491 656
492 656
493 656
494 656
495 656
496 656
497 656
498 656
499 656
500 656
501 656
502 656
503 656
504 656
505 656
506 656
507 656
508 656
509 656
510 656
511 656
512 656
513 656
514 656
515 656
516 656
517 656
518 656
519 656
520 656
521 656
522 656
523 656
524 656
525 656
526 656
527 656
528 656
529 656
530 656
531 656
532 656
533 656
534 656
535 656
536 656
537 656
538 656
539 656
540 656
541 656
542 656
543 656
544 656
545 656
546 656
547 656
548 656
549 656
550 656
551 656
552 656
553 656
554 656
555 656
556 656
557 656
558 656
559 656
560 656
561 656
562 656
563 656
564 656
565 656
566 656
567 656
568 656
569 656
570 656
571 656
572 656
573 656
574 656
575 656
576 656
577 656
578 656
579 656
580 656
581 656
582 656
583 656
584 656
585 656
586 656
587 656
588 656
589 656
590 656
591 656
592 656
593 656
594 656
595 656
596 656
597 656
598 656
599 656
600 656
601 656
602 656
603 656
604 656
605 656
606 656
607 656
608 656
609 656
610 656
611 656
612 656
613 656
614 656
615 656
616 656
617 656
618 656
619 656
620 656
621 656
622 656
623 656
624 656
625 656
626 656
627 656
628 656
629 656
630 656
631 656
632 656
633 656
634 656
635 656
636 656
637 656
638 656
639 656
640 656
641 656
642 656
643 656
644 656
645 656
646 656
647 656
648 656
649 656
650 656
651 656
652 656
653 656
654 656
655 656
656 657
