770
769
1 769
2 769
3 769
4 769
5 769
6 769
7 769
8 769
9 769
10 769
11 769
12 769
13 769
14 769
15 769
16 769
17 769
18 769
19 769
20 769
21 769
22 769
23 769
24 769
25 769
26 769
27 769
28 769
29 769
30 769
31 769
32 769
33 769
34 769
35 769
36 769
37 769
38 769
39 769
40 769
41 769
42 769
43 769
44 769
45 769
46 769
47 769
48 769
49 769
50 769
51 769
52 769
53 769
54 769
55 769
56 769
57 769
58 769
59 769
60 769
61 769
62 769
63 769
64 769
65 769
66 769
67 769
68 769
69 769
70 769
71 769
72 769
73 769
74 769
75 769
76 769
77 769
78 769
79 769
80 769
81 769
82 769
83 769
84 769
85 769
86 769
87 769
88 769
89 769
90 769
91 769
92 769
93 769
94 769
95 769
96 769
97 769
98 769
99 769
100 769
101 769
102 769
103 769
104 769
105 769
106 769
107 769
108 769
109 769
110 769
111 769
112 769
113 769
114 769
115 769
116 769
117 769
118 769
119 769
120 769
121 769
122 769
123 769
124 769
125 769
126 769
127 769
128 769
129 769
130 769
131 769
132 769
133 769
134 769
135 769
136 769
137 769
138 769
139 769
140 769
141 769
142 769
143 769
144 769
145 769
146 769
147 769
148 769
149 769
150 769
151 769
152 769
153 769
154 769
155 769
156 769
157 769
158 769
159 769
160 769
161 769
162 769
163 769
164 769
165 769
166 769
167 769
168 769
169 769
170 769
171 769
172 769
173 769
174 769
175 769
176 769
177 769
178 769
179 769
180 769
181 769
182 769
183 769
184 769
185 769
186 769
187 769
188 769
189 769
190 769
191 769
192 769
193 769
194 769
195 769
196 769
197 769
198 769
199 769
200 769
201 769
202 769
203 769
204 769
205 769
206 769
207 769
208 769
209 769
210 769
211 769
212 769
213 769
214 769
215 769
216 769
217 769
218 769
219 769
220 769
221 769
222 769
223 769
224 769
225 769
226 769
227 769
228 769
229 769
230 769
231 769
232 769
233 769
234 769
235 769
236 769
237 769
238 769
239 769
240 769
241 769
242 769
243 769
244 769
245 769
246 769
247 769
248 769
249 769
250 769
251 769
252 769
253 769
254 769
255 769
256 769
257 769
258 769
259 769
260 769
261 769
262 769
263 769
264 769
265 769
266 769
267 769
268 769
269 769
270 769
271 769
272 769
273 769
274 769
275 769
276 769
277 769
278 769
279 769
280 769
281 769
282 769
283 769
284 769
285 769
286 769
287 769
288 769
289 769
290 769
291 769
292 769
293 769
294 769
295 769
296 769
297 769
298 769
299 769
300 769
301 769
302 769
303 769
304 769
305 769
306 769
307 769
308 769
309 769
310 769
311 769
312 769
313 769
314 769
315 769
316 769
317 769
318 769
319 769
320 769
321 769
322 769
323 769
324 769
325 769
326 769
327 769
328 769
329 769
330 769
331 769
332 769
333 769
334 769
335 769
336 769
337 769
338 769
339 769
340 769
341 769
342 769
343 769
344 769
345 769
346 769
347 769
348 769
349 769
350 769
351 769
352 769
353 769
354 769
355 769
356 769
357 769
358 769
359 769
360 769
361 769
362 769
363 769
364 769
365 769
366 769
367 769
368 769
369 769
370 769
371 769
372 769
373 769
374 769
375 769
376 769
377 769
378 769
379 769
380 769
381 769
382 769
383 769
384 769
385 769
386 769
387 769
388 769
389 769
390 769
391 769
392 769
393 769
394 769
395 769
396 769
397 769
398 769
399 769
400 769
401 769
402 769
403 769
404 769
405 769
406 769
407 769
408 769
409 769
410 769
411 769
412 769
413 769
414 769
415 769
416 769
417 769
418 769
419 769
420 769
421 769
422 769
423 769
424 769
425 769
426 769
427 769
428 769
429 769
430 769
431 769
432 769
433 769
434 769
435 769
436 769
437 769
438 769
439 769
440 769
441 769
442 769
443 769
444 769
445 769
446 769
447 769
448 769
449 769
450 769
451 769
452 769
453 769
454 769
455 769
456 769
457 769
458 769
459 769
460 769
461 769
462 769
463 769
464 769
465 769
466 769
467 769
468 769
469 769
470 769
471 769
472 769
473 769
474 769
475 769
476 769
477 769
478 769
479 769
480 769
481 769
482 769
483 769
484 769
485 769
486 769
487 769
488 769
489 769
490 769
491 769
492 769
493 769
494 769
495 769
496 769
497 769
498 769
499 769
500 769
501 769
502 769
503 769
504 769
505 769
506 769
507 769
508 769
509 769
510 769
511 769
512 769
513 769
514 769
515 769
516 769
517 769
518 769
519 769
520 769
521 769
522 769
523 769
524 769
525 769
526 769
527 769
528 769
529 769
530 769
531 769
532 769
533 769
534 769
535 769
536 769
537 769
538 769
539 769
540 769
541 769
542 769
543 769
544 769
545 769
546 769
547 769
548 769
549 769
550 769
551 769
552 769
553 769
554 769
555 769
556 769
557 769
558 769
559 769
560 769
561 769
562 769
563 769
564 769
565 769
566 769
567 769
568 769
569 769
570 769
571 769
572 769
573 769
574 769
575 769
576 769
577 769
578 769
579 769
580 769
581 769
582 769
583 769
584 769
585 769
586 769
587 769
588 769
589 769
590 769
591 769
592 769
593 769
594 769
595 769
596 769
597 769
598 769
599 769
600 769
601 769
602 769
603 769
604 769
605 769
606 769
607 769
608 769
609 769
610 769
611 769
612 769
613 769
614 769
615 769
616 769
617 769
618 769
619 769
620 769
621 769
622 769
623 769
624 769
625 769
626 769
627 769
628 769
629 769
630 769
631 769
632 769
633 769
634 769
635 769
636 769
637 769
638 769
639 769
640 769
641 769
642 769
643 769
644 769
645 769
646 769
647 769
648 769
649 769
650 769
651 769
652 769
653 769
654 769
655 769
656 769
657 769
658 769
659 769
660 769
661 769
662 769
663 769
664 769
665 769
666 769
667 769
668 769
669 769
670 769
671 769
672 769
673 769
674 769
675 769
676 769
677 769
678 769
679 769
680 769
681 769
682 769
683 769
684 769
685 769
686 769
687 769
688 769
689 769
690 769
691 769
692 769
693 769
694 769
695 769
696 769
697 769
698 769
699 769
700 769
701 769
702 769
703 769
704 769
705 769
706 769
707 769
708 769
709 769
710 769
711 769
712 769
713 769
714 769
715 769
716 769
717 769
718 769
719 769
720 769
721 769
722 769
723 769
724 769
725 769
726 769
727 769
728 769
729 769
730 769
731 769
732 769
733 769
734 769
735 769
736 769
737 769
738 769
739 769
740 769
741 769
742 769
743 769
744 769
745 769
746 769
747 769
748 769
749 769
750 769
751 769
752 769
753 769
754 769
755 769
756 769
757 769
758 769
759 769
760 769
761 769
762 769
763 769
764 769
765 769
766 769
767 769
768 769
769 770
