774
773
1 773
2 773
3 773
4 773
5 773
6 773
7 773
8 773
9 773
10 773
11 773
12 773
13 773
14 773
15 773
16 773
17 773
18 773
19 773
20 773
21 773
22 773
23 773
24 773
25 773
26 773
27 773
28 773
29 773
30 773
31 773
32 773
33 773
34 773
35 773
36 773
37 773
38 773
39 773
40 773
41 773
42 773
43 773
44 773
45 773
46 773
47 773
48 773
49 773
50 773
51 773
52 773
53 773
54 773
55 773
56 773
57 773
58 773
59 773
60 773
61 773
62 773
63 773
64 773
65 773
66 773
67 773
68 773
69 773
70 773
71 773
72 773
73 773
74 773
75 773
76 773
77 773
78 773
79 773
80 773
81 773
82 773
83 773
84 773
85 773
86 773
87 773
88 773
89 773
90 773
91 773
92 773
93 773
94 773
95 773
96 773
97 773
98 773
99 773
100 773
101 773
102 773
103 773
104 773
105 773
106 773
107 773
108 773
109 773
110 773
111 773
112 773
113 773
114 773
115 773
116 773
117 773
118 773
119 773
120 773
121 773
122 773
123 773
124 773
125 773
126 773
127 773
128 773
129 773
130 773
131 773
132 773
133 773
134 773
135 773
136 773
137 773
138 773
139 773
140 773
141 773
142 773
143 773
144 773
145 773
146 773
147 773
148 773
149 773
150 773
151 773
152 773
153 773
154 773
155 773
156 773
157 773
158 773
159 773
160 773
161 773
162 773
163 773
164 773
165 773
166 773
167 773
168 773
169 773
170 773
171 773
172 773
173 773
174 773
175 773
176 773
177 773
178 773
179 773
180 773
181 773
182 773
183 773
184 773
185 773
186 773
187 773
188 773
189 773
190 773
191 773
192 773
193 773
194 773
195 773
196 773
197 773
198 773
199 773
200 773
201 773
202 773
203 773
204 773
205 773
206 773
207 773
208 773
209 773
210 773
211 773
212 773
213 773
214 773
215 773
216 773
217 773
218 773
219 773
220 773
221 773
222 773
223 773
224 773
225 773
226 773
227 773
228 773
229 773
230 773
231 773
232 773
233 773
234 773
235 773
236 773
237 773
238 773
239 773
240 773
241 773
242 773
243 773
244 773
245 773
246 773
247 773
248 773
249 773
250 773
251 773
252 773
253 773
254 773
255 773
256 773
257 773
258 773
259 773
260 773
261 773
262 773
263 773
264 773
265 773
266 773
267 773
268 773
269 773
270 773
271 773
272 773
273 773
274 773
275 773
276 773
277 773
278 773
279 773
280 773
281 773
282 773
283 773
284 773
285 773
286 773
287 773
288 773
289 773
290 773
291 773
292 773
293 773
294 773
295 773
296 773
297 773
298 773
299 773
300 773
301 773
302 773
303 773
304 773
305 773
306 773
307 773
308 773
309 773
310 773
311 773
312 773
313 773
314 773
315 773
316 773
317 773
318 773
319 773
320 773
321 773
322 773
323 773
324 773
325 773
326 773
327 773
328 773
329 773
330 773
331 773
332 773
333 773
334 773
335 773
336 773
337 773
338 773
339 773
340 773
341 773
342 773
343 773
344 773
345 773
346 773
347 773
348 773
349 773
350 773
351 773
352 773
353 773
354 773
355 773
356 773
357 773
358 773
359 773
360 773
361 773
362 773
363 773
364 773
365 773
366 773
367 773
368 773
369 773
370 773
371 773
372 773
373 773
374 773
375 773
376 773
377 773
378 773
379 773
380 773
381 773
382 773
383 773
384 773
385 773
386 773
387 773
388 773
389 773
390 773
391 773
392 773
393 773
394 773
395 773
396 773
397 773
398 773
399 773
400 773
401 773
402 773
403 773
404 773
405 773
406 773
407 773
408 773
409 773
410 773
411 773
412 773
413 773
414 773
415 773
416 773
417 773
418 773
419 773
420 773
421 773
422 773
423 773
424 773
425 773
426 773
427 773
428 773
429 773
430 773
431 773
432 773
433 773
434 773
435 773
436 773
437 773
438 773
439 773
440 773
441 773
442 773
443 773
444 773
445 773
446 773
447 773
448 773
449 773
450 773
451 773
452 773
453 773
454 773
455 773
456 773
457 773
458 773
459 773
460 773
461 773
462 773
463 773
464 773
465 773
466 773
467 773
468 773
469 773
470 773
471 773
472 773
473 773
474 773
475 773
476 773
477 773
478 773
479 773
480 773
481 773
482 773
483 773
484 773
485 773
486 773
487 773
488 773
489 773
490 773
491 773
492 773
493 773
494 773
495 773
496 773
497 773
498 773
499 773
500 773
501 773
502 773
503 773
504 773
505 773
506 773
507 773
508 773
509 773
510 773
511 773
512 773
513 773
514 773
515 773
516 773
517 773
518 773
519 773
520 773
521 773
522 773
523 773
524 773
525 773
526 773
527 773
528 773
529 773
530 773
531 773
532 773
533 773
534 773
535 773
536 773
537 773
538 773
539 773
540 773
541 773
542 773
543 773
544 773
545 773
546 773
547 773
548 773
549 773
550 773
551 773
552 773
553 773
554 773
555 773
556 773
557 773
558 773
559 773
560 773
561 773
562 773
563 773
564 773
565 773
566 773
567 773
568 773
569 773
570 773
571 773
572 773
573 773
574 773
575 773
576 773
577 773
578 773
579 773
580 773
581 773
582 773
583 773
584 773
585 773
586 773
587 773
588 773
589 773
590 773
591 773
592 773
593 773
594 773
595 773
596 773
597 773
598 773
599 773
600 773
601 773
602 773
603 773
604 773
605 773
606 773
607 773
608 773
609 773
610 773
611 773
612 773
613 773
614 773
615 773
616 773
617 773
618 773
619 773
620 773
621 773
622 773
623 773
624 773
625 773
626 773
627 773
628 773
629 773
630 773
631 773
632 773
633 773
634 773
635 773
636 773
637 773
638 773
639 773
640 773
641 773
642 773
643 773
644 773
645 773
646 773
647 773
648 773
649 773
650 773
651 773
652 773
653 773
654 773
655 773
656 773
657 773
658 773
659 773
660 773
661 773
662 773
663 773
664 773
665 773
666 773
667 773
668 773
669 773
670 773
671 773
672 773
673 773
674 773
675 773
676 773
677 773
678 773
679 773
680 773
681 773
682 773
683 773
684 773
685 773
686 773
687 773
688 773
689 773
690 773
691 773
692 773
693 773
694 773
695 773
696 773
697 773
698 773
699 773
700 773
701 773
702 773
703 773
704 773
705 773
706 773
707 773
708 773
709 773
710 773
711 773
712 773
713 773
714 773
715 773
716 773
717 773
718 773
719 773
720 773
721 773
722 773
723 773
724 773
725 773
726 773
727 773
728 773
729 773
730 773
731 773
732 773
733 773
734 773
735 773
736 773
737 773
738 773
739 773
740 773
741 773
742 773
743 773
744 773
745 773
746 773
747 773
748 773
749 773
750 773
751 773
752 773
753 773
754 773
755 773
756 773
757 773
758 773
759 773
760 773
761 773
762 773
763 773
764 773
765 773
766 773
767 773
768 773
769 773
770 773
771 773
772 773
773 774
