745
744
1 744
2 744
3 744
4 744
5 744
6 744
7 744
8 744
9 744
10 744
11 744
12 744
13 744
14 744
15 744
16 744
17 744
18 744
19 744
20 744
21 744
22 744
23 744
24 744
25 744
26 744
27 744
28 744
29 744
30 744
31 744
32 744
33 744
34 744
35 744
36 744
37 744
38 744
39 744
40 744
41 744
42 744
43 744
44 744
45 744
46 744
47 744
48 744
49 744
50 744
51 744
52 744
53 744
54 744
55 744
56 744
57 744
58 744
59 744
60 744
61 744
62 744
63 744
64 744
65 744
66 744
67 744
68 744
69 744
70 744
71 744
72 744
73 744
74 744
75 744
76 744
77 744
78 744
79 744
80 744
81 744
82 744
83 744
84 744
85 744
86 744
87 744
88 744
89 744
90 744
91 744
92 744
93 744
94 744
95 744
96 744
97 744
98 744
99 744
100 744
101 744
102 744
103 744
104 744
105 744
106 744
107 744
108 744
109 744
110 744
111 744
112 744
113 744
114 744
115 744
116 744
117 744
118 744
119 744
120 744
121 744
122 744
123 744
124 744
125 744
126 744
127 744
128 744
129 744
130 744
131 744
132 744
133 744
134 744
135 744
136 744
137 744
138 744
139 744
140 744
141 744
142 744
143 744
144 744
145 744
146 744
147 744
148 744
149 744
150 744
151 744
152 744
153 744
154 744
155 744
156 744
157 744
158 744
159 744
160 744
161 744
162 744
163 744
164 744
165 744
166 744
167 744
168 744
169 744
170 744
171 744
172 744
173 744
174 744
175 744
176 744
177 744
178 744
179 744
180 744
181 744
182 744
183 744
184 744
185 744
186 744
187 744
188 744
189 744
190 744
191 744
192 744
193 744
194 744
195 744
196 744
197 744
198 744
199 744
200 744
201 744
202 744
203 744
204 744
205 744
206 744
207 744
208 744
209 744
210 744
211 744
212 744
213 744
214 744
215 744
216 744
217 744
218 744
219 744
220 744
221 744
222 744
223 744
224 744
225 744
226 744
227 744
228 744
229 744
230 744
231 744
232 744
233 744
234 744
235 744
236 744
237 744
238 744
239 744
240 744
241 744
242 744
243 744
244 744
245 744
246 744
247 744
248 744
249 744
250 744
251 744
252 744
253 744
254 744
255 744
256 744
257 744
258 744
259 744
260 744
261 744
262 744
263 744
264 744
265 744
266 744
267 744
268 744
269 744
270 744
271 744
272 744
273 744
274 744
275 744
276 744
277 744
278 744
279 744
280 744
281 744
282 744
283 744
284 744
285 744
286 744
287 744
288 744
289 744
290 744
291 744
292 744
293 744
294 744
295 744
296 744
297 744
298 744
299 744
300 744
301 744
302 744
303 744
304 744
305 744
306 744
307 744
308 744
309 744
310 744
311 744
312 744
313 744
314 744
315 744
316 744
317 744
318 744
319 744
320 744
321 744
322 744
323 744
324 744
325 744
326 744
327 744
328 744
329 744
330 744
331 744
332 744
333 744
334 744
335 744
336 744
337 744
338 744
339 744
340 744
341 744
342 744
343 744
344 744
345 744
346 744
347 744
348 744
349 744
350 744
351 744
352 744
353 744
354 744
355 744
356 744
357 744
358 744
359 744
360 744
361 744
362 744
363 744
364 744
365 744
366 744
367 744
368 744
369 744
370 744
371 744
372 744
373 744
374 744
375 744
376 744
377 744
378 744
379 744
380 744
381 744
382 744
383 744
384 744
385 744
386 744
387 744
388 744
389 744
390 744
391 744
392 744
393 744
394 744
395 744
396 744
397 744
398 744
399 744
400 744
401 744
402 744
403 744
404 744
405 744
406 744
407 744
408 744
409 744
410 744
411 744
412 744
413 744
414 744
415 744
416 744
417 744
418 744
419 744
420 744
421 744
422 744
423 744
424 744
425 744
426 744
427 744
428 744
429 744
430 744
431 744
432 744
433 744
434 744
435 744
436 744
437 744
438 744
439 744
440 744
441 744
442 744
443 744
444 744
445 744
446 744
447 744
448 744
449 744
450 744
451 744
452 744
453 744
454 744
455 744
456 744
457 744
458 744
459 744
460 744
461 744
462 744
463 744
464 744
465 744
466 744
467 744
468 744
469 744
470 744
471 744
472 744
473 744
474 744
475 744
476 744
477 744
478 744
479 744
480 744
481 744
482 744
483 744
484 744
485 744
486 744
487 744
488 744
489 744
490 744
491 744
492 744
493 744
494 744
495 744
496 744
497 744
498 744
499 744
500 744
501 744
502 744
503 744
504 744
505 744
506 744
507 744
508 744
509 744
510 744
511 744
512 744
513 744
514 744
515 744
516 744
517 744
518 744
519 744
520 744
521 744
522 744
523 744
524 744
525 744
526 744
527 744
528 744
529 744
530 744
531 744
532 744
533 744
534 744
535 744
536 744
537 744
538 744
539 744
540 744
541 744
542 744
543 744
544 744
545 744
546 744
547 744
548 744
549 744
550 744
551 744
552 744
553 744
554 744
555 744
556 744
557 744
558 744
559 744
560 744
561 744
562 744
563 744
564 744
565 744
566 744
567 744
568 744
569 744
570 744
571 744
572 744
573 744
574 744
575 744
576 744
577 744
578 744
579 744
580 744
581 744
582 744
583 744
584 744
585 744
586 744
587 744
588 744
589 744
590 744
591 744
592 744
593 744
594 744
595 744
596 744
597 744
598 744
599 744
600 744
601 744
602 744
603 744
604 744
605 744
606 744
607 744
608 744
609 744
610 744
611 744
612 744
613 744
614 744
615 744
616 744
617 744
618 744
619 744
620 744
621 744
622 744
623 744
624 744
625 744
626 744
627 744
628 744
629 744
630 744
631 744
632 744
633 744
634 744
635 744
636 744
637 744
638 744
639 744
640 744
641 744
642 744
643 744
644 744
645 744
646 744
647 744
648 744
649 744
650 744
651 744
652 744
653 744
654 744
655 744
656 744
657 744
658 744
659 744
660 744
661 744
662 744
663 744
664 744
665 744
666 744
667 744
668 744
669 744
670 744
671 744
672 744
673 744
674 744
675 744
676 744
677 744
678 744
679 744
680 744
681 744
682 744
683 744
684 744
685 744
686 744
687 744
688 744
689 744
690 744
691 744
692 744
693 744
694 744
695 744
696 744
697 744
698 744
699 744
700 744
701 744
702 744
703 744
704 744
705 744
706 744
707 744
708 744
709 744
710 744
711 744
712 744
713 744
714 744
715 744
716 744
717 744
718 744
719 744
720 744
721 744
722 744
723 744
724 744
725 744
726 744
727 744
728 744
729 744
730 744
731 744
732 744
733 744
734 744
735 744
736 744
737 744
738 744
739 744
740 744
741 744
742 744
743 744
744 745
