768
767
1 767
2 767
3 767
4 767
5 767
6 767
7 767
8 767
9 767
10 767
11 767
12 767
13 767
14 767
15 767
16 767
17 767
18 767
19 767
20 767
21 767
22 767
23 767
24 767
25 767
26 767
27 767
28 767
29 767
30 767
31 767
32 767
33 767
34 767
35 767
36 767
37 767
38 767
39 767
40 767
41 767
42 767
43 767
44 767
45 767
46 767
47 767
48 767
49 767
50 767
51 767
52 767
53 767
54 767
55 767
56 767
57 767
58 767
59 767
60 767
61 767
62 767
63 767
64 767
65 767
66 767
67 767
68 767
69 767
70 767
71 767
72 767
73 767
74 767
75 767
76 767
77 767
78 767
79 767
80 767
81 767
82 767
83 767
84 767
85 767
86 767
87 767
88 767
89 767
90 767
91 767
92 767
93 767
94 767
95 767
96 767
97 767
98 767
99 767
100 767
101 767
102 767
103 767
104 767
105 767
106 767
107 767
108 767
109 767
110 767
111 767
112 767
113 767
114 767
115 767
116 767
117 767
118 767
119 767
120 767
121 767
122 767
123 767
124 767
125 767
126 767
127 767
128 767
129 767
130 767
131 767
132 767
133 767
134 767
135 767
136 767
137 767
138 767
139 767
140 767
141 767
142 767
143 767
144 767
145 767
146 767
147 767
148 767
149 767
150 767
151 767
152 767
153 767
154 767
155 767
156 767
157 767
158 767
159 767
160 767
161 767
162 767
163 767
164 767
165 767
166 767
167 767
168 767
169 767
170 767
171 767
172 767
173 767
174 767
175 767
176 767
177 767
178 767
179 767
180 767
181 767
182 767
183 767
184 767
185 767
186 767
187 767
188 767
189 767
190 767
191 767
192 767
193 767
194 767
195 767
196 767
197 767
198 767
199 767
200 767
201 767
202 767
203 767
204 767
205 767
206 767
207 767
208 767
209 767
210 767
211 767
212 767
213 767
214 767
215 767
216 767
217 767
218 767
219 767
220 767
221 767
222 767
223 767
224 767
225 767
226 767
227 767
228 767
229 767
230 767
231 767
232 767
233 767
234 767
235 767
236 767
237 767
238 767
239 767
240 767
241 767
242 767
243 767
244 767
245 767
246 767
247 767
248 767
249 767
250 767
251 767
252 767
253 767
254 767
255 767
256 767
257 767
258 767
259 767
260 767
261 767
262 767
263 767
264 767
265 767
266 767
267 767
268 767
269 767
270 767
271 767
272 767
273 767
274 767
275 767
276 767
277 767
278 767
279 767
280 767
281 767
282 767
283 767
284 767
285 767
286 767
287 767
288 767
289 767
290 767
291 767
292 767
293 767
294 767
295 767
296 767
297 767
298 767
299 767
300 767
301 767
302 767
303 767
304 767
305 767
306 767
307 767
308 767
309 767
310 767
311 767
312 767
313 767
314 767
315 767
316 767
317 767
318 767
319 767
320 767
321 767
322 767
323 767
324 767
325 767
326 767
327 767
328 767
329 767
330 767
331 767
332 767
333 767
334 767
335 767
336 767
337 767
338 767
339 767
340 767
341 767
342 767
343 767
344 767
345 767
346 767
347 767
348 767
349 767
350 767
351 767
352 767
353 767
354 767
355 767
356 767
357 767
358 767
359 767
360 767
361 767
362 767
363 767
364 767
365 767
366 767
367 767
368 767
369 767
370 767
371 767
372 767
373 767
374 767
375 767
376 767
377 767
378 767
379 767
380 767
381 767
382 767
383 767
384 767
385 767
386 767
387 767
388 767
389 767
390 767
391 767
392 767
393 767
394 767
395 767
396 767
397 767
398 767
399 767
400 767
401 767
402 767
403 767
404 767
405 767
406 767
407 767
408 767
409 767
410 767
411 767
412 767
413 767
414 767
415 767
416 767
417 767
418 767
419 767
420 767
421 767
422 767
423 767
424 767
425 767
426 767
427 767
428 767
429 767
430 767
431 767
432 767
433 767
434 767
435 767
436 767
437 767
438 767
439 767
440 767
441 767
442 767
443 767
444 767
445 767
446 767
447 767
448 767
449 767
450 767
451 767
452 767
453 767
454 767
455 767
456 767
457 767
458 767
459 767
460 767
461 767
462 767
463 767
464 767
465 767
466 767
467 767
468 767
469 767
470 767
471 767
472 767
473 767
474 767
475 767
476 767
477 767
478 767
479 767
480 767
481 767
482 767
483 767
484 767
485 767
486 767
487 767
488 767
489 767
490 767
491 767
492 767
493 767
494 767
495 767
496 767
497 767
498 767
499 767
500 767
501 767
502 767
503 767
504 767
505 767
506 767
507 767
508 767
509 767
510 767
511 767
512 767
513 767
514 767
515 767
516 767
517 767
518 767
519 767
520 767
521 767
522 767
523 767
524 767
525 767
526 767
527 767
528 767
529 767
530 767
531 767
532 767
533 767
534 767
535 767
536 767
537 767
538 767
539 767
540 767
541 767
542 767
543 767
544 767
545 767
546 767
547 767
548 767
549 767
550 767
551 767
552 767
553 767
554 767
555 767
556 767
557 767
558 767
559 767
560 767
561 767
562 767
563 767
564 767
565 767
566 767
567 767
568 767
569 767
570 767
571 767
572 767
573 767
574 767
575 767
576 767
577 767
578 767
579 767
580 767
581 767
582 767
583 767
584 767
585 767
586 767
587 767
588 767
589 767
590 767
591 767
592 767
593 767
594 767
595 767
596 767
597 767
598 767
599 767
600 767
601 767
602 767
603 767
604 767
605 767
606 767
607 767
608 767
609 767
610 767
611 767
612 767
613 767
614 767
615 767
616 767
617 767
618 767
619 767
620 767
621 767
622 767
623 767
624 767
625 767
626 767
627 767
628 767
629 767
630 767
631 767
632 767
633 767
634 767
635 767
636 767
637 767
638 767
639 767
640 767
641 767
642 767
643 767
644 767
645 767
646 767
647 767
648 767
649 767
650 767
651 767
652 767
653 767
654 767
655 767
656 767
657 767
658 767
659 767
660 767
661 767
662 767
663 767
664 767
665 767
666 767
667 767
668 767
669 767
670 767
671 767
672 767
673 767
674 767
675 767
676 767
677 767
678 767
679 767
680 767
681 767
682 767
683 767
684 767
685 767
686 767
687 767
688 767
689 767
690 767
691 767
692 767
693 767
694 767
695 767
696 767
697 767
698 767
699 767
700 767
701 767
702 767
703 767
704 767
705 767
706 767
707 767
708 767
709 767
710 767
711 767
712 767
713 767
714 767
715 767
716 767
717 767
718 767
719 767
720 767
721 767
722 767
723 767
724 767
725 767
726 767
727 767
728 767
729 767
730 767
731 767
732 767
733 767
734 767
735 767
736 767
737 767
738 767
739 767
740 767
741 767
742 767
743 767
744 767
745 767
746 767
747 767
748 767
749 767
750 767
751 767
752 767
753 767
754 767
755 767
756 767
757 767
758 767
759 767
760 767
761 767
762 767
763 767
764 767
765 767
766 767
767 768
