627
626
1 626
2 626
3 626
4 626
5 626
6 626
7 626
8 626
9 626
10 626
11 626
12 626
13 626
14 626
15 626
16 626
17 626
18 626
19 626
20 626
21 626
22 626
23 626
24 626
25 626
26 626
27 626
28 626
29 626
30 626
31 626
32 626
33 626
34 626
35 626
36 626
37 626
38 626
39 626
40 626
41 626
42 626
43 626
44 626
45 626
46 626
47 626
48 626
49 626
50 626
51 626
52 626
53 626
54 626
55 626
56 626
57 626
58 626
59 626
60 626
61 626
62 626
63 626
64 626
65 626
66 626
67 626
68 626
69 626
70 626
71 626
72 626
73 626
74 626
75 626
76 626
77 626
78 626
79 626
80 626
81 626
82 626
83 626
84 626
85 626
86 626
87 626
88 626
89 626
90 626
91 626
92 626
93 626
94 626
95 626
96 626
97 626
98 626
99 626
100 626
101 626
102 626
103 626
104 626
105 626
106 626
107 626
108 626
109 626
110 626
111 626
112 626
113 626
114 626
115 626
116 626
117 626
118 626
119 626
120 626
121 626
122 626
123 626
124 626
125 626
126 626
127 626
128 626
129 626
130 626
131 626
132 626
133 626
134 626
135 626
136 626
137 626
138 626
139 626
140 626
141 626
142 626
143 626
144 626
145 626
146 626
147 626
148 626
149 626
150 626
151 626
152 626
153 626
154 626
155 626
156 626
157 626
158 626
159 626
160 626
161 626
162 626
163 626
164 626
165 626
166 626
167 626
168 626
169 626
170 626
171 626
172 626
173 626
174 626
175 626
176 626
177 626
178 626
179 626
180 626
181 626
182 626
183 626
184 626
185 626
186 626
187 626
188 626
189 626
190 626
191 626
192 626
193 626
194 626
195 626
196 626
197 626
198 626
199 626
200 626
201 626
202 626
203 626
204 626
205 626
206 626
207 626
208 626
209 626
210 626
211 626
212 626
213 626
214 626
215 626
216 626
217 626
218 626
219 626
220 626
221 626
222 626
223 626
224 626
225 626
226 626
227 626
228 626
229 626
230 626
231 626
232 626
233 626
234 626
235 626
236 626
237 626
238 626
239 626
240 626
241 626
242 626
243 626
244 626
245 626
246 626
247 626
248 626
249 626
250 626
251 626
252 626
253 626
254 626
255 626
256 626
257 626
258 626
259 626
260 626
261 626
262 626
263 626
264 626
265 626
266 626
267 626
268 626
269 626
270 626
271 626
272 626
273 626
274 626
275 626
276 626
277 626
278 626
279 626
280 626
281 626
282 626
283 626
284 626
285 626
286 626
287 626
288 626
289 626
290 626
291 626
292 626
293 626
294 626
295 626
296 626
297 626
298 626
299 626
300 626
301 626
302 626
303 626
304 626
305 626
306 626
307 626
308 626
309 626
310 626
311 626
312 626
313 626
314 626
315 626
316 626
317 626
318 626
319 626
320 626
321 626
322 626
323 626
324 626
325 626
326 626
327 626
328 626
329 626
330 626
331 626
332 626
333 626
334 626
335 626
336 626
337 626
338 626
339 626
340 626
341 626
342 626
343 626
344 626
345 626
346 626
347 626
348 626
349 626
350 626
351 626
352 626
353 626
354 626
355 626
356 626
357 626
358 626
359 626
360 626
361 626
362 626
363 626
364 626
365 626
366 626
367 626
368 626
369 626
370 626
371 626
372 626
373 626
374 626
375 626
376 626
377 626
378 626
379 626
380 626
381 626
382 626
383 626
384 626
385 626
386 626
387 626
388 626
389 626
390 626
391 626
392 626
393 626
394 626
395 626
396 626
397 626
398 626
399 626
400 626
401 626
402 626
403 626
404 626
405 626
406 626
407 626
408 626
409 626
410 626
411 626
412 626
413 626
414 626
415 626
416 626
417 626
418 626
419 626
420 626
421 626
422 626
423 626
424 626
425 626
426 626
427 626
428 626
429 626
430 626
431 626
432 626
433 626
434 626
435 626
436 626
437 626
438 626
439 626
440 626
441 626
442 626
443 626
444 626
445 626
446 626
447 626
448 626
449 626
450 626
451 626
452 626
453 626
454 626
455 626
456 626
457 626
458 626
459 626
460 626
461 626
462 626
463 626
464 626
465 626
466 626
467 626
468 626
469 626
470 626
471 626
472 626
473 626
474 626
475 626
476 626
477 626
478 626
479 626
480 626
481 626
482 626
483 626
484 626
485 626
486 626
487 626
488 626
489 626
490 626
491 626
492 626
493 626
494 626
495 626
496 626
497 626
498 626
499 626
500 626
501 626
502 626
503 626
504 626
505 626
506 626
507 626
508 626
509 626
510 626
511 626
512 626
513 626
514 626
515 626
516 626
517 626
518 626
519 626
520 626
521 626
522 626
523 626
524 626
525 626
526 626
527 626
528 626
529 626
530 626
531 626
532 626
533 626
534 626
535 626
536 626
537 626
538 626
539 626
540 626
541 626
542 626
543 626
544 626
545 626
546 626
547 626
548 626
549 626
550 626
551 626
552 626
553 626
554 626
555 626
556 626
557 626
558 626
559 626
560 626
561 626
562 626
563 626
564 626
565 626
566 626
567 626
568 626
569 626
570 626
571 626
572 626
573 626
574 626
575 626
576 626
577 626
578 626
579 626
580 626
581 626
582 626
583 626
584 626
585 626
586 626
587 626
588 626
589 626
590 626
591 626
592 626
593 626
594 626
595 626
596 626
597 626
598 626
599 626
600 626
601 626
602 626
603 626
604 626
605 626
606 626
607 626
608 626
609 626
610 626
611 626
612 626
613 626
614 626
615 626
616 626
617 626
618 626
619 626
620 626
621 626
622 626
623 626
624 626
625 626
626 627
