528
527
1 527
2 527
3 527
4 527
5 527
6 527
7 527
8 527
9 527
10 527
11 527
12 527
13 527
14 527
15 527
16 527
17 527
18 527
19 527
20 527
21 527
22 527
23 527
24 527
25 527
26 527
27 527
28 527
29 527
30 527
31 527
32 527
33 527
34 527
35 527
36 527
37 527
38 527
39 527
40 527
41 527
42 527
43 527
44 527
45 527
46 527
47 527
48 527
49 527
50 527
51 527
52 527
53 527
54 527
55 527
56 527
57 527
58 527
59 527
60 527
61 527
62 527
63 527
64 527
65 527
66 527
67 527
68 527
69 527
70 527
71 527
72 527
73 527
74 527
75 527
76 527
77 527
78 527
79 527
80 527
81 527
82 527
83 527
84 527
85 527
86 527
87 527
88 527
89 527
90 527
91 527
92 527
93 527
94 527
95 527
96 527
97 527
98 527
99 527
100 527
101 527
102 527
103 527
104 527
105 527
106 527
107 527
108 527
109 527
110 527
111 527
112 527
113 527
114 527
115 527
116 527
117 527
118 527
119 527
120 527
121 527
122 527
123 527
124 527
125 527
126 527
127 527
128 527
129 527
130 527
131 527
132 527
133 527
134 527
135 527
136 527
137 527
138 527
139 527
140 527
141 527
142 527
143 527
144 527
145 527
146 527
147 527
148 527
149 527
150 527
151 527
152 527
153 527
154 527
155 527
156 527
157 527
158 527
159 527
160 527
161 527
162 527
163 527
164 527
165 527
166 527
167 527
168 527
169 527
170 527
171 527
172 527
173 527
174 527
175 527
176 527
177 527
178 527
179 527
180 527
181 527
182 527
183 527
184 527
185 527
186 527
187 527
188 527
189 527
190 527
191 527
192 527
193 527
194 527
195 527
196 527
197 527
198 527
199 527
200 527
201 527
202 527
203 527
204 527
205 527
206 527
207 527
208 527
209 527
210 527
211 527
212 527
213 527
214 527
215 527
216 527
217 527
218 527
219 527
220 527
221 527
222 527
223 527
224 527
225 527
226 527
227 527
228 527
229 527
230 527
231 527
232 527
233 527
234 527
235 527
236 527
237 527
238 527
239 527
240 527
241 527
242 527
243 527
244 527
245 527
246 527
247 527
248 527
249 527
250 527
251 527
252 527
253 527
254 527
255 527
256 527
257 527
258 527
259 527
260 527
261 527
262 527
263 527
264 527
265 527
266 527
267 527
268 527
269 527
270 527
271 527
272 527
273 527
274 527
275 527
276 527
277 527
278 527
279 527
280 527
281 527
282 527
283 527
284 527
285 527
286 527
287 527
288 527
289 527
290 527
291 527
292 527
293 527
294 527
295 527
296 527
297 527
298 527
299 527
300 527
301 527
302 527
303 527
304 527
305 527
306 527
307 527
308 527
309 527
310 527
311 527
312 527
313 527
314 527
315 527
316 527
317 527
318 527
319 527
320 527
321 527
322 527
323 527
324 527
325 527
326 527
327 527
328 527
329 527
330 527
331 527
332 527
333 527
334 527
335 527
336 527
337 527
338 527
339 527
340 527
341 527
342 527
343 527
344 527
345 527
346 527
347 527
348 527
349 527
350 527
351 527
352 527
353 527
354 527
355 527
356 527
357 527
358 527
359 527
360 527
361 527
362 527
363 527
364 527
365 527
366 527
367 527
368 527
369 527
370 527
371 527
372 527
373 527
374 527
375 527
376 527
377 527
378 527
379 527
380 527
381 527
382 527
383 527
384 527
385 527
386 527
387 527
388 527
389 527
390 527
391 527
392 527
393 527
394 527
395 527
396 527
397 527
398 527
399 527
400 527
401 527
402 527
403 527
404 527
405 527
406 527
407 527
408 527
409 527
410 527
411 527
412 527
413 527
414 527
415 527
416 527
417 527
418 527
419 527
420 527
421 527
422 527
423 527
424 527
425 527
426 527
427 527
428 527
429 527
430 527
431 527
432 527
433 527
434 527
435 527
436 527
437 527
438 527
439 527
440 527
441 527
442 527
443 527
444 527
445 527
446 527
447 527
448 527
449 527
450 527
451 527
452 527
453 527
454 527
455 527
456 527
457 527
458 527
459 527
460 527
461 527
462 527
463 527
464 527
465 527
466 527
467 527
468 527
469 527
470 527
471 527
472 527
473 527
474 527
475 527
476 527
477 527
478 527
479 527
480 527
481 527
482 527
483 527
484 527
485 527
486 527
487 527
488 527
489 527
490 527
491 527
492 527
493 527
494 527
495 527
496 527
497 527
498 527
499 527
500 527
501 527
502 527
503 527
504 527
505 527
506 527
507 527
508 527
509 527
510 527
511 527
512 527
513 527
514 527
515 527
516 527
517 527
518 527
519 527
520 527
521 527
522 527
523 527
524 527
525 527
526 527
527 528
