520
519
1 519
2 519
3 519
4 519
5 519
6 519
7 519
8 519
9 519
10 519
11 519
12 519
13 519
14 519
15 519
16 519
17 519
18 519
19 519
20 519
21 519
22 519
23 519
24 519
25 519
26 519
27 519
28 519
29 519
30 519
31 519
32 519
33 519
34 519
35 519
36 519
37 519
38 519
39 519
40 519
41 519
42 519
43 519
44 519
45 519
46 519
47 519
48 519
49 519
50 519
51 519
52 519
53 519
54 519
55 519
56 519
57 519
58 519
59 519
60 519
61 519
62 519
63 519
64 519
65 519
66 519
67 519
68 519
69 519
70 519
71 519
72 519
73 519
74 519
75 519
76 519
77 519
78 519
79 519
80 519
81 519
82 519
83 519
84 519
85 519
86 519
87 519
88 519
89 519
90 519
91 519
92 519
93 519
94 519
95 519
96 519
97 519
98 519
99 519
100 519
101 519
102 519
103 519
104 519
105 519
106 519
107 519
108 519
109 519
110 519
111 519
112 519
113 519
114 519
115 519
116 519
117 519
118 519
119 519
120 519
121 519
122 519
123 519
124 519
125 519
126 519
127 519
128 519
129 519
130 519
131 519
132 519
133 519
134 519
135 519
136 519
137 519
138 519
139 519
140 519
141 519
142 519
143 519
144 519
145 519
146 519
147 519
148 519
149 519
150 519
151 519
152 519
153 519
154 519
155 519
156 519
157 519
158 519
159 519
160 519
161 519
162 519
163 519
164 519
165 519
166 519
167 519
168 519
169 519
170 519
171 519
172 519
173 519
174 519
175 519
176 519
177 519
178 519
179 519
180 519
181 519
182 519
183 519
184 519
185 519
186 519
187 519
188 519
189 519
190 519
191 519
192 519
193 519
194 519
195 519
196 519
197 519
198 519
199 519
200 519
201 519
202 519
203 519
204 519
205 519
206 519
207 519
208 519
209 519
210 519
211 519
212 519
213 519
214 519
215 519
216 519
217 519
218 519
219 519
220 519
221 519
222 519
223 519
224 519
225 519
226 519
227 519
228 519
229 519
230 519
231 519
232 519
233 519
234 519
235 519
236 519
237 519
238 519
239 519
240 519
241 519
242 519
243 519
244 519
245 519
246 519
247 519
248 519
249 519
250 519
251 519
252 519
253 519
254 519
255 519
256 519
257 519
258 519
259 519
260 519
261 519
262 519
263 519
264 519
265 519
266 519
267 519
268 519
269 519
270 519
271 519
272 519
273 519
274 519
275 519
276 519
277 519
278 519
279 519
280 519
281 519
282 519
283 519
284 519
285 519
286 519
287 519
288 519
289 519
290 519
291 519
292 519
293 519
294 519
295 519
296 519
297 519
298 519
299 519
300 519
301 519
302 519
303 519
304 519
305 519
306 519
307 519
308 519
309 519
310 519
311 519
312 519
313 519
314 519
315 519
316 519
317 519
318 519
319 519
320 519
321 519
322 519
323 519
324 519
325 519
326 519
327 519
328 519
329 519
330 519
331 519
332 519
333 519
334 519
335 519
336 519
337 519
338 519
339 519
340 519
341 519
342 519
343 519
344 519
345 519
346 519
347 519
348 519
349 519
350 519
351 519
352 519
353 519
354 519
355 519
356 519
357 519
358 519
359 519
360 519
361 519
362 519
363 519
364 519
365 519
366 519
367 519
368 519
369 519
370 519
371 519
372 519
373 519
374 519
375 519
376 519
377 519
378 519
379 519
380 519
381 519
382 519
383 519
384 519
385 519
386 519
387 519
388 519
389 519
390 519
391 519
392 519
393 519
394 519
395 519
396 519
397 519
398 519
399 519
400 519
401 519
402 519
403 519
404 519
405 519
406 519
407 519
408 519
409 519
410 519
411 519
412 519
413 519
414 519
415 519
416 519
417 519
418 519
419 519
420 519
421 519
422 519
423 519
424 519
425 519
426 519
427 519
428 519
429 519
430 519
431 519
432 519
433 519
434 519
435 519
436 519
437 519
438 519
439 519
440 519
441 519
442 519
443 519
444 519
445 519
446 519
447 519
448 519
449 519
450 519
451 519
452 519
453 519
454 519
455 519
456 519
457 519
458 519
459 519
460 519
461 519
462 519
463 519
464 519
465 519
466 519
467 519
468 519
469 519
470 519
471 519
472 519
473 519
474 519
475 519
476 519
477 519
478 519
479 519
480 519
481 519
482 519
483 519
484 519
485 519
486 519
487 519
488 519
489 519
490 519
491 519
492 519
493 519
494 519
495 519
496 519
497 519
498 519
499 519
500 519
501 519
502 519
503 519
504 519
505 519
506 519
507 519
508 519
509 519
510 519
511 519
512 519
513 519
514 519
515 519
516 519
517 519
518 519
519 520
