607
606
1 606
2 606
3 606
4 606
5 606
6 606
7 606
8 606
9 606
10 606
11 606
12 606
13 606
14 606
15 606
16 606
17 606
18 606
19 606
20 606
21 606
22 606
23 606
24 606
25 606
26 606
27 606
28 606
29 606
30 606
31 606
32 606
33 606
34 606
35 606
36 606
37 606
38 606
39 606
40 606
41 606
42 606
43 606
44 606
45 606
46 606
47 606
48 606
49 606
50 606
51 606
52 606
53 606
54 606
55 606
56 606
57 606
58 606
59 606
60 606
61 606
62 606
63 606
64 606
65 606
66 606
67 606
68 606
69 606
70 606
71 606
72 606
73 606
74 606
75 606
76 606
77 606
78 606
79 606
80 606
81 606
82 606
83 606
84 606
85 606
86 606
87 606
88 606
89 606
90 606
91 606
92 606
93 606
94 606
95 606
96 606
97 606
98 606
99 606
100 606
101 606
102 606
103 606
104 606
105 606
106 606
107 606
108 606
109 606
110 606
111 606
112 606
113 606
114 606
115 606
116 606
117 606
118 606
119 606
120 606
121 606
122 606
123 606
124 606
125 606
126 606
127 606
128 606
129 606
130 606
131 606
132 606
133 606
134 606
135 606
136 606
137 606
138 606
139 606
140 606
141 606
142 606
143 606
144 606
145 606
146 606
147 606
148 606
149 606
150 606
151 606
152 606
153 606
154 606
155 606
156 606
157 606
158 606
159 606
160 606
161 606
162 606
163 606
164 606
165 606
166 606
167 606
168 606
169 606
170 606
171 606
172 606
173 606
174 606
175 606
176 606
177 606
178 606
179 606
180 606
181 606
182 606
183 606
184 606
185 606
186 606
187 606
188 606
189 606
190 606
191 606
192 606
193 606
194 606
195 606
196 606
197 606
198 606
199 606
200 606
201 606
202 606
203 606
204 606
205 606
206 606
207 606
208 606
209 606
210 606
211 606
212 606
213 606
214 606
215 606
216 606
217 606
218 606
219 606
220 606
221 606
222 606
223 606
224 606
225 606
226 606
227 606
228 606
229 606
230 606
231 606
232 606
233 606
234 606
235 606
236 606
237 606
238 606
239 606
240 606
241 606
242 606
243 606
244 606
245 606
246 606
247 606
248 606
249 606
250 606
251 606
252 606
253 606
254 606
255 606
256 606
257 606
258 606
259 606
260 606
261 606
262 606
263 606
264 606
265 606
266 606
267 606
268 606
269 606
270 606
271 606
272 606
273 606
274 606
275 606
276 606
277 606
278 606
279 606
280 606
281 606
282 606
283 606
284 606
285 606
286 606
287 606
288 606
289 606
290 606
291 606
292 606
293 606
294 606
295 606
296 606
297 606
298 606
299 606
300 606
301 606
302 606
303 606
304 606
305 606
306 606
307 606
308 606
309 606
310 606
311 606
312 606
313 606
314 606
315 606
316 606
317 606
318 606
319 606
320 606
321 606
322 606
323 606
324 606
325 606
326 606
327 606
328 606
329 606
330 606
331 606
332 606
333 606
334 606
335 606
336 606
337 606
338 606
339 606
340 606
341 606
342 606
343 606
344 606
345 606
346 606
347 606
348 606
349 606
350 606
351 606
352 606
353 606
354 606
355 606
356 606
357 606
358 606
359 606
360 606
361 606
362 606
363 606
364 606
365 606
366 606
367 606
368 606
369 606
370 606
371 606
372 606
373 606
374 606
375 606
376 606
377 606
378 606
379 606
380 606
381 606
382 606
383 606
384 606
385 606
386 606
387 606
388 606
389 606
390 606
391 606
392 606
393 606
394 606
395 606
396 606
397 606
398 606
399 606
400 606
401 606
402 606
403 606
404 606
405 606
406 606
407 606
408 606
409 606
410 606
411 606
412 606
413 606
414 606
415 606
416 606
417 606
418 606
419 606
420 606
421 606
422 606
423 606
424 606
425 606
426 606
427 606
428 606
429 606
430 606
431 606
432 606
433 606
434 606
435 606
436 606
437 606
438 606
439 606
440 606
441 606
442 606
443 606
444 606
445 606
446 606
447 606
448 606
449 606
450 606
451 606
452 606
453 606
454 606
455 606
456 606
457 606
458 606
459 606
460 606
461 606
462 606
463 606
464 606
465 606
466 606
467 606
468 606
469 606
470 606
471 606
472 606
473 606
474 606
475 606
476 606
477 606
478 606
479 606
480 606
481 606
482 606
483 606
484 606
485 606
486 606
487 606
488 606
489 606
490 606
491 606
492 606
493 606
494 606
495 606
496 606
497 606
498 606
499 606
500 606
501 606
502 606
503 606
504 606
505 606
506 606
507 606
508 606
509 606
510 606
511 606
512 606
513 606
514 606
515 606
516 606
517 606
518 606
519 606
520 606
521 606
522 606
523 606
524 606
525 606
526 606
527 606
528 606
529 606
530 606
531 606
532 606
533 606
534 606
535 606
536 606
537 606
538 606
539 606
540 606
541 606
542 606
543 606
544 606
545 606
546 606
547 606
548 606
549 606
550 606
551 606
552 606
553 606
554 606
555 606
556 606
557 606
558 606
559 606
560 606
561 606
562 606
563 606
564 606
565 606
566 606
567 606
568 606
569 606
570 606
571 606
572 606
573 606
574 606
575 606
576 606
577 606
578 606
579 606
580 606
581 606
582 606
583 606
584 606
585 606
586 606
587 606
588 606
589 606
590 606
591 606
592 606
593 606
594 606
595 606
596 606
597 606
598 606
599 606
600 606
601 606
602 606
603 606
604 606
605 606
606 607
