864
863
1 863
2 863
3 863
4 863
5 863
6 863
7 863
8 863
9 863
10 863
11 863
12 863
13 863
14 863
15 863
16 863
17 863
18 863
19 863
20 863
21 863
22 863
23 863
24 863
25 863
26 863
27 863
28 863
29 863
30 863
31 863
32 863
33 863
34 863
35 863
36 863
37 863
38 863
39 863
40 863
41 863
42 863
43 863
44 863
45 863
46 863
47 863
48 863
49 863
50 863
51 863
52 863
53 863
54 863
55 863
56 863
57 863
58 863
59 863
60 863
61 863
62 863
63 863
64 863
65 863
66 863
67 863
68 863
69 863
70 863
71 863
72 863
73 863
74 863
75 863
76 863
77 863
78 863
79 863
80 863
81 863
82 863
83 863
84 863
85 863
86 863
87 863
88 863
89 863
90 863
91 863
92 863
93 863
94 863
95 863
96 863
97 863
98 863
99 863
100 863
101 863
102 863
103 863
104 863
105 863
106 863
107 863
108 863
109 863
110 863
111 863
112 863
113 863
114 863
115 863
116 863
117 863
118 863
119 863
120 863
121 863
122 863
123 863
124 863
125 863
126 863
127 863
128 863
129 863
130 863
131 863
132 863
133 863
134 863
135 863
136 863
137 863
138 863
139 863
140 863
141 863
142 863
143 863
144 863
145 863
146 863
147 863
148 863
149 863
150 863
151 863
152 863
153 863
154 863
155 863
156 863
157 863
158 863
159 863
160 863
161 863
162 863
163 863
164 863
165 863
166 863
167 863
168 863
169 863
170 863
171 863
172 863
173 863
174 863
175 863
176 863
177 863
178 863
179 863
180 863
181 863
182 863
183 863
184 863
185 863
186 863
187 863
188 863
189 863
190 863
191 863
192 863
193 863
194 863
195 863
196 863
197 863
198 863
199 863
200 863
201 863
202 863
203 863
204 863
205 863
206 863
207 863
208 863
209 863
210 863
211 863
212 863
213 863
214 863
215 863
216 863
217 863
218 863
219 863
220 863
221 863
222 863
223 863
224 863
225 863
226 863
227 863
228 863
229 863
230 863
231 863
232 863
233 863
234 863
235 863
236 863
237 863
238 863
239 863
240 863
241 863
242 863
243 863
244 863
245 863
246 863
247 863
248 863
249 863
250 863
251 863
252 863
253 863
254 863
255 863
256 863
257 863
258 863
259 863
260 863
261 863
262 863
263 863
264 863
265 863
266 863
267 863
268 863
269 863
270 863
271 863
272 863
273 863
274 863
275 863
276 863
277 863
278 863
279 863
280 863
281 863
282 863
283 863
284 863
285 863
286 863
287 863
288 863
289 863
290 863
291 863
292 863
293 863
294 863
295 863
296 863
297 863
298 863
299 863
300 863
301 863
302 863
303 863
304 863
305 863
306 863
307 863
308 863
309 863
310 863
311 863
312 863
313 863
314 863
315 863
316 863
317 863
318 863
319 863
320 863
321 863
322 863
323 863
324 863
325 863
326 863
327 863
328 863
329 863
330 863
331 863
332 863
333 863
334 863
335 863
336 863
337 863
338 863
339 863
340 863
341 863
342 863
343 863
344 863
345 863
346 863
347 863
348 863
349 863
350 863
351 863
352 863
353 863
354 863
355 863
356 863
357 863
358 863
359 863
360 863
361 863
362 863
363 863
364 863
365 863
366 863
367 863
368 863
369 863
370 863
371 863
372 863
373 863
374 863
375 863
376 863
377 863
378 863
379 863
380 863
381 863
382 863
383 863
384 863
385 863
386 863
387 863
388 863
389 863
390 863
391 863
392 863
393 863
394 863
395 863
396 863
397 863
398 863
399 863
400 863
401 863
402 863
403 863
404 863
405 863
406 863
407 863
408 863
409 863
410 863
411 863
412 863
413 863
414 863
415 863
416 863
417 863
418 863
419 863
420 863
421 863
422 863
423 863
424 863
425 863
426 863
427 863
428 863
429 863
430 863
431 863
432 863
433 863
434 863
435 863
436 863
437 863
438 863
439 863
440 863
441 863
442 863
443 863
444 863
445 863
446 863
447 863
448 863
449 863
450 863
451 863
452 863
453 863
454 863
455 863
456 863
457 863
458 863
459 863
460 863
461 863
462 863
463 863
464 863
465 863
466 863
467 863
468 863
469 863
470 863
471 863
472 863
473 863
474 863
475 863
476 863
477 863
478 863
479 863
480 863
481 863
482 863
483 863
484 863
485 863
486 863
487 863
488 863
489 863
490 863
491 863
492 863
493 863
494 863
495 863
496 863
497 863
498 863
499 863
500 863
501 863
502 863
503 863
504 863
505 863
506 863
507 863
508 863
509 863
510 863
511 863
512 863
513 863
514 863
515 863
516 863
517 863
518 863
519 863
520 863
521 863
522 863
523 863
524 863
525 863
526 863
527 863
528 863
529 863
530 863
531 863
532 863
533 863
534 863
535 863
536 863
537 863
538 863
539 863
540 863
541 863
542 863
543 863
544 863
545 863
546 863
547 863
548 863
549 863
550 863
551 863
552 863
553 863
554 863
555 863
556 863
557 863
558 863
559 863
560 863
561 863
562 863
563 863
564 863
565 863
566 863
567 863
568 863
569 863
570 863
571 863
572 863
573 863
574 863
575 863
576 863
577 863
578 863
579 863
580 863
581 863
582 863
583 863
584 863
585 863
586 863
587 863
588 863
589 863
590 863
591 863
592 863
593 863
594 863
595 863
596 863
597 863
598 863
599 863
600 863
601 863
602 863
603 863
604 863
605 863
606 863
607 863
608 863
609 863
610 863
611 863
612 863
613 863
614 863
615 863
616 863
617 863
618 863
619 863
620 863
621 863
622 863
623 863
624 863
625 863
626 863
627 863
628 863
629 863
630 863
631 863
632 863
633 863
634 863
635 863
636 863
637 863
638 863
639 863
640 863
641 863
642 863
643 863
644 863
645 863
646 863
647 863
648 863
649 863
650 863
651 863
652 863
653 863
654 863
655 863
656 863
657 863
658 863
659 863
660 863
661 863
662 863
663 863
664 863
665 863
666 863
667 863
668 863
669 863
670 863
671 863
672 863
673 863
674 863
675 863
676 863
677 863
678 863
679 863
680 863
681 863
682 863
683 863
684 863
685 863
686 863
687 863
688 863
689 863
690 863
691 863
692 863
693 863
694 863
695 863
696 863
697 863
698 863
699 863
700 863
701 863
702 863
703 863
704 863
705 863
706 863
707 863
708 863
709 863
710 863
711 863
712 863
713 863
714 863
715 863
716 863
717 863
718 863
719 863
720 863
721 863
722 863
723 863
724 863
725 863
726 863
727 863
728 863
729 863
730 863
731 863
732 863
733 863
734 863
735 863
736 863
737 863
738 863
739 863
740 863
741 863
742 863
743 863
744 863
745 863
746 863
747 863
748 863
749 863
750 863
751 863
752 863
753 863
754 863
755 863
756 863
757 863
758 863
759 863
760 863
761 863
762 863
763 863
764 863
765 863
766 863
767 863
768 863
769 863
770 863
771 863
772 863
773 863
774 863
775 863
776 863
777 863
778 863
779 863
780 863
781 863
782 863
783 863
784 863
785 863
786 863
787 863
788 863
789 863
790 863
791 863
792 863
793 863
794 863
795 863
796 863
797 863
798 863
799 863
800 863
801 863
802 863
803 863
804 863
805 863
806 863
807 863
808 863
809 863
810 863
811 863
812 863
813 863
814 863
815 863
816 863
817 863
818 863
819 863
820 863
821 863
822 863
823 863
824 863
825 863
826 863
827 863
828 863
829 863
830 863
831 863
832 863
833 863
834 863
835 863
836 863
837 863
838 863
839 863
840 863
841 863
842 863
843 863
844 863
845 863
846 863
847 863
848 863
849 863
850 863
851 863
852 863
853 863
854 863
855 863
856 863
857 863
858 863
859 863
860 863
861 863
862 863
863 864
