685
684
1 684
2 684
3 684
4 684
5 684
6 684
7 684
8 684
9 684
10 684
11 684
12 684
13 684
14 684
15 684
16 684
17 684
18 684
19 684
20 684
21 684
22 684
23 684
24 684
25 684
26 684
27 684
28 684
29 684
30 684
31 684
32 684
33 684
34 684
35 684
36 684
37 684
38 684
39 684
40 684
41 684
42 684
43 684
44 684
45 684
46 684
47 684
48 684
49 684
50 684
51 684
52 684
53 684
54 684
55 684
56 684
57 684
58 684
59 684
60 684
61 684
62 684
63 684
64 684
65 684
66 684
67 684
68 684
69 684
70 684
71 684
72 684
73 684
74 684
75 684
76 684
77 684
78 684
79 684
80 684
81 684
82 684
83 684
84 684
85 684
86 684
87 684
88 684
89 684
90 684
91 684
92 684
93 684
94 684
95 684
96 684
97 684
98 684
99 684
100 684
101 684
102 684
103 684
104 684
105 684
106 684
107 684
108 684
109 684
110 684
111 684
112 684
113 684
114 684
115 684
116 684
117 684
118 684
119 684
120 684
121 684
122 684
123 684
124 684
125 684
126 684
127 684
128 684
129 684
130 684
131 684
132 684
133 684
134 684
135 684
136 684
137 684
138 684
139 684
140 684
141 684
142 684
143 684
144 684
145 684
146 684
147 684
148 684
149 684
150 684
151 684
152 684
153 684
154 684
155 684
156 684
157 684
158 684
159 684
160 684
161 684
162 684
163 684
164 684
165 684
166 684
167 684
168 684
169 684
170 684
171 684
172 684
173 684
174 684
175 684
176 684
177 684
178 684
179 684
180 684
181 684
182 684
183 684
184 684
185 684
186 684
187 684
188 684
189 684
190 684
191 684
192 684
193 684
194 684
195 684
196 684
197 684
198 684
199 684
200 684
201 684
202 684
203 684
204 684
205 684
206 684
207 684
208 684
209 684
210 684
211 684
212 684
213 684
214 684
215 684
216 684
217 684
218 684
219 684
220 684
221 684
222 684
223 684
224 684
225 684
226 684
227 684
228 684
229 684
230 684
231 684
232 684
233 684
234 684
235 684
236 684
237 684
238 684
239 684
240 684
241 684
242 684
243 684
244 684
245 684
246 684
247 684
248 684
249 684
250 684
251 684
252 684
253 684
254 684
255 684
256 684
257 684
258 684
259 684
260 684
261 684
262 684
263 684
264 684
265 684
266 684
267 684
268 684
269 684
270 684
271 684
272 684
273 684
274 684
275 684
276 684
277 684
278 684
279 684
280 684
281 684
282 684
283 684
284 684
285 684
286 684
287 684
288 684
289 684
290 684
291 684
292 684
293 684
294 684
295 684
296 684
297 684
298 684
299 684
300 684
301 684
302 684
303 684
304 684
305 684
306 684
307 684
308 684
309 684
310 684
311 684
312 684
313 684
314 684
315 684
316 684
317 684
318 684
319 684
320 684
321 684
322 684
323 684
324 684
325 684
326 684
327 684
328 684
329 684
330 684
331 684
332 684
333 684
334 684
335 684
336 684
337 684
338 684
339 684
340 684
341 684
342 684
343 684
344 684
345 684
346 684
347 684
348 684
349 684
350 684
351 684
352 684
353 684
354 684
355 684
356 684
357 684
358 684
359 684
360 684
361 684
362 684
363 684
364 684
365 684
366 684
367 684
368 684
369 684
370 684
371 684
372 684
373 684
374 684
375 684
376 684
377 684
378 684
379 684
380 684
381 684
382 684
383 684
384 684
385 684
386 684
387 684
388 684
389 684
390 684
391 684
392 684
393 684
394 684
395 684
396 684
397 684
398 684
399 684
400 684
401 684
402 684
403 684
404 684
405 684
406 684
407 684
408 684
409 684
410 684
411 684
412 684
413 684
414 684
415 684
416 684
417 684
418 684
419 684
420 684
421 684
422 684
423 684
424 684
425 684
426 684
427 684
428 684
429 684
430 684
431 684
432 684
433 684
434 684
435 684
436 684
437 684
438 684
439 684
440 684
441 684
442 684
443 684
444 684
445 684
446 684
447 684
448 684
449 684
450 684
451 684
452 684
453 684
454 684
455 684
456 684
457 684
458 684
459 684
460 684
461 684
462 684
463 684
464 684
465 684
466 684
467 684
468 684
469 684
470 684
471 684
472 684
473 684
474 684
475 684
476 684
477 684
478 684
479 684
480 684
481 684
482 684
483 684
484 684
485 684
486 684
487 684
488 684
489 684
490 684
491 684
492 684
493 684
494 684
495 684
496 684
497 684
498 684
499 684
500 684
501 684
502 684
503 684
504 684
505 684
506 684
507 684
508 684
509 684
510 684
511 684
512 684
513 684
514 684
515 684
516 684
517 684
518 684
519 684
520 684
521 684
522 684
523 684
524 684
525 684
526 684
527 684
528 684
529 684
530 684
531 684
532 684
533 684
534 684
535 684
536 684
537 684
538 684
539 684
540 684
541 684
542 684
543 684
544 684
545 684
546 684
547 684
548 684
549 684
550 684
551 684
552 684
553 684
554 684
555 684
556 684
557 684
558 684
559 684
560 684
561 684
562 684
563 684
564 684
565 684
566 684
567 684
568 684
569 684
570 684
571 684
572 684
573 684
574 684
575 684
576 684
577 684
578 684
579 684
580 684
581 684
582 684
583 684
584 684
585 684
586 684
587 684
588 684
589 684
590 684
591 684
592 684
593 684
594 684
595 684
596 684
597 684
598 684
599 684
600 684
601 684
602 684
603 684
604 684
605 684
606 684
607 684
608 684
609 684
610 684
611 684
612 684
613 684
614 684
615 684
616 684
617 684
618 684
619 684
620 684
621 684
622 684
623 684
624 684
625 684
626 684
627 684
628 684
629 684
630 684
631 684
632 684
633 684
634 684
635 684
636 684
637 684
638 684
639 684
640 684
641 684
642 684
643 684
644 684
645 684
646 684
647 684
648 684
649 684
650 684
651 684
652 684
653 684
654 684
655 684
656 684
657 684
658 684
659 684
660 684
661 684
662 684
663 684
664 684
665 684
666 684
667 684
668 684
669 684
670 684
671 684
672 684
673 684
674 684
675 684
676 684
677 684
678 684
679 684
680 684
681 684
682 684
683 684
684 685
