820
819
1 819
2 819
3 819
4 819
5 819
6 819
7 819
8 819
9 819
10 819
11 819
12 819
13 819
14 819
15 819
16 819
17 819
18 819
19 819
20 819
21 819
22 819
23 819
24 819
25 819
26 819
27 819
28 819
29 819
30 819
31 819
32 819
33 819
34 819
35 819
36 819
37 819
38 819
39 819
40 819
41 819
42 819
43 819
44 819
45 819
46 819
47 819
48 819
49 819
50 819
51 819
52 819
53 819
54 819
55 819
56 819
57 819
58 819
59 819
60 819
61 819
62 819
63 819
64 819
65 819
66 819
67 819
68 819
69 819
70 819
71 819
72 819
73 819
74 819
75 819
76 819
77 819
78 819
79 819
80 819
81 819
82 819
83 819
84 819
85 819
86 819
87 819
88 819
89 819
90 819
91 819
92 819
93 819
94 819
95 819
96 819
97 819
98 819
99 819
100 819
101 819
102 819
103 819
104 819
105 819
106 819
107 819
108 819
109 819
110 819
111 819
112 819
113 819
114 819
115 819
116 819
117 819
118 819
119 819
120 819
121 819
122 819
123 819
124 819
125 819
126 819
127 819
128 819
129 819
130 819
131 819
132 819
133 819
134 819
135 819
136 819
137 819
138 819
139 819
140 819
141 819
142 819
143 819
144 819
145 819
146 819
147 819
148 819
149 819
150 819
151 819
152 819
153 819
154 819
155 819
156 819
157 819
158 819
159 819
160 819
161 819
162 819
163 819
164 819
165 819
166 819
167 819
168 819
169 819
170 819
171 819
172 819
173 819
174 819
175 819
176 819
177 819
178 819
179 819
180 819
181 819
182 819
183 819
184 819
185 819
186 819
187 819
188 819
189 819
190 819
191 819
192 819
193 819
194 819
195 819
196 819
197 819
198 819
199 819
200 819
201 819
202 819
203 819
204 819
205 819
206 819
207 819
208 819
209 819
210 819
211 819
212 819
213 819
214 819
215 819
216 819
217 819
218 819
219 819
220 819
221 819
222 819
223 819
224 819
225 819
226 819
227 819
228 819
229 819
230 819
231 819
232 819
233 819
234 819
235 819
236 819
237 819
238 819
239 819
240 819
241 819
242 819
243 819
244 819
245 819
246 819
247 819
248 819
249 819
250 819
251 819
252 819
253 819
254 819
255 819
256 819
257 819
258 819
259 819
260 819
261 819
262 819
263 819
264 819
265 819
266 819
267 819
268 819
269 819
270 819
271 819
272 819
273 819
274 819
275 819
276 819
277 819
278 819
279 819
280 819
281 819
282 819
283 819
284 819
285 819
286 819
287 819
288 819
289 819
290 819
291 819
292 819
293 819
294 819
295 819
296 819
297 819
298 819
299 819
300 819
301 819
302 819
303 819
304 819
305 819
306 819
307 819
308 819
309 819
310 819
311 819
312 819
313 819
314 819
315 819
316 819
317 819
318 819
319 819
320 819
321 819
322 819
323 819
324 819
325 819
326 819
327 819
328 819
329 819
330 819
331 819
332 819
333 819
334 819
335 819
336 819
337 819
338 819
339 819
340 819
341 819
342 819
343 819
344 819
345 819
346 819
347 819
348 819
349 819
350 819
351 819
352 819
353 819
354 819
355 819
356 819
357 819
358 819
359 819
360 819
361 819
362 819
363 819
364 819
365 819
366 819
367 819
368 819
369 819
370 819
371 819
372 819
373 819
374 819
375 819
376 819
377 819
378 819
379 819
380 819
381 819
382 819
383 819
384 819
385 819
386 819
387 819
388 819
389 819
390 819
391 819
392 819
393 819
394 819
395 819
396 819
397 819
398 819
399 819
400 819
401 819
402 819
403 819
404 819
405 819
406 819
407 819
408 819
409 819
410 819
411 819
412 819
413 819
414 819
415 819
416 819
417 819
418 819
419 819
420 819
421 819
422 819
423 819
424 819
425 819
426 819
427 819
428 819
429 819
430 819
431 819
432 819
433 819
434 819
435 819
436 819
437 819
438 819
439 819
440 819
441 819
442 819
443 819
444 819
445 819
446 819
447 819
448 819
449 819
450 819
451 819
452 819
453 819
454 819
455 819
456 819
457 819
458 819
459 819
460 819
461 819
462 819
463 819
464 819
465 819
466 819
467 819
468 819
469 819
470 819
471 819
472 819
473 819
474 819
475 819
476 819
477 819
478 819
479 819
480 819
481 819
482 819
483 819
484 819
485 819
486 819
487 819
488 819
489 819
490 819
491 819
492 819
493 819
494 819
495 819
496 819
497 819
498 819
499 819
500 819
501 819
502 819
503 819
504 819
505 819
506 819
507 819
508 819
509 819
510 819
511 819
512 819
513 819
514 819
515 819
516 819
517 819
518 819
519 819
520 819
521 819
522 819
523 819
524 819
525 819
526 819
527 819
528 819
529 819
530 819
531 819
532 819
533 819
534 819
535 819
536 819
537 819
538 819
539 819
540 819
541 819
542 819
543 819
544 819
545 819
546 819
547 819
548 819
549 819
550 819
551 819
552 819
553 819
554 819
555 819
556 819
557 819
558 819
559 819
560 819
561 819
562 819
563 819
564 819
565 819
566 819
567 819
568 819
569 819
570 819
571 819
572 819
573 819
574 819
575 819
576 819
577 819
578 819
579 819
580 819
581 819
582 819
583 819
584 819
585 819
586 819
587 819
588 819
589 819
590 819
591 819
592 819
593 819
594 819
595 819
596 819
597 819
598 819
599 819
600 819
601 819
602 819
603 819
604 819
605 819
606 819
607 819
608 819
609 819
610 819
611 819
612 819
613 819
614 819
615 819
616 819
617 819
618 819
619 819
620 819
621 819
622 819
623 819
624 819
625 819
626 819
627 819
628 819
629 819
630 819
631 819
632 819
633 819
634 819
635 819
636 819
637 819
638 819
639 819
640 819
641 819
642 819
643 819
644 819
645 819
646 819
647 819
648 819
649 819
650 819
651 819
652 819
653 819
654 819
655 819
656 819
657 819
658 819
659 819
660 819
661 819
662 819
663 819
664 819
665 819
666 819
667 819
668 819
669 819
670 819
671 819
672 819
673 819
674 819
675 819
676 819
677 819
678 819
679 819
680 819
681 819
682 819
683 819
684 819
685 819
686 819
687 819
688 819
689 819
690 819
691 819
692 819
693 819
694 819
695 819
696 819
697 819
698 819
699 819
700 819
701 819
702 819
703 819
704 819
705 819
706 819
707 819
708 819
709 819
710 819
711 819
712 819
713 819
714 819
715 819
716 819
717 819
718 819
719 819
720 819
721 819
722 819
723 819
724 819
725 819
726 819
727 819
728 819
729 819
730 819
731 819
732 819
733 819
734 819
735 819
736 819
737 819
738 819
739 819
740 819
741 819
742 819
743 819
744 819
745 819
746 819
747 819
748 819
749 819
750 819
751 819
752 819
753 819
754 819
755 819
756 819
757 819
758 819
759 819
760 819
761 819
762 819
763 819
764 819
765 819
766 819
767 819
768 819
769 819
770 819
771 819
772 819
773 819
774 819
775 819
776 819
777 819
778 819
779 819
780 819
781 819
782 819
783 819
784 819
785 819
786 819
787 819
788 819
789 819
790 819
791 819
792 819
793 819
794 819
795 819
796 819
797 819
798 819
799 819
800 819
801 819
802 819
803 819
804 819
805 819
806 819
807 819
808 819
809 819
810 819
811 819
812 819
813 819
814 819
815 819
816 819
817 819
818 819
819 820
