717
716
1 716
2 716
3 716
4 716
5 716
6 716
7 716
8 716
9 716
10 716
11 716
12 716
13 716
14 716
15 716
16 716
17 716
18 716
19 716
20 716
21 716
22 716
23 716
24 716
25 716
26 716
27 716
28 716
29 716
30 716
31 716
32 716
33 716
34 716
35 716
36 716
37 716
38 716
39 716
40 716
41 716
42 716
43 716
44 716
45 716
46 716
47 716
48 716
49 716
50 716
51 716
52 716
53 716
54 716
55 716
56 716
57 716
58 716
59 716
60 716
61 716
62 716
63 716
64 716
65 716
66 716
67 716
68 716
69 716
70 716
71 716
72 716
73 716
74 716
75 716
76 716
77 716
78 716
79 716
80 716
81 716
82 716
83 716
84 716
85 716
86 716
87 716
88 716
89 716
90 716
91 716
92 716
93 716
94 716
95 716
96 716
97 716
98 716
99 716
100 716
101 716
102 716
103 716
104 716
105 716
106 716
107 716
108 716
109 716
110 716
111 716
112 716
113 716
114 716
115 716
116 716
117 716
118 716
119 716
120 716
121 716
122 716
123 716
124 716
125 716
126 716
127 716
128 716
129 716
130 716
131 716
132 716
133 716
134 716
135 716
136 716
137 716
138 716
139 716
140 716
141 716
142 716
143 716
144 716
145 716
146 716
147 716
148 716
149 716
150 716
151 716
152 716
153 716
154 716
155 716
156 716
157 716
158 716
159 716
160 716
161 716
162 716
163 716
164 716
165 716
166 716
167 716
168 716
169 716
170 716
171 716
172 716
173 716
174 716
175 716
176 716
177 716
178 716
179 716
180 716
181 716
182 716
183 716
184 716
185 716
186 716
187 716
188 716
189 716
190 716
191 716
192 716
193 716
194 716
195 716
196 716
197 716
198 716
199 716
200 716
201 716
202 716
203 716
204 716
205 716
206 716
207 716
208 716
209 716
210 716
211 716
212 716
213 716
214 716
215 716
216 716
217 716
218 716
219 716
220 716
221 716
222 716
223 716
224 716
225 716
226 716
227 716
228 716
229 716
230 716
231 716
232 716
233 716
234 716
235 716
236 716
237 716
238 716
239 716
240 716
241 716
242 716
243 716
244 716
245 716
246 716
247 716
248 716
249 716
250 716
251 716
252 716
253 716
254 716
255 716
256 716
257 716
258 716
259 716
260 716
261 716
262 716
263 716
264 716
265 716
266 716
267 716
268 716
269 716
270 716
271 716
272 716
273 716
274 716
275 716
276 716
277 716
278 716
279 716
280 716
281 716
282 716
283 716
284 716
285 716
286 716
287 716
288 716
289 716
290 716
291 716
292 716
293 716
294 716
295 716
296 716
297 716
298 716
299 716
300 716
301 716
302 716
303 716
304 716
305 716
306 716
307 716
308 716
309 716
310 716
311 716
312 716
313 716
314 716
315 716
316 716
317 716
318 716
319 716
320 716
321 716
322 716
323 716
324 716
325 716
326 716
327 716
328 716
329 716
330 716
331 716
332 716
333 716
334 716
335 716
336 716
337 716
338 716
339 716
340 716
341 716
342 716
343 716
344 716
345 716
346 716
347 716
348 716
349 716
350 716
351 716
352 716
353 716
354 716
355 716
356 716
357 716
358 716
359 716
360 716
361 716
362 716
363 716
364 716
365 716
366 716
367 716
368 716
369 716
370 716
371 716
372 716
373 716
374 716
375 716
376 716
377 716
378 716
379 716
380 716
381 716
382 716
383 716
384 716
385 716
386 716
387 716
388 716
389 716
390 716
391 716
392 716
393 716
394 716
395 716
396 716
397 716
398 716
399 716
400 716
401 716
402 716
403 716
404 716
405 716
406 716
407 716
408 716
409 716
410 716
411 716
412 716
413 716
414 716
415 716
416 716
417 716
418 716
419 716
420 716
421 716
422 716
423 716
424 716
425 716
426 716
427 716
428 716
429 716
430 716
431 716
432 716
433 716
434 716
435 716
436 716
437 716
438 716
439 716
440 716
441 716
442 716
443 716
444 716
445 716
446 716
447 716
448 716
449 716
450 716
451 716
452 716
453 716
454 716
455 716
456 716
457 716
458 716
459 716
460 716
461 716
462 716
463 716
464 716
465 716
466 716
467 716
468 716
469 716
470 716
471 716
472 716
473 716
474 716
475 716
476 716
477 716
478 716
479 716
480 716
481 716
482 716
483 716
484 716
485 716
486 716
487 716
488 716
489 716
490 716
491 716
492 716
493 716
494 716
495 716
496 716
497 716
498 716
499 716
500 716
501 716
502 716
503 716
504 716
505 716
506 716
507 716
508 716
509 716
510 716
511 716
512 716
513 716
514 716
515 716
516 716
517 716
518 716
519 716
520 716
521 716
522 716
523 716
524 716
525 716
526 716
527 716
528 716
529 716
530 716
531 716
532 716
533 716
534 716
535 716
536 716
537 716
538 716
539 716
540 716
541 716
542 716
543 716
544 716
545 716
546 716
547 716
548 716
549 716
550 716
551 716
552 716
553 716
554 716
555 716
556 716
557 716
558 716
559 716
560 716
561 716
562 716
563 716
564 716
565 716
566 716
567 716
568 716
569 716
570 716
571 716
572 716
573 716
574 716
575 716
576 716
577 716
578 716
579 716
580 716
581 716
582 716
583 716
584 716
585 716
586 716
587 716
588 716
589 716
590 716
591 716
592 716
593 716
594 716
595 716
596 716
597 716
598 716
599 716
600 716
601 716
602 716
603 716
604 716
605 716
606 716
607 716
608 716
609 716
610 716
611 716
612 716
613 716
614 716
615 716
616 716
617 716
618 716
619 716
620 716
621 716
622 716
623 716
624 716
625 716
626 716
627 716
628 716
629 716
630 716
631 716
632 716
633 716
634 716
635 716
636 716
637 716
638 716
639 716
640 716
641 716
642 716
643 716
644 716
645 716
646 716
647 716
648 716
649 716
650 716
651 716
652 716
653 716
654 716
655 716
656 716
657 716
658 716
659 716
660 716
661 716
662 716
663 716
664 716
665 716
666 716
667 716
668 716
669 716
670 716
671 716
672 716
673 716
674 716
675 716
676 716
677 716
678 716
679 716
680 716
681 716
682 716
683 716
684 716
685 716
686 716
687 716
688 716
689 716
690 716
691 716
692 716
693 716
694 716
695 716
696 716
697 716
698 716
699 716
700 716
701 716
702 716
703 716
704 716
705 716
706 716
707 716
708 716
709 716
710 716
711 716
712 716
713 716
714 716
715 716
716 717
