474
473
1 473
2 473
3 473
4 473
5 473
6 473
7 473
8 473
9 473
10 473
11 473
12 473
13 473
14 473
15 473
16 473
17 473
18 473
19 473
20 473
21 473
22 473
23 473
24 473
25 473
26 473
27 473
28 473
29 473
30 473
31 473
32 473
33 473
34 473
35 473
36 473
37 473
38 473
39 473
40 473
41 473
42 473
43 473
44 473
45 473
46 473
47 473
48 473
49 473
50 473
51 473
52 473
53 473
54 473
55 473
56 473
57 473
58 473
59 473
60 473
61 473
62 473
63 473
64 473
65 473
66 473
67 473
68 473
69 473
70 473
71 473
72 473
73 473
74 473
75 473
76 473
77 473
78 473
79 473
80 473
81 473
82 473
83 473
84 473
85 473
86 473
87 473
88 473
89 473
90 473
91 473
92 473
93 473
94 473
95 473
96 473
97 473
98 473
99 473
100 473
101 473
102 473
103 473
104 473
105 473
106 473
107 473
108 473
109 473
110 473
111 473
112 473
113 473
114 473
115 473
116 473
117 473
118 473
119 473
120 473
121 473
122 473
123 473
124 473
125 473
126 473
127 473
128 473
129 473
130 473
131 473
132 473
133 473
134 473
135 473
136 473
137 473
138 473
139 473
140 473
141 473
142 473
143 473
144 473
145 473
146 473
147 473
148 473
149 473
150 473
151 473
152 473
153 473
154 473
155 473
156 473
157 473
158 473
159 473
160 473
161 473
162 473
163 473
164 473
165 473
166 473
167 473
168 473
169 473
170 473
171 473
172 473
173 473
174 473
175 473
176 473
177 473
178 473
179 473
180 473
181 473
182 473
183 473
184 473
185 473
186 473
187 473
188 473
189 473
190 473
191 473
192 473
193 473
194 473
195 473
196 473
197 473
198 473
199 473
200 473
201 473
202 473
203 473
204 473
205 473
206 473
207 473
208 473
209 473
210 473
211 473
212 473
213 473
214 473
215 473
216 473
217 473
218 473
219 473
220 473
221 473
222 473
223 473
224 473
225 473
226 473
227 473
228 473
229 473
230 473
231 473
232 473
233 473
234 473
235 473
236 473
237 473
238 473
239 473
240 473
241 473
242 473
243 473
244 473
245 473
246 473
247 473
248 473
249 473
250 473
251 473
252 473
253 473
254 473
255 473
256 473
257 473
258 473
259 473
260 473
261 473
262 473
263 473
264 473
265 473
266 473
267 473
268 473
269 473
270 473
271 473
272 473
273 473
274 473
275 473
276 473
277 473
278 473
279 473
280 473
281 473
282 473
283 473
284 473
285 473
286 473
287 473
288 473
289 473
290 473
291 473
292 473
293 473
294 473
295 473
296 473
297 473
298 473
299 473
300 473
301 473
302 473
303 473
304 473
305 473
306 473
307 473
308 473
309 473
310 473
311 473
312 473
313 473
314 473
315 473
316 473
317 473
318 473
319 473
320 473
321 473
322 473
323 473
324 473
325 473
326 473
327 473
328 473
329 473
330 473
331 473
332 473
333 473
334 473
335 473
336 473
337 473
338 473
339 473
340 473
341 473
342 473
343 473
344 473
345 473
346 473
347 473
348 473
349 473
350 473
351 473
352 473
353 473
354 473
355 473
356 473
357 473
358 473
359 473
360 473
361 473
362 473
363 473
364 473
365 473
366 473
367 473
368 473
369 473
370 473
371 473
372 473
373 473
374 473
375 473
376 473
377 473
378 473
379 473
380 473
381 473
382 473
383 473
384 473
385 473
386 473
387 473
388 473
389 473
390 473
391 473
392 473
393 473
394 473
395 473
396 473
397 473
398 473
399 473
400 473
401 473
402 473
403 473
404 473
405 473
406 473
407 473
408 473
409 473
410 473
411 473
412 473
413 473
414 473
415 473
416 473
417 473
418 473
419 473
420 473
421 473
422 473
423 473
424 473
425 473
426 473
427 473
428 473
429 473
430 473
431 473
432 473
433 473
434 473
435 473
436 473
437 473
438 473
439 473
440 473
441 473
442 473
443 473
444 473
445 473
446 473
447 473
448 473
449 473
450 473
451 473
452 473
453 473
454 473
455 473
456 473
457 473
458 473
459 473
460 473
461 473
462 473
463 473
464 473
465 473
466 473
467 473
468 473
469 473
470 473
471 473
472 473
473 474
