605
604
1 604
2 604
3 604
4 604
5 604
6 604
7 604
8 604
9 604
10 604
11 604
12 604
13 604
14 604
15 604
16 604
17 604
18 604
19 604
20 604
21 604
22 604
23 604
24 604
25 604
26 604
27 604
28 604
29 604
30 604
31 604
32 604
33 604
34 604
35 604
36 604
37 604
38 604
39 604
40 604
41 604
42 604
43 604
44 604
45 604
46 604
47 604
48 604
49 604
50 604
51 604
52 604
53 604
54 604
55 604
56 604
57 604
58 604
59 604
60 604
61 604
62 604
63 604
64 604
65 604
66 604
67 604
68 604
69 604
70 604
71 604
72 604
73 604
74 604
75 604
76 604
77 604
78 604
79 604
80 604
81 604
82 604
83 604
84 604
85 604
86 604
87 604
88 604
89 604
90 604
91 604
92 604
93 604
94 604
95 604
96 604
97 604
98 604
99 604
100 604
101 604
102 604
103 604
104 604
105 604
106 604
107 604
108 604
109 604
110 604
111 604
112 604
113 604
114 604
115 604
116 604
117 604
118 604
119 604
120 604
121 604
122 604
123 604
124 604
125 604
126 604
127 604
128 604
129 604
130 604
131 604
132 604
133 604
134 604
135 604
136 604
137 604
138 604
139 604
140 604
141 604
142 604
143 604
144 604
145 604
146 604
147 604
148 604
149 604
150 604
151 604
152 604
153 604
154 604
155 604
156 604
157 604
158 604
159 604
160 604
161 604
162 604
163 604
164 604
165 604
166 604
167 604
168 604
169 604
170 604
171 604
172 604
173 604
174 604
175 604
176 604
177 604
178 604
179 604
180 604
181 604
182 604
183 604
184 604
185 604
186 604
187 604
188 604
189 604
190 604
191 604
192 604
193 604
194 604
195 604
196 604
197 604
198 604
199 604
200 604
201 604
202 604
203 604
204 604
205 604
206 604
207 604
208 604
209 604
210 604
211 604
212 604
213 604
214 604
215 604
216 604
217 604
218 604
219 604
220 604
221 604
222 604
223 604
224 604
225 604
226 604
227 604
228 604
229 604
230 604
231 604
232 604
233 604
234 604
235 604
236 604
237 604
238 604
239 604
240 604
241 604
242 604
243 604
244 604
245 604
246 604
247 604
248 604
249 604
250 604
251 604
252 604
253 604
254 604
255 604
256 604
257 604
258 604
259 604
260 604
261 604
262 604
263 604
264 604
265 604
266 604
267 604
268 604
269 604
270 604
271 604
272 604
273 604
274 604
275 604
276 604
277 604
278 604
279 604
280 604
281 604
282 604
283 604
284 604
285 604
286 604
287 604
288 604
289 604
290 604
291 604
292 604
293 604
294 604
295 604
296 604
297 604
298 604
299 604
300 604
301 604
302 604
303 604
304 604
305 604
306 604
307 604
308 604
309 604
310 604
311 604
312 604
313 604
314 604
315 604
316 604
317 604
318 604
319 604
320 604
321 604
322 604
323 604
324 604
325 604
326 604
327 604
328 604
329 604
330 604
331 604
332 604
333 604
334 604
335 604
336 604
337 604
338 604
339 604
340 604
341 604
342 604
343 604
344 604
345 604
346 604
347 604
348 604
349 604
350 604
351 604
352 604
353 604
354 604
355 604
356 604
357 604
358 604
359 604
360 604
361 604
362 604
363 604
364 604
365 604
366 604
367 604
368 604
369 604
370 604
371 604
372 604
373 604
374 604
375 604
376 604
377 604
378 604
379 604
380 604
381 604
382 604
383 604
384 604
385 604
386 604
387 604
388 604
389 604
390 604
391 604
392 604
393 604
394 604
395 604
396 604
397 604
398 604
399 604
400 604
401 604
402 604
403 604
404 604
405 604
406 604
407 604
408 604
409 604
410 604
411 604
412 604
413 604
414 604
415 604
416 604
417 604
418 604
419 604
420 604
421 604
422 604
423 604
424 604
425 604
426 604
427 604
428 604
429 604
430 604
431 604
432 604
433 604
434 604
435 604
436 604
437 604
438 604
439 604
440 604
441 604
442 604
443 604
444 604
445 604
446 604
447 604
448 604
449 604
450 604
451 604
452 604
453 604
454 604
455 604
456 604
457 604
458 604
459 604
460 604
461 604
462 604
463 604
464 604
465 604
466 604
467 604
468 604
469 604
470 604
471 604
472 604
473 604
474 604
475 604
476 604
477 604
478 604
479 604
480 604
481 604
482 604
483 604
484 604
485 604
486 604
487 604
488 604
489 604
490 604
491 604
492 604
493 604
494 604
495 604
496 604
497 604
498 604
499 604
500 604
501 604
502 604
503 604
504 604
505 604
506 604
507 604
508 604
509 604
510 604
511 604
512 604
513 604
514 604
515 604
516 604
517 604
518 604
519 604
520 604
521 604
522 604
523 604
524 604
525 604
526 604
527 604
528 604
529 604
530 604
531 604
532 604
533 604
534 604
535 604
536 604
537 604
538 604
539 604
540 604
541 604
542 604
543 604
544 604
545 604
546 604
547 604
548 604
549 604
550 604
551 604
552 604
553 604
554 604
555 604
556 604
557 604
558 604
559 604
560 604
561 604
562 604
563 604
564 604
565 604
566 604
567 604
568 604
569 604
570 604
571 604
572 604
573 604
574 604
575 604
576 604
577 604
578 604
579 604
580 604
581 604
582 604
583 604
584 604
585 604
586 604
587 604
588 604
589 604
590 604
591 604
592 604
593 604
594 604
595 604
596 604
597 604
598 604
599 604
600 604
601 604
602 604
603 604
604 605
