684
683
1 683
2 683
3 683
4 683
5 683
6 683
7 683
8 683
9 683
10 683
11 683
12 683
13 683
14 683
15 683
16 683
17 683
18 683
19 683
20 683
21 683
22 683
23 683
24 683
25 683
26 683
27 683
28 683
29 683
30 683
31 683
32 683
33 683
34 683
35 683
36 683
37 683
38 683
39 683
40 683
41 683
42 683
43 683
44 683
45 683
46 683
47 683
48 683
49 683
50 683
51 683
52 683
53 683
54 683
55 683
56 683
57 683
58 683
59 683
60 683
61 683
62 683
63 683
64 683
65 683
66 683
67 683
68 683
69 683
70 683
71 683
72 683
73 683
74 683
75 683
76 683
77 683
78 683
79 683
80 683
81 683
82 683
83 683
84 683
85 683
86 683
87 683
88 683
89 683
90 683
91 683
92 683
93 683
94 683
95 683
96 683
97 683
98 683
99 683
100 683
101 683
102 683
103 683
104 683
105 683
106 683
107 683
108 683
109 683
110 683
111 683
112 683
113 683
114 683
115 683
116 683
117 683
118 683
119 683
120 683
121 683
122 683
123 683
124 683
125 683
126 683
127 683
128 683
129 683
130 683
131 683
132 683
133 683
134 683
135 683
136 683
137 683
138 683
139 683
140 683
141 683
142 683
143 683
144 683
145 683
146 683
147 683
148 683
149 683
150 683
151 683
152 683
153 683
154 683
155 683
156 683
157 683
158 683
159 683
160 683
161 683
162 683
163 683
164 683
165 683
166 683
167 683
168 683
169 683
170 683
171 683
172 683
173 683
174 683
175 683
176 683
177 683
178 683
179 683
180 683
181 683
182 683
183 683
184 683
185 683
186 683
187 683
188 683
189 683
190 683
191 683
192 683
193 683
194 683
195 683
196 683
197 683
198 683
199 683
200 683
201 683
202 683
203 683
204 683
205 683
206 683
207 683
208 683
209 683
210 683
211 683
212 683
213 683
214 683
215 683
216 683
217 683
218 683
219 683
220 683
221 683
222 683
223 683
224 683
225 683
226 683
227 683
228 683
229 683
230 683
231 683
232 683
233 683
234 683
235 683
236 683
237 683
238 683
239 683
240 683
241 683
242 683
243 683
244 683
245 683
246 683
247 683
248 683
249 683
250 683
251 683
252 683
253 683
254 683
255 683
256 683
257 683
258 683
259 683
260 683
261 683
262 683
263 683
264 683
265 683
266 683
267 683
268 683
269 683
270 683
271 683
272 683
273 683
274 683
275 683
276 683
277 683
278 683
279 683
280 683
281 683
282 683
283 683
284 683
285 683
286 683
287 683
288 683
289 683
290 683
291 683
292 683
293 683
294 683
295 683
296 683
297 683
298 683
299 683
300 683
301 683
302 683
303 683
304 683
305 683
306 683
307 683
308 683
309 683
310 683
311 683
312 683
313 683
314 683
315 683
316 683
317 683
318 683
319 683
320 683
321 683
322 683
323 683
324 683
325 683
326 683
327 683
328 683
329 683
330 683
331 683
332 683
333 683
334 683
335 683
336 683
337 683
338 683
339 683
340 683
341 683
342 683
343 683
344 683
345 683
346 683
347 683
348 683
349 683
350 683
351 683
352 683
353 683
354 683
355 683
356 683
357 683
358 683
359 683
360 683
361 683
362 683
363 683
364 683
365 683
366 683
367 683
368 683
369 683
370 683
371 683
372 683
373 683
374 683
375 683
376 683
377 683
378 683
379 683
380 683
381 683
382 683
383 683
384 683
385 683
386 683
387 683
388 683
389 683
390 683
391 683
392 683
393 683
394 683
395 683
396 683
397 683
398 683
399 683
400 683
401 683
402 683
403 683
404 683
405 683
406 683
407 683
408 683
409 683
410 683
411 683
412 683
413 683
414 683
415 683
416 683
417 683
418 683
419 683
420 683
421 683
422 683
423 683
424 683
425 683
426 683
427 683
428 683
429 683
430 683
431 683
432 683
433 683
434 683
435 683
436 683
437 683
438 683
439 683
440 683
441 683
442 683
443 683
444 683
445 683
446 683
447 683
448 683
449 683
450 683
451 683
452 683
453 683
454 683
455 683
456 683
457 683
458 683
459 683
460 683
461 683
462 683
463 683
464 683
465 683
466 683
467 683
468 683
469 683
470 683
471 683
472 683
473 683
474 683
475 683
476 683
477 683
478 683
479 683
480 683
481 683
482 683
483 683
484 683
485 683
486 683
487 683
488 683
489 683
490 683
491 683
492 683
493 683
494 683
495 683
496 683
497 683
498 683
499 683
500 683
501 683
502 683
503 683
504 683
505 683
506 683
507 683
508 683
509 683
510 683
511 683
512 683
513 683
514 683
515 683
516 683
517 683
518 683
519 683
520 683
521 683
522 683
523 683
524 683
525 683
526 683
527 683
528 683
529 683
530 683
531 683
532 683
533 683
534 683
535 683
536 683
537 683
538 683
539 683
540 683
541 683
542 683
543 683
544 683
545 683
546 683
547 683
548 683
549 683
550 683
551 683
552 683
553 683
554 683
555 683
556 683
557 683
558 683
559 683
560 683
561 683
562 683
563 683
564 683
565 683
566 683
567 683
568 683
569 683
570 683
571 683
572 683
573 683
574 683
575 683
576 683
577 683
578 683
579 683
580 683
581 683
582 683
583 683
584 683
585 683
586 683
587 683
588 683
589 683
590 683
591 683
592 683
593 683
594 683
595 683
596 683
597 683
598 683
599 683
600 683
601 683
602 683
603 683
604 683
605 683
606 683
607 683
608 683
609 683
610 683
611 683
612 683
613 683
614 683
615 683
616 683
617 683
618 683
619 683
620 683
621 683
622 683
623 683
624 683
625 683
626 683
627 683
628 683
629 683
630 683
631 683
632 683
633 683
634 683
635 683
636 683
637 683
638 683
639 683
640 683
641 683
642 683
643 683
644 683
645 683
646 683
647 683
648 683
649 683
650 683
651 683
652 683
653 683
654 683
655 683
656 683
657 683
658 683
659 683
660 683
661 683
662 683
663 683
664 683
665 683
666 683
667 683
668 683
669 683
670 683
671 683
672 683
673 683
674 683
675 683
676 683
677 683
678 683
679 683
680 683
681 683
682 683
683 684
