847
846
1 846
2 846
3 846
4 846
5 846
6 846
7 846
8 846
9 846
10 846
11 846
12 846
13 846
14 846
15 846
16 846
17 846
18 846
19 846
20 846
21 846
22 846
23 846
24 846
25 846
26 846
27 846
28 846
29 846
30 846
31 846
32 846
33 846
34 846
35 846
36 846
37 846
38 846
39 846
40 846
41 846
42 846
43 846
44 846
45 846
46 846
47 846
48 846
49 846
50 846
51 846
52 846
53 846
54 846
55 846
56 846
57 846
58 846
59 846
60 846
61 846
62 846
63 846
64 846
65 846
66 846
67 846
68 846
69 846
70 846
71 846
72 846
73 846
74 846
75 846
76 846
77 846
78 846
79 846
80 846
81 846
82 846
83 846
84 846
85 846
86 846
87 846
88 846
89 846
90 846
91 846
92 846
93 846
94 846
95 846
96 846
97 846
98 846
99 846
100 846
101 846
102 846
103 846
104 846
105 846
106 846
107 846
108 846
109 846
110 846
111 846
112 846
113 846
114 846
115 846
116 846
117 846
118 846
119 846
120 846
121 846
122 846
123 846
124 846
125 846
126 846
127 846
128 846
129 846
130 846
131 846
132 846
133 846
134 846
135 846
136 846
137 846
138 846
139 846
140 846
141 846
142 846
143 846
144 846
145 846
146 846
147 846
148 846
149 846
150 846
151 846
152 846
153 846
154 846
155 846
156 846
157 846
158 846
159 846
160 846
161 846
162 846
163 846
164 846
165 846
166 846
167 846
168 846
169 846
170 846
171 846
172 846
173 846
174 846
175 846
176 846
177 846
178 846
179 846
180 846
181 846
182 846
183 846
184 846
185 846
186 846
187 846
188 846
189 846
190 846
191 846
192 846
193 846
194 846
195 846
196 846
197 846
198 846
199 846
200 846
201 846
202 846
203 846
204 846
205 846
206 846
207 846
208 846
209 846
210 846
211 846
212 846
213 846
214 846
215 846
216 846
217 846
218 846
219 846
220 846
221 846
222 846
223 846
224 846
225 846
226 846
227 846
228 846
229 846
230 846
231 846
232 846
233 846
234 846
235 846
236 846
237 846
238 846
239 846
240 846
241 846
242 846
243 846
244 846
245 846
246 846
247 846
248 846
249 846
250 846
251 846
252 846
253 846
254 846
255 846
256 846
257 846
258 846
259 846
260 846
261 846
262 846
263 846
264 846
265 846
266 846
267 846
268 846
269 846
270 846
271 846
272 846
273 846
274 846
275 846
276 846
277 846
278 846
279 846
280 846
281 846
282 846
283 846
284 846
285 846
286 846
287 846
288 846
289 846
290 846
291 846
292 846
293 846
294 846
295 846
296 846
297 846
298 846
299 846
300 846
301 846
302 846
303 846
304 846
305 846
306 846
307 846
308 846
309 846
310 846
311 846
312 846
313 846
314 846
315 846
316 846
317 846
318 846
319 846
320 846
321 846
322 846
323 846
324 846
325 846
326 846
327 846
328 846
329 846
330 846
331 846
332 846
333 846
334 846
335 846
336 846
337 846
338 846
339 846
340 846
341 846
342 846
343 846
344 846
345 846
346 846
347 846
348 846
349 846
350 846
351 846
352 846
353 846
354 846
355 846
356 846
357 846
358 846
359 846
360 846
361 846
362 846
363 846
364 846
365 846
366 846
367 846
368 846
369 846
370 846
371 846
372 846
373 846
374 846
375 846
376 846
377 846
378 846
379 846
380 846
381 846
382 846
383 846
384 846
385 846
386 846
387 846
388 846
389 846
390 846
391 846
392 846
393 846
394 846
395 846
396 846
397 846
398 846
399 846
400 846
401 846
402 846
403 846
404 846
405 846
406 846
407 846
408 846
409 846
410 846
411 846
412 846
413 846
414 846
415 846
416 846
417 846
418 846
419 846
420 846
421 846
422 846
423 846
424 846
425 846
426 846
427 846
428 846
429 846
430 846
431 846
432 846
433 846
434 846
435 846
436 846
437 846
438 846
439 846
440 846
441 846
442 846
443 846
444 846
445 846
446 846
447 846
448 846
449 846
450 846
451 846
452 846
453 846
454 846
455 846
456 846
457 846
458 846
459 846
460 846
461 846
462 846
463 846
464 846
465 846
466 846
467 846
468 846
469 846
470 846
471 846
472 846
473 846
474 846
475 846
476 846
477 846
478 846
479 846
480 846
481 846
482 846
483 846
484 846
485 846
486 846
487 846
488 846
489 846
490 846
491 846
492 846
493 846
494 846
495 846
496 846
497 846
498 846
499 846
500 846
501 846
502 846
503 846
504 846
505 846
506 846
507 846
508 846
509 846
510 846
511 846
512 846
513 846
514 846
515 846
516 846
517 846
518 846
519 846
520 846
521 846
522 846
523 846
524 846
525 846
526 846
527 846
528 846
529 846
530 846
531 846
532 846
533 846
534 846
535 846
536 846
537 846
538 846
539 846
540 846
541 846
542 846
543 846
544 846
545 846
546 846
547 846
548 846
549 846
550 846
551 846
552 846
553 846
554 846
555 846
556 846
557 846
558 846
559 846
560 846
561 846
562 846
563 846
564 846
565 846
566 846
567 846
568 846
569 846
570 846
571 846
572 846
573 846
574 846
575 846
576 846
577 846
578 846
579 846
580 846
581 846
582 846
583 846
584 846
585 846
586 846
587 846
588 846
589 846
590 846
591 846
592 846
593 846
594 846
595 846
596 846
597 846
598 846
599 846
600 846
601 846
602 846
603 846
604 846
605 846
606 846
607 846
608 846
609 846
610 846
611 846
612 846
613 846
614 846
615 846
616 846
617 846
618 846
619 846
620 846
621 846
622 846
623 846
624 846
625 846
626 846
627 846
628 846
629 846
630 846
631 846
632 846
633 846
634 846
635 846
636 846
637 846
638 846
639 846
640 846
641 846
642 846
643 846
644 846
645 846
646 846
647 846
648 846
649 846
650 846
651 846
652 846
653 846
654 846
655 846
656 846
657 846
658 846
659 846
660 846
661 846
662 846
663 846
664 846
665 846
666 846
667 846
668 846
669 846
670 846
671 846
672 846
673 846
674 846
675 846
676 846
677 846
678 846
679 846
680 846
681 846
682 846
683 846
684 846
685 846
686 846
687 846
688 846
689 846
690 846
691 846
692 846
693 846
694 846
695 846
696 846
697 846
698 846
699 846
700 846
701 846
702 846
703 846
704 846
705 846
706 846
707 846
708 846
709 846
710 846
711 846
712 846
713 846
714 846
715 846
716 846
717 846
718 846
719 846
720 846
721 846
722 846
723 846
724 846
725 846
726 846
727 846
728 846
729 846
730 846
731 846
732 846
733 846
734 846
735 846
736 846
737 846
738 846
739 846
740 846
741 846
742 846
743 846
744 846
745 846
746 846
747 846
748 846
749 846
750 846
751 846
752 846
753 846
754 846
755 846
756 846
757 846
758 846
759 846
760 846
761 846
762 846
763 846
764 846
765 846
766 846
767 846
768 846
769 846
770 846
771 846
772 846
773 846
774 846
775 846
776 846
777 846
778 846
779 846
780 846
781 846
782 846
783 846
784 846
785 846
786 846
787 846
788 846
789 846
790 846
791 846
792 846
793 846
794 846
795 846
796 846
797 846
798 846
799 846
800 846
801 846
802 846
803 846
804 846
805 846
806 846
807 846
808 846
809 846
810 846
811 846
812 846
813 846
814 846
815 846
816 846
817 846
818 846
819 846
820 846
821 846
822 846
823 846
824 846
825 846
826 846
827 846
828 846
829 846
830 846
831 846
832 846
833 846
834 846
835 846
836 846
837 846
838 846
839 846
840 846
841 846
842 846
843 846
844 846
845 846
846 847
