533
532
1 532
2 532
3 532
4 532
5 532
6 532
7 532
8 532
9 532
10 532
11 532
12 532
13 532
14 532
15 532
16 532
17 532
18 532
19 532
20 532
21 532
22 532
23 532
24 532
25 532
26 532
27 532
28 532
29 532
30 532
31 532
32 532
33 532
34 532
35 532
36 532
37 532
38 532
39 532
40 532
41 532
42 532
43 532
44 532
45 532
46 532
47 532
48 532
49 532
50 532
51 532
52 532
53 532
54 532
55 532
56 532
57 532
58 532
59 532
60 532
61 532
62 532
63 532
64 532
65 532
66 532
67 532
68 532
69 532
70 532
71 532
72 532
73 532
74 532
75 532
76 532
77 532
78 532
79 532
80 532
81 532
82 532
83 532
84 532
85 532
86 532
87 532
88 532
89 532
90 532
91 532
92 532
93 532
94 532
95 532
96 532
97 532
98 532
99 532
100 532
101 532
102 532
103 532
104 532
105 532
106 532
107 532
108 532
109 532
110 532
111 532
112 532
113 532
114 532
115 532
116 532
117 532
118 532
119 532
120 532
121 532
122 532
123 532
124 532
125 532
126 532
127 532
128 532
129 532
130 532
131 532
132 532
133 532
134 532
135 532
136 532
137 532
138 532
139 532
140 532
141 532
142 532
143 532
144 532
145 532
146 532
147 532
148 532
149 532
150 532
151 532
152 532
153 532
154 532
155 532
156 532
157 532
158 532
159 532
160 532
161 532
162 532
163 532
164 532
165 532
166 532
167 532
168 532
169 532
170 532
171 532
172 532
173 532
174 532
175 532
176 532
177 532
178 532
179 532
180 532
181 532
182 532
183 532
184 532
185 532
186 532
187 532
188 532
189 532
190 532
191 532
192 532
193 532
194 532
195 532
196 532
197 532
198 532
199 532
200 532
201 532
202 532
203 532
204 532
205 532
206 532
207 532
208 532
209 532
210 532
211 532
212 532
213 532
214 532
215 532
216 532
217 532
218 532
219 532
220 532
221 532
222 532
223 532
224 532
225 532
226 532
227 532
228 532
229 532
230 532
231 532
232 532
233 532
234 532
235 532
236 532
237 532
238 532
239 532
240 532
241 532
242 532
243 532
244 532
245 532
246 532
247 532
248 532
249 532
250 532
251 532
252 532
253 532
254 532
255 532
256 532
257 532
258 532
259 532
260 532
261 532
262 532
263 532
264 532
265 532
266 532
267 532
268 532
269 532
270 532
271 532
272 532
273 532
274 532
275 532
276 532
277 532
278 532
279 532
280 532
281 532
282 532
283 532
284 532
285 532
286 532
287 532
288 532
289 532
290 532
291 532
292 532
293 532
294 532
295 532
296 532
297 532
298 532
299 532
300 532
301 532
302 532
303 532
304 532
305 532
306 532
307 532
308 532
309 532
310 532
311 532
312 532
313 532
314 532
315 532
316 532
317 532
318 532
319 532
320 532
321 532
322 532
323 532
324 532
325 532
326 532
327 532
328 532
329 532
330 532
331 532
332 532
333 532
334 532
335 532
336 532
337 532
338 532
339 532
340 532
341 532
342 532
343 532
344 532
345 532
346 532
347 532
348 532
349 532
350 532
351 532
352 532
353 532
354 532
355 532
356 532
357 532
358 532
359 532
360 532
361 532
362 532
363 532
364 532
365 532
366 532
367 532
368 532
369 532
370 532
371 532
372 532
373 532
374 532
375 532
376 532
377 532
378 532
379 532
380 532
381 532
382 532
383 532
384 532
385 532
386 532
387 532
388 532
389 532
390 532
391 532
392 532
393 532
394 532
395 532
396 532
397 532
398 532
399 532
400 532
401 532
402 532
403 532
404 532
405 532
406 532
407 532
408 532
409 532
410 532
411 532
412 532
413 532
414 532
415 532
416 532
417 532
418 532
419 532
420 532
421 532
422 532
423 532
424 532
425 532
426 532
427 532
428 532
429 532
430 532
431 532
432 532
433 532
434 532
435 532
436 532
437 532
438 532
439 532
440 532
441 532
442 532
443 532
444 532
445 532
446 532
447 532
448 532
449 532
450 532
451 532
452 532
453 532
454 532
455 532
456 532
457 532
458 532
459 532
460 532
461 532
462 532
463 532
464 532
465 532
466 532
467 532
468 532
469 532
470 532
471 532
472 532
473 532
474 532
475 532
476 532
477 532
478 532
479 532
480 532
481 532
482 532
483 532
484 532
485 532
486 532
487 532
488 532
489 532
490 532
491 532
492 532
493 532
494 532
495 532
496 532
497 532
498 532
499 532
500 532
501 532
502 532
503 532
504 532
505 532
506 532
507 532
508 532
509 532
510 532
511 532
512 532
513 532
514 532
515 532
516 532
517 532
518 532
519 532
520 532
521 532
522 532
523 532
524 532
525 532
526 532
527 532
528 532
529 532
530 532
531 532
532 533
