808
807
1 807
2 807
3 807
4 807
5 807
6 807
7 807
8 807
9 807
10 807
11 807
12 807
13 807
14 807
15 807
16 807
17 807
18 807
19 807
20 807
21 807
22 807
23 807
24 807
25 807
26 807
27 807
28 807
29 807
30 807
31 807
32 807
33 807
34 807
35 807
36 807
37 807
38 807
39 807
40 807
41 807
42 807
43 807
44 807
45 807
46 807
47 807
48 807
49 807
50 807
51 807
52 807
53 807
54 807
55 807
56 807
57 807
58 807
59 807
60 807
61 807
62 807
63 807
64 807
65 807
66 807
67 807
68 807
69 807
70 807
71 807
72 807
73 807
74 807
75 807
76 807
77 807
78 807
79 807
80 807
81 807
82 807
83 807
84 807
85 807
86 807
87 807
88 807
89 807
90 807
91 807
92 807
93 807
94 807
95 807
96 807
97 807
98 807
99 807
100 807
101 807
102 807
103 807
104 807
105 807
106 807
107 807
108 807
109 807
110 807
111 807
112 807
113 807
114 807
115 807
116 807
117 807
118 807
119 807
120 807
121 807
122 807
123 807
124 807
125 807
126 807
127 807
128 807
129 807
130 807
131 807
132 807
133 807
134 807
135 807
136 807
137 807
138 807
139 807
140 807
141 807
142 807
143 807
144 807
145 807
146 807
147 807
148 807
149 807
150 807
151 807
152 807
153 807
154 807
155 807
156 807
157 807
158 807
159 807
160 807
161 807
162 807
163 807
164 807
165 807
166 807
167 807
168 807
169 807
170 807
171 807
172 807
173 807
174 807
175 807
176 807
177 807
178 807
179 807
180 807
181 807
182 807
183 807
184 807
185 807
186 807
187 807
188 807
189 807
190 807
191 807
192 807
193 807
194 807
195 807
196 807
197 807
198 807
199 807
200 807
201 807
202 807
203 807
204 807
205 807
206 807
207 807
208 807
209 807
210 807
211 807
212 807
213 807
214 807
215 807
216 807
217 807
218 807
219 807
220 807
221 807
222 807
223 807
224 807
225 807
226 807
227 807
228 807
229 807
230 807
231 807
232 807
233 807
234 807
235 807
236 807
237 807
238 807
239 807
240 807
241 807
242 807
243 807
244 807
245 807
246 807
247 807
248 807
249 807
250 807
251 807
252 807
253 807
254 807
255 807
256 807
257 807
258 807
259 807
260 807
261 807
262 807
263 807
264 807
265 807
266 807
267 807
268 807
269 807
270 807
271 807
272 807
273 807
274 807
275 807
276 807
277 807
278 807
279 807
280 807
281 807
282 807
283 807
284 807
285 807
286 807
287 807
288 807
289 807
290 807
291 807
292 807
293 807
294 807
295 807
296 807
297 807
298 807
299 807
300 807
301 807
302 807
303 807
304 807
305 807
306 807
307 807
308 807
309 807
310 807
311 807
312 807
313 807
314 807
315 807
316 807
317 807
318 807
319 807
320 807
321 807
322 807
323 807
324 807
325 807
326 807
327 807
328 807
329 807
330 807
331 807
332 807
333 807
334 807
335 807
336 807
337 807
338 807
339 807
340 807
341 807
342 807
343 807
344 807
345 807
346 807
347 807
348 807
349 807
350 807
351 807
352 807
353 807
354 807
355 807
356 807
357 807
358 807
359 807
360 807
361 807
362 807
363 807
364 807
365 807
366 807
367 807
368 807
369 807
370 807
371 807
372 807
373 807
374 807
375 807
376 807
377 807
378 807
379 807
380 807
381 807
382 807
383 807
384 807
385 807
386 807
387 807
388 807
389 807
390 807
391 807
392 807
393 807
394 807
395 807
396 807
397 807
398 807
399 807
400 807
401 807
402 807
403 807
404 807
405 807
406 807
407 807
408 807
409 807
410 807
411 807
412 807
413 807
414 807
415 807
416 807
417 807
418 807
419 807
420 807
421 807
422 807
423 807
424 807
425 807
426 807
427 807
428 807
429 807
430 807
431 807
432 807
433 807
434 807
435 807
436 807
437 807
438 807
439 807
440 807
441 807
442 807
443 807
444 807
445 807
446 807
447 807
448 807
449 807
450 807
451 807
452 807
453 807
454 807
455 807
456 807
457 807
458 807
459 807
460 807
461 807
462 807
463 807
464 807
465 807
466 807
467 807
468 807
469 807
470 807
471 807
472 807
473 807
474 807
475 807
476 807
477 807
478 807
479 807
480 807
481 807
482 807
483 807
484 807
485 807
486 807
487 807
488 807
489 807
490 807
491 807
492 807
493 807
494 807
495 807
496 807
497 807
498 807
499 807
500 807
501 807
502 807
503 807
504 807
505 807
506 807
507 807
508 807
509 807
510 807
511 807
512 807
513 807
514 807
515 807
516 807
517 807
518 807
519 807
520 807
521 807
522 807
523 807
524 807
525 807
526 807
527 807
528 807
529 807
530 807
531 807
532 807
533 807
534 807
535 807
536 807
537 807
538 807
539 807
540 807
541 807
542 807
543 807
544 807
545 807
546 807
547 807
548 807
549 807
550 807
551 807
552 807
553 807
554 807
555 807
556 807
557 807
558 807
559 807
560 807
561 807
562 807
563 807
564 807
565 807
566 807
567 807
568 807
569 807
570 807
571 807
572 807
573 807
574 807
575 807
576 807
577 807
578 807
579 807
580 807
581 807
582 807
583 807
584 807
585 807
586 807
587 807
588 807
589 807
590 807
591 807
592 807
593 807
594 807
595 807
596 807
597 807
598 807
599 807
600 807
601 807
602 807
603 807
604 807
605 807
606 807
607 807
608 807
609 807
610 807
611 807
612 807
613 807
614 807
615 807
616 807
617 807
618 807
619 807
620 807
621 807
622 807
623 807
624 807
625 807
626 807
627 807
628 807
629 807
630 807
631 807
632 807
633 807
634 807
635 807
636 807
637 807
638 807
639 807
640 807
641 807
642 807
643 807
644 807
645 807
646 807
647 807
648 807
649 807
650 807
651 807
652 807
653 807
654 807
655 807
656 807
657 807
658 807
659 807
660 807
661 807
662 807
663 807
664 807
665 807
666 807
667 807
668 807
669 807
670 807
671 807
672 807
673 807
674 807
675 807
676 807
677 807
678 807
679 807
680 807
681 807
682 807
683 807
684 807
685 807
686 807
687 807
688 807
689 807
690 807
691 807
692 807
693 807
694 807
695 807
696 807
697 807
698 807
699 807
700 807
701 807
702 807
703 807
704 807
705 807
706 807
707 807
708 807
709 807
710 807
711 807
712 807
713 807
714 807
715 807
716 807
717 807
718 807
719 807
720 807
721 807
722 807
723 807
724 807
725 807
726 807
727 807
728 807
729 807
730 807
731 807
732 807
733 807
734 807
735 807
736 807
737 807
738 807
739 807
740 807
741 807
742 807
743 807
744 807
745 807
746 807
747 807
748 807
749 807
750 807
751 807
752 807
753 807
754 807
755 807
756 807
757 807
758 807
759 807
760 807
761 807
762 807
763 807
764 807
765 807
766 807
767 807
768 807
769 807
770 807
771 807
772 807
773 807
774 807
775 807
776 807
777 807
778 807
779 807
780 807
781 807
782 807
783 807
784 807
785 807
786 807
787 807
788 807
789 807
790 807
791 807
792 807
793 807
794 807
795 807
796 807
797 807
798 807
799 807
800 807
801 807
802 807
803 807
804 807
805 807
806 807
807 808
