591
590
1 590
2 590
3 590
4 590
5 590
6 590
7 590
8 590
9 590
10 590
11 590
12 590
13 590
14 590
15 590
16 590
17 590
18 590
19 590
20 590
21 590
22 590
23 590
24 590
25 590
26 590
27 590
28 590
29 590
30 590
31 590
32 590
33 590
34 590
35 590
36 590
37 590
38 590
39 590
40 590
41 590
42 590
43 590
44 590
45 590
46 590
47 590
48 590
49 590
50 590
51 590
52 590
53 590
54 590
55 590
56 590
57 590
58 590
59 590
60 590
61 590
62 590
63 590
64 590
65 590
66 590
67 590
68 590
69 590
70 590
71 590
72 590
73 590
74 590
75 590
76 590
77 590
78 590
79 590
80 590
81 590
82 590
83 590
84 590
85 590
86 590
87 590
88 590
89 590
90 590
91 590
92 590
93 590
94 590
95 590
96 590
97 590
98 590
99 590
100 590
101 590
102 590
103 590
104 590
105 590
106 590
107 590
108 590
109 590
110 590
111 590
112 590
113 590
114 590
115 590
116 590
117 590
118 590
119 590
120 590
121 590
122 590
123 590
124 590
125 590
126 590
127 590
128 590
129 590
130 590
131 590
132 590
133 590
134 590
135 590
136 590
137 590
138 590
139 590
140 590
141 590
142 590
143 590
144 590
145 590
146 590
147 590
148 590
149 590
150 590
151 590
152 590
153 590
154 590
155 590
156 590
157 590
158 590
159 590
160 590
161 590
162 590
163 590
164 590
165 590
166 590
167 590
168 590
169 590
170 590
171 590
172 590
173 590
174 590
175 590
176 590
177 590
178 590
179 590
180 590
181 590
182 590
183 590
184 590
185 590
186 590
187 590
188 590
189 590
190 590
191 590
192 590
193 590
194 590
195 590
196 590
197 590
198 590
199 590
200 590
201 590
202 590
203 590
204 590
205 590
206 590
207 590
208 590
209 590
210 590
211 590
212 590
213 590
214 590
215 590
216 590
217 590
218 590
219 590
220 590
221 590
222 590
223 590
224 590
225 590
226 590
227 590
228 590
229 590
230 590
231 590
232 590
233 590
234 590
235 590
236 590
237 590
238 590
239 590
240 590
241 590
242 590
243 590
244 590
245 590
246 590
247 590
248 590
249 590
250 590
251 590
252 590
253 590
254 590
255 590
256 590
257 590
258 590
259 590
260 590
261 590
262 590
263 590
264 590
265 590
266 590
267 590
268 590
269 590
270 590
271 590
272 590
273 590
274 590
275 590
276 590
277 590
278 590
279 590
280 590
281 590
282 590
283 590
284 590
285 590
286 590
287 590
288 590
289 590
290 590
291 590
292 590
293 590
294 590
295 590
296 590
297 590
298 590
299 590
300 590
301 590
302 590
303 590
304 590
305 590
306 590
307 590
308 590
309 590
310 590
311 590
312 590
313 590
314 590
315 590
316 590
317 590
318 590
319 590
320 590
321 590
322 590
323 590
324 590
325 590
326 590
327 590
328 590
329 590
330 590
331 590
332 590
333 590
334 590
335 590
336 590
337 590
338 590
339 590
340 590
341 590
342 590
343 590
344 590
345 590
346 590
347 590
348 590
349 590
350 590
351 590
352 590
353 590
354 590
355 590
356 590
357 590
358 590
359 590
360 590
361 590
362 590
363 590
364 590
365 590
366 590
367 590
368 590
369 590
370 590
371 590
372 590
373 590
374 590
375 590
376 590
377 590
378 590
379 590
380 590
381 590
382 590
383 590
384 590
385 590
386 590
387 590
388 590
389 590
390 590
391 590
392 590
393 590
394 590
395 590
396 590
397 590
398 590
399 590
400 590
401 590
402 590
403 590
404 590
405 590
406 590
407 590
408 590
409 590
410 590
411 590
412 590
413 590
414 590
415 590
416 590
417 590
418 590
419 590
420 590
421 590
422 590
423 590
424 590
425 590
426 590
427 590
428 590
429 590
430 590
431 590
432 590
433 590
434 590
435 590
436 590
437 590
438 590
439 590
440 590
441 590
442 590
443 590
444 590
445 590
446 590
447 590
448 590
449 590
450 590
451 590
452 590
453 590
454 590
455 590
456 590
457 590
458 590
459 590
460 590
461 590
462 590
463 590
464 590
465 590
466 590
467 590
468 590
469 590
470 590
471 590
472 590
473 590
474 590
475 590
476 590
477 590
478 590
479 590
480 590
481 590
482 590
483 590
484 590
485 590
486 590
487 590
488 590
489 590
490 590
491 590
492 590
493 590
494 590
495 590
496 590
497 590
498 590
499 590
500 590
501 590
502 590
503 590
504 590
505 590
506 590
507 590
508 590
509 590
510 590
511 590
512 590
513 590
514 590
515 590
516 590
517 590
518 590
519 590
520 590
521 590
522 590
523 590
524 590
525 590
526 590
527 590
528 590
529 590
530 590
531 590
532 590
533 590
534 590
535 590
536 590
537 590
538 590
539 590
540 590
541 590
542 590
543 590
544 590
545 590
546 590
547 590
548 590
549 590
550 590
551 590
552 590
553 590
554 590
555 590
556 590
557 590
558 590
559 590
560 590
561 590
562 590
563 590
564 590
565 590
566 590
567 590
568 590
569 590
570 590
571 590
572 590
573 590
574 590
575 590
576 590
577 590
578 590
579 590
580 590
581 590
582 590
583 590
584 590
585 590
586 590
587 590
588 590
589 590
590 591
