639
638
1 638
2 638
3 638
4 638
5 638
6 638
7 638
8 638
9 638
10 638
11 638
12 638
13 638
14 638
15 638
16 638
17 638
18 638
19 638
20 638
21 638
22 638
23 638
24 638
25 638
26 638
27 638
28 638
29 638
30 638
31 638
32 638
33 638
34 638
35 638
36 638
37 638
38 638
39 638
40 638
41 638
42 638
43 638
44 638
45 638
46 638
47 638
48 638
49 638
50 638
51 638
52 638
53 638
54 638
55 638
56 638
57 638
58 638
59 638
60 638
61 638
62 638
63 638
64 638
65 638
66 638
67 638
68 638
69 638
70 638
71 638
72 638
73 638
74 638
75 638
76 638
77 638
78 638
79 638
80 638
81 638
82 638
83 638
84 638
85 638
86 638
87 638
88 638
89 638
90 638
91 638
92 638
93 638
94 638
95 638
96 638
97 638
98 638
99 638
100 638
101 638
102 638
103 638
104 638
105 638
106 638
107 638
108 638
109 638
110 638
111 638
112 638
113 638
114 638
115 638
116 638
117 638
118 638
119 638
120 638
121 638
122 638
123 638
124 638
125 638
126 638
127 638
128 638
129 638
130 638
131 638
132 638
133 638
134 638
135 638
136 638
137 638
138 638
139 638
140 638
141 638
142 638
143 638
144 638
145 638
146 638
147 638
148 638
149 638
150 638
151 638
152 638
153 638
154 638
155 638
156 638
157 638
158 638
159 638
160 638
161 638
162 638
163 638
164 638
165 638
166 638
167 638
168 638
169 638
170 638
171 638
172 638
173 638
174 638
175 638
176 638
177 638
178 638
179 638
180 638
181 638
182 638
183 638
184 638
185 638
186 638
187 638
188 638
189 638
190 638
191 638
192 638
193 638
194 638
195 638
196 638
197 638
198 638
199 638
200 638
201 638
202 638
203 638
204 638
205 638
206 638
207 638
208 638
209 638
210 638
211 638
212 638
213 638
214 638
215 638
216 638
217 638
218 638
219 638
220 638
221 638
222 638
223 638
224 638
225 638
226 638
227 638
228 638
229 638
230 638
231 638
232 638
233 638
234 638
235 638
236 638
237 638
238 638
239 638
240 638
241 638
242 638
243 638
244 638
245 638
246 638
247 638
248 638
249 638
250 638
251 638
252 638
253 638
254 638
255 638
256 638
257 638
258 638
259 638
260 638
261 638
262 638
263 638
264 638
265 638
266 638
267 638
268 638
269 638
270 638
271 638
272 638
273 638
274 638
275 638
276 638
277 638
278 638
279 638
280 638
281 638
282 638
283 638
284 638
285 638
286 638
287 638
288 638
289 638
290 638
291 638
292 638
293 638
294 638
295 638
296 638
297 638
298 638
299 638
300 638
301 638
302 638
303 638
304 638
305 638
306 638
307 638
308 638
309 638
310 638
311 638
312 638
313 638
314 638
315 638
316 638
317 638
318 638
319 638
320 638
321 638
322 638
323 638
324 638
325 638
326 638
327 638
328 638
329 638
330 638
331 638
332 638
333 638
334 638
335 638
336 638
337 638
338 638
339 638
340 638
341 638
342 638
343 638
344 638
345 638
346 638
347 638
348 638
349 638
350 638
351 638
352 638
353 638
354 638
355 638
356 638
357 638
358 638
359 638
360 638
361 638
362 638
363 638
364 638
365 638
366 638
367 638
368 638
369 638
370 638
371 638
372 638
373 638
374 638
375 638
376 638
377 638
378 638
379 638
380 638
381 638
382 638
383 638
384 638
385 638
386 638
387 638
388 638
389 638
390 638
391 638
392 638
393 638
394 638
395 638
396 638
397 638
398 638
399 638
400 638
401 638
402 638
403 638
404 638
405 638
406 638
407 638
408 638
409 638
410 638
411 638
412 638
413 638
414 638
415 638
416 638
417 638
418 638
419 638
420 638
421 638
422 638
423 638
424 638
425 638
426 638
427 638
428 638
429 638
430 638
431 638
432 638
433 638
434 638
435 638
436 638
437 638
438 638
439 638
440 638
441 638
442 638
443 638
444 638
445 638
446 638
447 638
448 638
449 638
450 638
451 638
452 638
453 638
454 638
455 638
456 638
457 638
458 638
459 638
460 638
461 638
462 638
463 638
464 638
465 638
466 638
467 638
468 638
469 638
470 638
471 638
472 638
473 638
474 638
475 638
476 638
477 638
478 638
479 638
480 638
481 638
482 638
483 638
484 638
485 638
486 638
487 638
488 638
489 638
490 638
491 638
492 638
493 638
494 638
495 638
496 638
497 638
498 638
499 638
500 638
501 638
502 638
503 638
504 638
505 638
506 638
507 638
508 638
509 638
510 638
511 638
512 638
513 638
514 638
515 638
516 638
517 638
518 638
519 638
520 638
521 638
522 638
523 638
524 638
525 638
526 638
527 638
528 638
529 638
530 638
531 638
532 638
533 638
534 638
535 638
536 638
537 638
538 638
539 638
540 638
541 638
542 638
543 638
544 638
545 638
546 638
547 638
548 638
549 638
550 638
551 638
552 638
553 638
554 638
555 638
556 638
557 638
558 638
559 638
560 638
561 638
562 638
563 638
564 638
565 638
566 638
567 638
568 638
569 638
570 638
571 638
572 638
573 638
574 638
575 638
576 638
577 638
578 638
579 638
580 638
581 638
582 638
583 638
584 638
585 638
586 638
587 638
588 638
589 638
590 638
591 638
592 638
593 638
594 638
595 638
596 638
597 638
598 638
599 638
600 638
601 638
602 638
603 638
604 638
605 638
606 638
607 638
608 638
609 638
610 638
611 638
612 638
613 638
614 638
615 638
616 638
617 638
618 638
619 638
620 638
621 638
622 638
623 638
624 638
625 638
626 638
627 638
628 638
629 638
630 638
631 638
632 638
633 638
634 638
635 638
636 638
637 638
638 639
