952
951
1 951
2 951
3 951
4 951
5 951
6 951
7 951
8 951
9 951
10 951
11 951
12 951
13 951
14 951
15 951
16 951
17 951
18 951
19 951
20 951
21 951
22 951
23 951
24 951
25 951
26 951
27 951
28 951
29 951
30 951
31 951
32 951
33 951
34 951
35 951
36 951
37 951
38 951
39 951
40 951
41 951
42 951
43 951
44 951
45 951
46 951
47 951
48 951
49 951
50 951
51 951
52 951
53 951
54 951
55 951
56 951
57 951
58 951
59 951
60 951
61 951
62 951
63 951
64 951
65 951
66 951
67 951
68 951
69 951
70 951
71 951
72 951
73 951
74 951
75 951
76 951
77 951
78 951
79 951
80 951
81 951
82 951
83 951
84 951
85 951
86 951
87 951
88 951
89 951
90 951
91 951
92 951
93 951
94 951
95 951
96 951
97 951
98 951
99 951
100 951
101 951
102 951
103 951
104 951
105 951
106 951
107 951
108 951
109 951
110 951
111 951
112 951
113 951
114 951
115 951
116 951
117 951
118 951
119 951
120 951
121 951
122 951
123 951
124 951
125 951
126 951
127 951
128 951
129 951
130 951
131 951
132 951
133 951
134 951
135 951
136 951
137 951
138 951
139 951
140 951
141 951
142 951
143 951
144 951
145 951
146 951
147 951
148 951
149 951
150 951
151 951
152 951
153 951
154 951
155 951
156 951
157 951
158 951
159 951
160 951
161 951
162 951
163 951
164 951
165 951
166 951
167 951
168 951
169 951
170 951
171 951
172 951
173 951
174 951
175 951
176 951
177 951
178 951
179 951
180 951
181 951
182 951
183 951
184 951
185 951
186 951
187 951
188 951
189 951
190 951
191 951
192 951
193 951
194 951
195 951
196 951
197 951
198 951
199 951
200 951
201 951
202 951
203 951
204 951
205 951
206 951
207 951
208 951
209 951
210 951
211 951
212 951
213 951
214 951
215 951
216 951
217 951
218 951
219 951
220 951
221 951
222 951
223 951
224 951
225 951
226 951
227 951
228 951
229 951
230 951
231 951
232 951
233 951
234 951
235 951
236 951
237 951
238 951
239 951
240 951
241 951
242 951
243 951
244 951
245 951
246 951
247 951
248 951
249 951
250 951
251 951
252 951
253 951
254 951
255 951
256 951
257 951
258 951
259 951
260 951
261 951
262 951
263 951
264 951
265 951
266 951
267 951
268 951
269 951
270 951
271 951
272 951
273 951
274 951
275 951
276 951
277 951
278 951
279 951
280 951
281 951
282 951
283 951
284 951
285 951
286 951
287 951
288 951
289 951
290 951
291 951
292 951
293 951
294 951
295 951
296 951
297 951
298 951
299 951
300 951
301 951
302 951
303 951
304 951
305 951
306 951
307 951
308 951
309 951
310 951
311 951
312 951
313 951
314 951
315 951
316 951
317 951
318 951
319 951
320 951
321 951
322 951
323 951
324 951
325 951
326 951
327 951
328 951
329 951
330 951
331 951
332 951
333 951
334 951
335 951
336 951
337 951
338 951
339 951
340 951
341 951
342 951
343 951
344 951
345 951
346 951
347 951
348 951
349 951
350 951
351 951
352 951
353 951
354 951
355 951
356 951
357 951
358 951
359 951
360 951
361 951
362 951
363 951
364 951
365 951
366 951
367 951
368 951
369 951
370 951
371 951
372 951
373 951
374 951
375 951
376 951
377 951
378 951
379 951
380 951
381 951
382 951
383 951
384 951
385 951
386 951
387 951
388 951
389 951
390 951
391 951
392 951
393 951
394 951
395 951
396 951
397 951
398 951
399 951
400 951
401 951
402 951
403 951
404 951
405 951
406 951
407 951
408 951
409 951
410 951
411 951
412 951
413 951
414 951
415 951
416 951
417 951
418 951
419 951
420 951
421 951
422 951
423 951
424 951
425 951
426 951
427 951
428 951
429 951
430 951
431 951
432 951
433 951
434 951
435 951
436 951
437 951
438 951
439 951
440 951
441 951
442 951
443 951
444 951
445 951
446 951
447 951
448 951
449 951
450 951
451 951
452 951
453 951
454 951
455 951
456 951
457 951
458 951
459 951
460 951
461 951
462 951
463 951
464 951
465 951
466 951
467 951
468 951
469 951
470 951
471 951
472 951
473 951
474 951
475 951
476 951
477 951
478 951
479 951
480 951
481 951
482 951
483 951
484 951
485 951
486 951
487 951
488 951
489 951
490 951
491 951
492 951
493 951
494 951
495 951
496 951
497 951
498 951
499 951
500 951
501 951
502 951
503 951
504 951
505 951
506 951
507 951
508 951
509 951
510 951
511 951
512 951
513 951
514 951
515 951
516 951
517 951
518 951
519 951
520 951
521 951
522 951
523 951
524 951
525 951
526 951
527 951
528 951
529 951
530 951
531 951
532 951
533 951
534 951
535 951
536 951
537 951
538 951
539 951
540 951
541 951
542 951
543 951
544 951
545 951
546 951
547 951
548 951
549 951
550 951
551 951
552 951
553 951
554 951
555 951
556 951
557 951
558 951
559 951
560 951
561 951
562 951
563 951
564 951
565 951
566 951
567 951
568 951
569 951
570 951
571 951
572 951
573 951
574 951
575 951
576 951
577 951
578 951
579 951
580 951
581 951
582 951
583 951
584 951
585 951
586 951
587 951
588 951
589 951
590 951
591 951
592 951
593 951
594 951
595 951
596 951
597 951
598 951
599 951
600 951
601 951
602 951
603 951
604 951
605 951
606 951
607 951
608 951
609 951
610 951
611 951
612 951
613 951
614 951
615 951
616 951
617 951
618 951
619 951
620 951
621 951
622 951
623 951
624 951
625 951
626 951
627 951
628 951
629 951
630 951
631 951
632 951
633 951
634 951
635 951
636 951
637 951
638 951
639 951
640 951
641 951
642 951
643 951
644 951
645 951
646 951
647 951
648 951
649 951
650 951
651 951
652 951
653 951
654 951
655 951
656 951
657 951
658 951
659 951
660 951
661 951
662 951
663 951
664 951
665 951
666 951
667 951
668 951
669 951
670 951
671 951
672 951
673 951
674 951
675 951
676 951
677 951
678 951
679 951
680 951
681 951
682 951
683 951
684 951
685 951
686 951
687 951
688 951
689 951
690 951
691 951
692 951
693 951
694 951
695 951
696 951
697 951
698 951
699 951
700 951
701 951
702 951
703 951
704 951
705 951
706 951
707 951
708 951
709 951
710 951
711 951
712 951
713 951
714 951
715 951
716 951
717 951
718 951
719 951
720 951
721 951
722 951
723 951
724 951
725 951
726 951
727 951
728 951
729 951
730 951
731 951
732 951
733 951
734 951
735 951
736 951
737 951
738 951
739 951
740 951
741 951
742 951
743 951
744 951
745 951
746 951
747 951
748 951
749 951
750 951
751 951
752 951
753 951
754 951
755 951
756 951
757 951
758 951
759 951
760 951
761 951
762 951
763 951
764 951
765 951
766 951
767 951
768 951
769 951
770 951
771 951
772 951
773 951
774 951
775 951
776 951
777 951
778 951
779 951
780 951
781 951
782 951
783 951
784 951
785 951
786 951
787 951
788 951
789 951
790 951
791 951
792 951
793 951
794 951
795 951
796 951
797 951
798 951
799 951
800 951
801 951
802 951
803 951
804 951
805 951
806 951
807 951
808 951
809 951
810 951
811 951
812 951
813 951
814 951
815 951
816 951
817 951
818 951
819 951
820 951
821 951
822 951
823 951
824 951
825 951
826 951
827 951
828 951
829 951
830 951
831 951
832 951
833 951
834 951
835 951
836 951
837 951
838 951
839 951
840 951
841 951
842 951
843 951
844 951
845 951
846 951
847 951
848 951
849 951
850 951
851 951
852 951
853 951
854 951
855 951
856 951
857 951
858 951
859 951
860 951
861 951
862 951
863 951
864 951
865 951
866 951
867 951
868 951
869 951
870 951
871 951
872 951
873 951
874 951
875 951
876 951
877 951
878 951
879 951
880 951
881 951
882 951
883 951
884 951
885 951
886 951
887 951
888 951
889 951
890 951
891 951
892 951
893 951
894 951
895 951
896 951
897 951
898 951
899 951
900 951
901 951
902 951
903 951
904 951
905 951
906 951
907 951
908 951
909 951
910 951
911 951
912 951
913 951
914 951
915 951
916 951
917 951
918 951
919 951
920 951
921 951
922 951
923 951
924 951
925 951
926 951
927 951
928 951
929 951
930 951
931 951
932 951
933 951
934 951
935 951
936 951
937 951
938 951
939 951
940 951
941 951
942 951
943 951
944 951
945 951
946 951
947 951
948 951
949 951
950 951
951 952
