614
613
1 613
2 613
3 613
4 613
5 613
6 613
7 613
8 613
9 613
10 613
11 613
12 613
13 613
14 613
15 613
16 613
17 613
18 613
19 613
20 613
21 613
22 613
23 613
24 613
25 613
26 613
27 613
28 613
29 613
30 613
31 613
32 613
33 613
34 613
35 613
36 613
37 613
38 613
39 613
40 613
41 613
42 613
43 613
44 613
45 613
46 613
47 613
48 613
49 613
50 613
51 613
52 613
53 613
54 613
55 613
56 613
57 613
58 613
59 613
60 613
61 613
62 613
63 613
64 613
65 613
66 613
67 613
68 613
69 613
70 613
71 613
72 613
73 613
74 613
75 613
76 613
77 613
78 613
79 613
80 613
81 613
82 613
83 613
84 613
85 613
86 613
87 613
88 613
89 613
90 613
91 613
92 613
93 613
94 613
95 613
96 613
97 613
98 613
99 613
100 613
101 613
102 613
103 613
104 613
105 613
106 613
107 613
108 613
109 613
110 613
111 613
112 613
113 613
114 613
115 613
116 613
117 613
118 613
119 613
120 613
121 613
122 613
123 613
124 613
125 613
126 613
127 613
128 613
129 613
130 613
131 613
132 613
133 613
134 613
135 613
136 613
137 613
138 613
139 613
140 613
141 613
142 613
143 613
144 613
145 613
146 613
147 613
148 613
149 613
150 613
151 613
152 613
153 613
154 613
155 613
156 613
157 613
158 613
159 613
160 613
161 613
162 613
163 613
164 613
165 613
166 613
167 613
168 613
169 613
170 613
171 613
172 613
173 613
174 613
175 613
176 613
177 613
178 613
179 613
180 613
181 613
182 613
183 613
184 613
185 613
186 613
187 613
188 613
189 613
190 613
191 613
192 613
193 613
194 613
195 613
196 613
197 613
198 613
199 613
200 613
201 613
202 613
203 613
204 613
205 613
206 613
207 613
208 613
209 613
210 613
211 613
212 613
213 613
214 613
215 613
216 613
217 613
218 613
219 613
220 613
221 613
222 613
223 613
224 613
225 613
226 613
227 613
228 613
229 613
230 613
231 613
232 613
233 613
234 613
235 613
236 613
237 613
238 613
239 613
240 613
241 613
242 613
243 613
244 613
245 613
246 613
247 613
248 613
249 613
250 613
251 613
252 613
253 613
254 613
255 613
256 613
257 613
258 613
259 613
260 613
261 613
262 613
263 613
264 613
265 613
266 613
267 613
268 613
269 613
270 613
271 613
272 613
273 613
274 613
275 613
276 613
277 613
278 613
279 613
280 613
281 613
282 613
283 613
284 613
285 613
286 613
287 613
288 613
289 613
290 613
291 613
292 613
293 613
294 613
295 613
296 613
297 613
298 613
299 613
300 613
301 613
302 613
303 613
304 613
305 613
306 613
307 613
308 613
309 613
310 613
311 613
312 613
313 613
314 613
315 613
316 613
317 613
318 613
319 613
320 613
321 613
322 613
323 613
324 613
325 613
326 613
327 613
328 613
329 613
330 613
331 613
332 613
333 613
334 613
335 613
336 613
337 613
338 613
339 613
340 613
341 613
342 613
343 613
344 613
345 613
346 613
347 613
348 613
349 613
350 613
351 613
352 613
353 613
354 613
355 613
356 613
357 613
358 613
359 613
360 613
361 613
362 613
363 613
364 613
365 613
366 613
367 613
368 613
369 613
370 613
371 613
372 613
373 613
374 613
375 613
376 613
377 613
378 613
379 613
380 613
381 613
382 613
383 613
384 613
385 613
386 613
387 613
388 613
389 613
390 613
391 613
392 613
393 613
394 613
395 613
396 613
397 613
398 613
399 613
400 613
401 613
402 613
403 613
404 613
405 613
406 613
407 613
408 613
409 613
410 613
411 613
412 613
413 613
414 613
415 613
416 613
417 613
418 613
419 613
420 613
421 613
422 613
423 613
424 613
425 613
426 613
427 613
428 613
429 613
430 613
431 613
432 613
433 613
434 613
435 613
436 613
437 613
438 613
439 613
440 613
441 613
442 613
443 613
444 613
445 613
446 613
447 613
448 613
449 613
450 613
451 613
452 613
453 613
454 613
455 613
456 613
457 613
458 613
459 613
460 613
461 613
462 613
463 613
464 613
465 613
466 613
467 613
468 613
469 613
470 613
471 613
472 613
473 613
474 613
475 613
476 613
477 613
478 613
479 613
480 613
481 613
482 613
483 613
484 613
485 613
486 613
487 613
488 613
489 613
490 613
491 613
492 613
493 613
494 613
495 613
496 613
497 613
498 613
499 613
500 613
501 613
502 613
503 613
504 613
505 613
506 613
507 613
508 613
509 613
510 613
511 613
512 613
513 613
514 613
515 613
516 613
517 613
518 613
519 613
520 613
521 613
522 613
523 613
524 613
525 613
526 613
527 613
528 613
529 613
530 613
531 613
532 613
533 613
534 613
535 613
536 613
537 613
538 613
539 613
540 613
541 613
542 613
543 613
544 613
545 613
546 613
547 613
548 613
549 613
550 613
551 613
552 613
553 613
554 613
555 613
556 613
557 613
558 613
559 613
560 613
561 613
562 613
563 613
564 613
565 613
566 613
567 613
568 613
569 613
570 613
571 613
572 613
573 613
574 613
575 613
576 613
577 613
578 613
579 613
580 613
581 613
582 613
583 613
584 613
585 613
586 613
587 613
588 613
589 613
590 613
591 613
592 613
593 613
594 613
595 613
596 613
597 613
598 613
599 613
600 613
601 613
602 613
603 613
604 613
605 613
606 613
607 613
608 613
609 613
610 613
611 613
612 613
613 614
