531
530
1 530
2 530
3 530
4 530
5 530
6 530
7 530
8 530
9 530
10 530
11 530
12 530
13 530
14 530
15 530
16 530
17 530
18 530
19 530
20 530
21 530
22 530
23 530
24 530
25 530
26 530
27 530
28 530
29 530
30 530
31 530
32 530
33 530
34 530
35 530
36 530
37 530
38 530
39 530
40 530
41 530
42 530
43 530
44 530
45 530
46 530
47 530
48 530
49 530
50 530
51 530
52 530
53 530
54 530
55 530
56 530
57 530
58 530
59 530
60 530
61 530
62 530
63 530
64 530
65 530
66 530
67 530
68 530
69 530
70 530
71 530
72 530
73 530
74 530
75 530
76 530
77 530
78 530
79 530
80 530
81 530
82 530
83 530
84 530
85 530
86 530
87 530
88 530
89 530
90 530
91 530
92 530
93 530
94 530
95 530
96 530
97 530
98 530
99 530
100 530
101 530
102 530
103 530
104 530
105 530
106 530
107 530
108 530
109 530
110 530
111 530
112 530
113 530
114 530
115 530
116 530
117 530
118 530
119 530
120 530
121 530
122 530
123 530
124 530
125 530
126 530
127 530
128 530
129 530
130 530
131 530
132 530
133 530
134 530
135 530
136 530
137 530
138 530
139 530
140 530
141 530
142 530
143 530
144 530
145 530
146 530
147 530
148 530
149 530
150 530
151 530
152 530
153 530
154 530
155 530
156 530
157 530
158 530
159 530
160 530
161 530
162 530
163 530
164 530
165 530
166 530
167 530
168 530
169 530
170 530
171 530
172 530
173 530
174 530
175 530
176 530
177 530
178 530
179 530
180 530
181 530
182 530
183 530
184 530
185 530
186 530
187 530
188 530
189 530
190 530
191 530
192 530
193 530
194 530
195 530
196 530
197 530
198 530
199 530
200 530
201 530
202 530
203 530
204 530
205 530
206 530
207 530
208 530
209 530
210 530
211 530
212 530
213 530
214 530
215 530
216 530
217 530
218 530
219 530
220 530
221 530
222 530
223 530
224 530
225 530
226 530
227 530
228 530
229 530
230 530
231 530
232 530
233 530
234 530
235 530
236 530
237 530
238 530
239 530
240 530
241 530
242 530
243 530
244 530
245 530
246 530
247 530
248 530
249 530
250 530
251 530
252 530
253 530
254 530
255 530
256 530
257 530
258 530
259 530
260 530
261 530
262 530
263 530
264 530
265 530
266 530
267 530
268 530
269 530
270 530
271 530
272 530
273 530
274 530
275 530
276 530
277 530
278 530
279 530
280 530
281 530
282 530
283 530
284 530
285 530
286 530
287 530
288 530
289 530
290 530
291 530
292 530
293 530
294 530
295 530
296 530
297 530
298 530
299 530
300 530
301 530
302 530
303 530
304 530
305 530
306 530
307 530
308 530
309 530
310 530
311 530
312 530
313 530
314 530
315 530
316 530
317 530
318 530
319 530
320 530
321 530
322 530
323 530
324 530
325 530
326 530
327 530
328 530
329 530
330 530
331 530
332 530
333 530
334 530
335 530
336 530
337 530
338 530
339 530
340 530
341 530
342 530
343 530
344 530
345 530
346 530
347 530
348 530
349 530
350 530
351 530
352 530
353 530
354 530
355 530
356 530
357 530
358 530
359 530
360 530
361 530
362 530
363 530
364 530
365 530
366 530
367 530
368 530
369 530
370 530
371 530
372 530
373 530
374 530
375 530
376 530
377 530
378 530
379 530
380 530
381 530
382 530
383 530
384 530
385 530
386 530
387 530
388 530
389 530
390 530
391 530
392 530
393 530
394 530
395 530
396 530
397 530
398 530
399 530
400 530
401 530
402 530
403 530
404 530
405 530
406 530
407 530
408 530
409 530
410 530
411 530
412 530
413 530
414 530
415 530
416 530
417 530
418 530
419 530
420 530
421 530
422 530
423 530
424 530
425 530
426 530
427 530
428 530
429 530
430 530
431 530
432 530
433 530
434 530
435 530
436 530
437 530
438 530
439 530
440 530
441 530
442 530
443 530
444 530
445 530
446 530
447 530
448 530
449 530
450 530
451 530
452 530
453 530
454 530
455 530
456 530
457 530
458 530
459 530
460 530
461 530
462 530
463 530
464 530
465 530
466 530
467 530
468 530
469 530
470 530
471 530
472 530
473 530
474 530
475 530
476 530
477 530
478 530
479 530
480 530
481 530
482 530
483 530
484 530
485 530
486 530
487 530
488 530
489 530
490 530
491 530
492 530
493 530
494 530
495 530
496 530
497 530
498 530
499 530
500 530
501 530
502 530
503 530
504 530
505 530
506 530
507 530
508 530
509 530
510 530
511 530
512 530
513 530
514 530
515 530
516 530
517 530
518 530
519 530
520 530
521 530
522 530
523 530
524 530
525 530
526 530
527 530
528 530
529 530
530 531
