827
826
1 826
2 826
3 826
4 826
5 826
6 826
7 826
8 826
9 826
10 826
11 826
12 826
13 826
14 826
15 826
16 826
17 826
18 826
19 826
20 826
21 826
22 826
23 826
24 826
25 826
26 826
27 826
28 826
29 826
30 826
31 826
32 826
33 826
34 826
35 826
36 826
37 826
38 826
39 826
40 826
41 826
42 826
43 826
44 826
45 826
46 826
47 826
48 826
49 826
50 826
51 826
52 826
53 826
54 826
55 826
56 826
57 826
58 826
59 826
60 826
61 826
62 826
63 826
64 826
65 826
66 826
67 826
68 826
69 826
70 826
71 826
72 826
73 826
74 826
75 826
76 826
77 826
78 826
79 826
80 826
81 826
82 826
83 826
84 826
85 826
86 826
87 826
88 826
89 826
90 826
91 826
92 826
93 826
94 826
95 826
96 826
97 826
98 826
99 826
100 826
101 826
102 826
103 826
104 826
105 826
106 826
107 826
108 826
109 826
110 826
111 826
112 826
113 826
114 826
115 826
116 826
117 826
118 826
119 826
120 826
121 826
122 826
123 826
124 826
125 826
126 826
127 826
128 826
129 826
130 826
131 826
132 826
133 826
134 826
135 826
136 826
137 826
138 826
139 826
140 826
141 826
142 826
143 826
144 826
145 826
146 826
147 826
148 826
149 826
150 826
151 826
152 826
153 826
154 826
155 826
156 826
157 826
158 826
159 826
160 826
161 826
162 826
163 826
164 826
165 826
166 826
167 826
168 826
169 826
170 826
171 826
172 826
173 826
174 826
175 826
176 826
177 826
178 826
179 826
180 826
181 826
182 826
183 826
184 826
185 826
186 826
187 826
188 826
189 826
190 826
191 826
192 826
193 826
194 826
195 826
196 826
197 826
198 826
199 826
200 826
201 826
202 826
203 826
204 826
205 826
206 826
207 826
208 826
209 826
210 826
211 826
212 826
213 826
214 826
215 826
216 826
217 826
218 826
219 826
220 826
221 826
222 826
223 826
224 826
225 826
226 826
227 826
228 826
229 826
230 826
231 826
232 826
233 826
234 826
235 826
236 826
237 826
238 826
239 826
240 826
241 826
242 826
243 826
244 826
245 826
246 826
247 826
248 826
249 826
250 826
251 826
252 826
253 826
254 826
255 826
256 826
257 826
258 826
259 826
260 826
261 826
262 826
263 826
264 826
265 826
266 826
267 826
268 826
269 826
270 826
271 826
272 826
273 826
274 826
275 826
276 826
277 826
278 826
279 826
280 826
281 826
282 826
283 826
284 826
285 826
286 826
287 826
288 826
289 826
290 826
291 826
292 826
293 826
294 826
295 826
296 826
297 826
298 826
299 826
300 826
301 826
302 826
303 826
304 826
305 826
306 826
307 826
308 826
309 826
310 826
311 826
312 826
313 826
314 826
315 826
316 826
317 826
318 826
319 826
320 826
321 826
322 826
323 826
324 826
325 826
326 826
327 826
328 826
329 826
330 826
331 826
332 826
333 826
334 826
335 826
336 826
337 826
338 826
339 826
340 826
341 826
342 826
343 826
344 826
345 826
346 826
347 826
348 826
349 826
350 826
351 826
352 826
353 826
354 826
355 826
356 826
357 826
358 826
359 826
360 826
361 826
362 826
363 826
364 826
365 826
366 826
367 826
368 826
369 826
370 826
371 826
372 826
373 826
374 826
375 826
376 826
377 826
378 826
379 826
380 826
381 826
382 826
383 826
384 826
385 826
386 826
387 826
388 826
389 826
390 826
391 826
392 826
393 826
394 826
395 826
396 826
397 826
398 826
399 826
400 826
401 826
402 826
403 826
404 826
405 826
406 826
407 826
408 826
409 826
410 826
411 826
412 826
413 826
414 826
415 826
416 826
417 826
418 826
419 826
420 826
421 826
422 826
423 826
424 826
425 826
426 826
427 826
428 826
429 826
430 826
431 826
432 826
433 826
434 826
435 826
436 826
437 826
438 826
439 826
440 826
441 826
442 826
443 826
444 826
445 826
446 826
447 826
448 826
449 826
450 826
451 826
452 826
453 826
454 826
455 826
456 826
457 826
458 826
459 826
460 826
461 826
462 826
463 826
464 826
465 826
466 826
467 826
468 826
469 826
470 826
471 826
472 826
473 826
474 826
475 826
476 826
477 826
478 826
479 826
480 826
481 826
482 826
483 826
484 826
485 826
486 826
487 826
488 826
489 826
490 826
491 826
492 826
493 826
494 826
495 826
496 826
497 826
498 826
499 826
500 826
501 826
502 826
503 826
504 826
505 826
506 826
507 826
508 826
509 826
510 826
511 826
512 826
513 826
514 826
515 826
516 826
517 826
518 826
519 826
520 826
521 826
522 826
523 826
524 826
525 826
526 826
527 826
528 826
529 826
530 826
531 826
532 826
533 826
534 826
535 826
536 826
537 826
538 826
539 826
540 826
541 826
542 826
543 826
544 826
545 826
546 826
547 826
548 826
549 826
550 826
551 826
552 826
553 826
554 826
555 826
556 826
557 826
558 826
559 826
560 826
561 826
562 826
563 826
564 826
565 826
566 826
567 826
568 826
569 826
570 826
571 826
572 826
573 826
574 826
575 826
576 826
577 826
578 826
579 826
580 826
581 826
582 826
583 826
584 826
585 826
586 826
587 826
588 826
589 826
590 826
591 826
592 826
593 826
594 826
595 826
596 826
597 826
598 826
599 826
600 826
601 826
602 826
603 826
604 826
605 826
606 826
607 826
608 826
609 826
610 826
611 826
612 826
613 826
614 826
615 826
616 826
617 826
618 826
619 826
620 826
621 826
622 826
623 826
624 826
625 826
626 826
627 826
628 826
629 826
630 826
631 826
632 826
633 826
634 826
635 826
636 826
637 826
638 826
639 826
640 826
641 826
642 826
643 826
644 826
645 826
646 826
647 826
648 826
649 826
650 826
651 826
652 826
653 826
654 826
655 826
656 826
657 826
658 826
659 826
660 826
661 826
662 826
663 826
664 826
665 826
666 826
667 826
668 826
669 826
670 826
671 826
672 826
673 826
674 826
675 826
676 826
677 826
678 826
679 826
680 826
681 826
682 826
683 826
684 826
685 826
686 826
687 826
688 826
689 826
690 826
691 826
692 826
693 826
694 826
695 826
696 826
697 826
698 826
699 826
700 826
701 826
702 826
703 826
704 826
705 826
706 826
707 826
708 826
709 826
710 826
711 826
712 826
713 826
714 826
715 826
716 826
717 826
718 826
719 826
720 826
721 826
722 826
723 826
724 826
725 826
726 826
727 826
728 826
729 826
730 826
731 826
732 826
733 826
734 826
735 826
736 826
737 826
738 826
739 826
740 826
741 826
742 826
743 826
744 826
745 826
746 826
747 826
748 826
749 826
750 826
751 826
752 826
753 826
754 826
755 826
756 826
757 826
758 826
759 826
760 826
761 826
762 826
763 826
764 826
765 826
766 826
767 826
768 826
769 826
770 826
771 826
772 826
773 826
774 826
775 826
776 826
777 826
778 826
779 826
780 826
781 826
782 826
783 826
784 826
785 826
786 826
787 826
788 826
789 826
790 826
791 826
792 826
793 826
794 826
795 826
796 826
797 826
798 826
799 826
800 826
801 826
802 826
803 826
804 826
805 826
806 826
807 826
808 826
809 826
810 826
811 826
812 826
813 826
814 826
815 826
816 826
817 826
818 826
819 826
820 826
821 826
822 826
823 826
824 826
825 826
826 827
