148
147
1 147
2 147
3 147
4 147
5 147
6 147
7 147
8 147
9 147
10 147
11 147
12 147
13 147
14 147
15 147
16 147
17 147
18 147
19 147
20 147
21 147
22 147
23 147
24 147
25 147
26 147
27 147
28 147
29 147
30 147
31 147
32 147
33 147
34 147
35 147
36 147
37 147
38 147
39 147
40 147
41 147
42 147
43 147
44 147
45 147
46 147
47 147
48 147
49 147
50 147
51 147
52 147
53 147
54 147
55 147
56 147
57 147
58 147
59 147
60 147
61 147
62 147
63 147
64 147
65 147
66 147
67 147
68 147
69 147
70 147
71 147
72 147
73 147
74 147
75 147
76 147
77 147
78 147
79 147
80 147
81 147
82 147
83 147
84 147
85 147
86 147
87 147
88 147
89 147
90 147
91 147
92 147
93 147
94 147
95 147
96 147
97 147
98 147
99 147
100 147
101 147
102 147
103 147
104 147
105 147
106 147
107 147
108 147
109 147
110 147
111 147
112 147
113 147
114 147
115 147
116 147
117 147
118 147
119 147
120 147
121 147
122 147
123 147
124 147
125 147
126 147
127 147
128 147
129 147
130 147
131 147
132 147
133 147
134 147
135 147
136 147
137 147
138 147
139 147
140 147
141 147
142 147
143 147
144 147
145 147
146 147
147 148
