996
995
1 995
2 995
3 995
4 995
5 995
6 995
7 995
8 995
9 995
10 995
11 995
12 995
13 995
14 995
15 995
16 995
17 995
18 995
19 995
20 995
21 995
22 995
23 995
24 995
25 995
26 995
27 995
28 995
29 995
30 995
31 995
32 995
33 995
34 995
35 995
36 995
37 995
38 995
39 995
40 995
41 995
42 995
43 995
44 995
45 995
46 995
47 995
48 995
49 995
50 995
51 995
52 995
53 995
54 995
55 995
56 995
57 995
58 995
59 995
60 995
61 995
62 995
63 995
64 995
65 995
66 995
67 995
68 995
69 995
70 995
71 995
72 995
73 995
74 995
75 995
76 995
77 995
78 995
79 995
80 995
81 995
82 995
83 995
84 995
85 995
86 995
87 995
88 995
89 995
90 995
91 995
92 995
93 995
94 995
95 995
96 995
97 995
98 995
99 995
100 995
101 995
102 995
103 995
104 995
105 995
106 995
107 995
108 995
109 995
110 995
111 995
112 995
113 995
114 995
115 995
116 995
117 995
118 995
119 995
120 995
121 995
122 995
123 995
124 995
125 995
126 995
127 995
128 995
129 995
130 995
131 995
132 995
133 995
134 995
135 995
136 995
137 995
138 995
139 995
140 995
141 995
142 995
143 995
144 995
145 995
146 995
147 995
148 995
149 995
150 995
151 995
152 995
153 995
154 995
155 995
156 995
157 995
158 995
159 995
160 995
161 995
162 995
163 995
164 995
165 995
166 995
167 995
168 995
169 995
170 995
171 995
172 995
173 995
174 995
175 995
176 995
177 995
178 995
179 995
180 995
181 995
182 995
183 995
184 995
185 995
186 995
187 995
188 995
189 995
190 995
191 995
192 995
193 995
194 995
195 995
196 995
197 995
198 995
199 995
200 995
201 995
202 995
203 995
204 995
205 995
206 995
207 995
208 995
209 995
210 995
211 995
212 995
213 995
214 995
215 995
216 995
217 995
218 995
219 995
220 995
221 995
222 995
223 995
224 995
225 995
226 995
227 995
228 995
229 995
230 995
231 995
232 995
233 995
234 995
235 995
236 995
237 995
238 995
239 995
240 995
241 995
242 995
243 995
244 995
245 995
246 995
247 995
248 995
249 995
250 995
251 995
252 995
253 995
254 995
255 995
256 995
257 995
258 995
259 995
260 995
261 995
262 995
263 995
264 995
265 995
266 995
267 995
268 995
269 995
270 995
271 995
272 995
273 995
274 995
275 995
276 995
277 995
278 995
279 995
280 995
281 995
282 995
283 995
284 995
285 995
286 995
287 995
288 995
289 995
290 995
291 995
292 995
293 995
294 995
295 995
296 995
297 995
298 995
299 995
300 995
301 995
302 995
303 995
304 995
305 995
306 995
307 995
308 995
309 995
310 995
311 995
312 995
313 995
314 995
315 995
316 995
317 995
318 995
319 995
320 995
321 995
322 995
323 995
324 995
325 995
326 995
327 995
328 995
329 995
330 995
331 995
332 995
333 995
334 995
335 995
336 995
337 995
338 995
339 995
340 995
341 995
342 995
343 995
344 995
345 995
346 995
347 995
348 995
349 995
350 995
351 995
352 995
353 995
354 995
355 995
356 995
357 995
358 995
359 995
360 995
361 995
362 995
363 995
364 995
365 995
366 995
367 995
368 995
369 995
370 995
371 995
372 995
373 995
374 995
375 995
376 995
377 995
378 995
379 995
380 995
381 995
382 995
383 995
384 995
385 995
386 995
387 995
388 995
389 995
390 995
391 995
392 995
393 995
394 995
395 995
396 995
397 995
398 995
399 995
400 995
401 995
402 995
403 995
404 995
405 995
406 995
407 995
408 995
409 995
410 995
411 995
412 995
413 995
414 995
415 995
416 995
417 995
418 995
419 995
420 995
421 995
422 995
423 995
424 995
425 995
426 995
427 995
428 995
429 995
430 995
431 995
432 995
433 995
434 995
435 995
436 995
437 995
438 995
439 995
440 995
441 995
442 995
443 995
444 995
445 995
446 995
447 995
448 995
449 995
450 995
451 995
452 995
453 995
454 995
455 995
456 995
457 995
458 995
459 995
460 995
461 995
462 995
463 995
464 995
465 995
466 995
467 995
468 995
469 995
470 995
471 995
472 995
473 995
474 995
475 995
476 995
477 995
478 995
479 995
480 995
481 995
482 995
483 995
484 995
485 995
486 995
487 995
488 995
489 995
490 995
491 995
492 995
493 995
494 995
495 995
496 995
497 995
498 995
499 995
500 995
501 995
502 995
503 995
504 995
505 995
506 995
507 995
508 995
509 995
510 995
511 995
512 995
513 995
514 995
515 995
516 995
517 995
518 995
519 995
520 995
521 995
522 995
523 995
524 995
525 995
526 995
527 995
528 995
529 995
530 995
531 995
532 995
533 995
534 995
535 995
536 995
537 995
538 995
539 995
540 995
541 995
542 995
543 995
544 995
545 995
546 995
547 995
548 995
549 995
550 995
551 995
552 995
553 995
554 995
555 995
556 995
557 995
558 995
559 995
560 995
561 995
562 995
563 995
564 995
565 995
566 995
567 995
568 995
569 995
570 995
571 995
572 995
573 995
574 995
575 995
576 995
577 995
578 995
579 995
580 995
581 995
582 995
583 995
584 995
585 995
586 995
587 995
588 995
589 995
590 995
591 995
592 995
593 995
594 995
595 995
596 995
597 995
598 995
599 995
600 995
601 995
602 995
603 995
604 995
605 995
606 995
607 995
608 995
609 995
610 995
611 995
612 995
613 995
614 995
615 995
616 995
617 995
618 995
619 995
620 995
621 995
622 995
623 995
624 995
625 995
626 995
627 995
628 995
629 995
630 995
631 995
632 995
633 995
634 995
635 995
636 995
637 995
638 995
639 995
640 995
641 995
642 995
643 995
644 995
645 995
646 995
647 995
648 995
649 995
650 995
651 995
652 995
653 995
654 995
655 995
656 995
657 995
658 995
659 995
660 995
661 995
662 995
663 995
664 995
665 995
666 995
667 995
668 995
669 995
670 995
671 995
672 995
673 995
674 995
675 995
676 995
677 995
678 995
679 995
680 995
681 995
682 995
683 995
684 995
685 995
686 995
687 995
688 995
689 995
690 995
691 995
692 995
693 995
694 995
695 995
696 995
697 995
698 995
699 995
700 995
701 995
702 995
703 995
704 995
705 995
706 995
707 995
708 995
709 995
710 995
711 995
712 995
713 995
714 995
715 995
716 995
717 995
718 995
719 995
720 995
721 995
722 995
723 995
724 995
725 995
726 995
727 995
728 995
729 995
730 995
731 995
732 995
733 995
734 995
735 995
736 995
737 995
738 995
739 995
740 995
741 995
742 995
743 995
744 995
745 995
746 995
747 995
748 995
749 995
750 995
751 995
752 995
753 995
754 995
755 995
756 995
757 995
758 995
759 995
760 995
761 995
762 995
763 995
764 995
765 995
766 995
767 995
768 995
769 995
770 995
771 995
772 995
773 995
774 995
775 995
776 995
777 995
778 995
779 995
780 995
781 995
782 995
783 995
784 995
785 995
786 995
787 995
788 995
789 995
790 995
791 995
792 995
793 995
794 995
795 995
796 995
797 995
798 995
799 995
800 995
801 995
802 995
803 995
804 995
805 995
806 995
807 995
808 995
809 995
810 995
811 995
812 995
813 995
814 995
815 995
816 995
817 995
818 995
819 995
820 995
821 995
822 995
823 995
824 995
825 995
826 995
827 995
828 995
829 995
830 995
831 995
832 995
833 995
834 995
835 995
836 995
837 995
838 995
839 995
840 995
841 995
842 995
843 995
844 995
845 995
846 995
847 995
848 995
849 995
850 995
851 995
852 995
853 995
854 995
855 995
856 995
857 995
858 995
859 995
860 995
861 995
862 995
863 995
864 995
865 995
866 995
867 995
868 995
869 995
870 995
871 995
872 995
873 995
874 995
875 995
876 995
877 995
878 995
879 995
880 995
881 995
882 995
883 995
884 995
885 995
886 995
887 995
888 995
889 995
890 995
891 995
892 995
893 995
894 995
895 995
896 995
897 995
898 995
899 995
900 995
901 995
902 995
903 995
904 995
905 995
906 995
907 995
908 995
909 995
910 995
911 995
912 995
913 995
914 995
915 995
916 995
917 995
918 995
919 995
920 995
921 995
922 995
923 995
924 995
925 995
926 995
927 995
928 995
929 995
930 995
931 995
932 995
933 995
934 995
935 995
936 995
937 995
938 995
939 995
940 995
941 995
942 995
943 995
944 995
945 995
946 995
947 995
948 995
949 995
950 995
951 995
952 995
953 995
954 995
955 995
956 995
957 995
958 995
959 995
960 995
961 995
962 995
963 995
964 995
965 995
966 995
967 995
968 995
969 995
970 995
971 995
972 995
973 995
974 995
975 995
976 995
977 995
978 995
979 995
980 995
981 995
982 995
983 995
984 995
985 995
986 995
987 995
988 995
989 995
990 995
991 995
992 995
993 995
994 995
995 996
