539
538
1 538
2 538
3 538
4 538
5 538
6 538
7 538
8 538
9 538
10 538
11 538
12 538
13 538
14 538
15 538
16 538
17 538
18 538
19 538
20 538
21 538
22 538
23 538
24 538
25 538
26 538
27 538
28 538
29 538
30 538
31 538
32 538
33 538
34 538
35 538
36 538
37 538
38 538
39 538
40 538
41 538
42 538
43 538
44 538
45 538
46 538
47 538
48 538
49 538
50 538
51 538
52 538
53 538
54 538
55 538
56 538
57 538
58 538
59 538
60 538
61 538
62 538
63 538
64 538
65 538
66 538
67 538
68 538
69 538
70 538
71 538
72 538
73 538
74 538
75 538
76 538
77 538
78 538
79 538
80 538
81 538
82 538
83 538
84 538
85 538
86 538
87 538
88 538
89 538
90 538
91 538
92 538
93 538
94 538
95 538
96 538
97 538
98 538
99 538
100 538
101 538
102 538
103 538
104 538
105 538
106 538
107 538
108 538
109 538
110 538
111 538
112 538
113 538
114 538
115 538
116 538
117 538
118 538
119 538
120 538
121 538
122 538
123 538
124 538
125 538
126 538
127 538
128 538
129 538
130 538
131 538
132 538
133 538
134 538
135 538
136 538
137 538
138 538
139 538
140 538
141 538
142 538
143 538
144 538
145 538
146 538
147 538
148 538
149 538
150 538
151 538
152 538
153 538
154 538
155 538
156 538
157 538
158 538
159 538
160 538
161 538
162 538
163 538
164 538
165 538
166 538
167 538
168 538
169 538
170 538
171 538
172 538
173 538
174 538
175 538
176 538
177 538
178 538
179 538
180 538
181 538
182 538
183 538
184 538
185 538
186 538
187 538
188 538
189 538
190 538
191 538
192 538
193 538
194 538
195 538
196 538
197 538
198 538
199 538
200 538
201 538
202 538
203 538
204 538
205 538
206 538
207 538
208 538
209 538
210 538
211 538
212 538
213 538
214 538
215 538
216 538
217 538
218 538
219 538
220 538
221 538
222 538
223 538
224 538
225 538
226 538
227 538
228 538
229 538
230 538
231 538
232 538
233 538
234 538
235 538
236 538
237 538
238 538
239 538
240 538
241 538
242 538
243 538
244 538
245 538
246 538
247 538
248 538
249 538
250 538
251 538
252 538
253 538
254 538
255 538
256 538
257 538
258 538
259 538
260 538
261 538
262 538
263 538
264 538
265 538
266 538
267 538
268 538
269 538
270 538
271 538
272 538
273 538
274 538
275 538
276 538
277 538
278 538
279 538
280 538
281 538
282 538
283 538
284 538
285 538
286 538
287 538
288 538
289 538
290 538
291 538
292 538
293 538
294 538
295 538
296 538
297 538
298 538
299 538
300 538
301 538
302 538
303 538
304 538
305 538
306 538
307 538
308 538
309 538
310 538
311 538
312 538
313 538
314 538
315 538
316 538
317 538
318 538
319 538
320 538
321 538
322 538
323 538
324 538
325 538
326 538
327 538
328 538
329 538
330 538
331 538
332 538
333 538
334 538
335 538
336 538
337 538
338 538
339 538
340 538
341 538
342 538
343 538
344 538
345 538
346 538
347 538
348 538
349 538
350 538
351 538
352 538
353 538
354 538
355 538
356 538
357 538
358 538
359 538
360 538
361 538
362 538
363 538
364 538
365 538
366 538
367 538
368 538
369 538
370 538
371 538
372 538
373 538
374 538
375 538
376 538
377 538
378 538
379 538
380 538
381 538
382 538
383 538
384 538
385 538
386 538
387 538
388 538
389 538
390 538
391 538
392 538
393 538
394 538
395 538
396 538
397 538
398 538
399 538
400 538
401 538
402 538
403 538
404 538
405 538
406 538
407 538
408 538
409 538
410 538
411 538
412 538
413 538
414 538
415 538
416 538
417 538
418 538
419 538
420 538
421 538
422 538
423 538
424 538
425 538
426 538
427 538
428 538
429 538
430 538
431 538
432 538
433 538
434 538
435 538
436 538
437 538
438 538
439 538
440 538
441 538
442 538
443 538
444 538
445 538
446 538
447 538
448 538
449 538
450 538
451 538
452 538
453 538
454 538
455 538
456 538
457 538
458 538
459 538
460 538
461 538
462 538
463 538
464 538
465 538
466 538
467 538
468 538
469 538
470 538
471 538
472 538
473 538
474 538
475 538
476 538
477 538
478 538
479 538
480 538
481 538
482 538
483 538
484 538
485 538
486 538
487 538
488 538
489 538
490 538
491 538
492 538
493 538
494 538
495 538
496 538
497 538
498 538
499 538
500 538
501 538
502 538
503 538
504 538
505 538
506 538
507 538
508 538
509 538
510 538
511 538
512 538
513 538
514 538
515 538
516 538
517 538
518 538
519 538
520 538
521 538
522 538
523 538
524 538
525 538
526 538
527 538
528 538
529 538
530 538
531 538
532 538
533 538
534 538
535 538
536 538
537 538
538 539
