662
661
1 661
2 661
3 661
4 661
5 661
6 661
7 661
8 661
9 661
10 661
11 661
12 661
13 661
14 661
15 661
16 661
17 661
18 661
19 661
20 661
21 661
22 661
23 661
24 661
25 661
26 661
27 661
28 661
29 661
30 661
31 661
32 661
33 661
34 661
35 661
36 661
37 661
38 661
39 661
40 661
41 661
42 661
43 661
44 661
45 661
46 661
47 661
48 661
49 661
50 661
51 661
52 661
53 661
54 661
55 661
56 661
57 661
58 661
59 661
60 661
61 661
62 661
63 661
64 661
65 661
66 661
67 661
68 661
69 661
70 661
71 661
72 661
73 661
74 661
75 661
76 661
77 661
78 661
79 661
80 661
81 661
82 661
83 661
84 661
85 661
86 661
87 661
88 661
89 661
90 661
91 661
92 661
93 661
94 661
95 661
96 661
97 661
98 661
99 661
100 661
101 661
102 661
103 661
104 661
105 661
106 661
107 661
108 661
109 661
110 661
111 661
112 661
113 661
114 661
115 661
116 661
117 661
118 661
119 661
120 661
121 661
122 661
123 661
124 661
125 661
126 661
127 661
128 661
129 661
130 661
131 661
132 661
133 661
134 661
135 661
136 661
137 661
138 661
139 661
140 661
141 661
142 661
143 661
144 661
145 661
146 661
147 661
148 661
149 661
150 661
151 661
152 661
153 661
154 661
155 661
156 661
157 661
158 661
159 661
160 661
161 661
162 661
163 661
164 661
165 661
166 661
167 661
168 661
169 661
170 661
171 661
172 661
173 661
174 661
175 661
176 661
177 661
178 661
179 661
180 661
181 661
182 661
183 661
184 661
185 661
186 661
187 661
188 661
189 661
190 661
191 661
192 661
193 661
194 661
195 661
196 661
197 661
198 661
199 661
200 661
201 661
202 661
203 661
204 661
205 661
206 661
207 661
208 661
209 661
210 661
211 661
212 661
213 661
214 661
215 661
216 661
217 661
218 661
219 661
220 661
221 661
222 661
223 661
224 661
225 661
226 661
227 661
228 661
229 661
230 661
231 661
232 661
233 661
234 661
235 661
236 661
237 661
238 661
239 661
240 661
241 661
242 661
243 661
244 661
245 661
246 661
247 661
248 661
249 661
250 661
251 661
252 661
253 661
254 661
255 661
256 661
257 661
258 661
259 661
260 661
261 661
262 661
263 661
264 661
265 661
266 661
267 661
268 661
269 661
270 661
271 661
272 661
273 661
274 661
275 661
276 661
277 661
278 661
279 661
280 661
281 661
282 661
283 661
284 661
285 661
286 661
287 661
288 661
289 661
290 661
291 661
292 661
293 661
294 661
295 661
296 661
297 661
298 661
299 661
300 661
301 661
302 661
303 661
304 661
305 661
306 661
307 661
308 661
309 661
310 661
311 661
312 661
313 661
314 661
315 661
316 661
317 661
318 661
319 661
320 661
321 661
322 661
323 661
324 661
325 661
326 661
327 661
328 661
329 661
330 661
331 661
332 661
333 661
334 661
335 661
336 661
337 661
338 661
339 661
340 661
341 661
342 661
343 661
344 661
345 661
346 661
347 661
348 661
349 661
350 661
351 661
352 661
353 661
354 661
355 661
356 661
357 661
358 661
359 661
360 661
361 661
362 661
363 661
364 661
365 661
366 661
367 661
368 661
369 661
370 661
371 661
372 661
373 661
374 661
375 661
376 661
377 661
378 661
379 661
380 661
381 661
382 661
383 661
384 661
385 661
386 661
387 661
388 661
389 661
390 661
391 661
392 661
393 661
394 661
395 661
396 661
397 661
398 661
399 661
400 661
401 661
402 661
403 661
404 661
405 661
406 661
407 661
408 661
409 661
410 661
411 661
412 661
413 661
414 661
415 661
416 661
417 661
418 661
419 661
420 661
421 661
422 661
423 661
424 661
425 661
426 661
427 661
428 661
429 661
430 661
431 661
432 661
433 661
434 661
435 661
436 661
437 661
438 661
439 661
440 661
441 661
442 661
443 661
444 661
445 661
446 661
447 661
448 661
449 661
450 661
451 661
452 661
453 661
454 661
455 661
456 661
457 661
458 661
459 661
460 661
461 661
462 661
463 661
464 661
465 661
466 661
467 661
468 661
469 661
470 661
471 661
472 661
473 661
474 661
475 661
476 661
477 661
478 661
479 661
480 661
481 661
482 661
483 661
484 661
485 661
486 661
487 661
488 661
489 661
490 661
491 661
492 661
493 661
494 661
495 661
496 661
497 661
498 661
499 661
500 661
501 661
502 661
503 661
504 661
505 661
506 661
507 661
508 661
509 661
510 661
511 661
512 661
513 661
514 661
515 661
516 661
517 661
518 661
519 661
520 661
521 661
522 661
523 661
524 661
525 661
526 661
527 661
528 661
529 661
530 661
531 661
532 661
533 661
534 661
535 661
536 661
537 661
538 661
539 661
540 661
541 661
542 661
543 661
544 661
545 661
546 661
547 661
548 661
549 661
550 661
551 661
552 661
553 661
554 661
555 661
556 661
557 661
558 661
559 661
560 661
561 661
562 661
563 661
564 661
565 661
566 661
567 661
568 661
569 661
570 661
571 661
572 661
573 661
574 661
575 661
576 661
577 661
578 661
579 661
580 661
581 661
582 661
583 661
584 661
585 661
586 661
587 661
588 661
589 661
590 661
591 661
592 661
593 661
594 661
595 661
596 661
597 661
598 661
599 661
600 661
601 661
602 661
603 661
604 661
605 661
606 661
607 661
608 661
609 661
610 661
611 661
612 661
613 661
614 661
615 661
616 661
617 661
618 661
619 661
620 661
621 661
622 661
623 661
624 661
625 661
626 661
627 661
628 661
629 661
630 661
631 661
632 661
633 661
634 661
635 661
636 661
637 661
638 661
639 661
640 661
641 661
642 661
643 661
644 661
645 661
646 661
647 661
648 661
649 661
650 661
651 661
652 661
653 661
654 661
655 661
656 661
657 661
658 661
659 661
660 661
661 662
