782
781
1 781
2 781
3 781
4 781
5 781
6 781
7 781
8 781
9 781
10 781
11 781
12 781
13 781
14 781
15 781
16 781
17 781
18 781
19 781
20 781
21 781
22 781
23 781
24 781
25 781
26 781
27 781
28 781
29 781
30 781
31 781
32 781
33 781
34 781
35 781
36 781
37 781
38 781
39 781
40 781
41 781
42 781
43 781
44 781
45 781
46 781
47 781
48 781
49 781
50 781
51 781
52 781
53 781
54 781
55 781
56 781
57 781
58 781
59 781
60 781
61 781
62 781
63 781
64 781
65 781
66 781
67 781
68 781
69 781
70 781
71 781
72 781
73 781
74 781
75 781
76 781
77 781
78 781
79 781
80 781
81 781
82 781
83 781
84 781
85 781
86 781
87 781
88 781
89 781
90 781
91 781
92 781
93 781
94 781
95 781
96 781
97 781
98 781
99 781
100 781
101 781
102 781
103 781
104 781
105 781
106 781
107 781
108 781
109 781
110 781
111 781
112 781
113 781
114 781
115 781
116 781
117 781
118 781
119 781
120 781
121 781
122 781
123 781
124 781
125 781
126 781
127 781
128 781
129 781
130 781
131 781
132 781
133 781
134 781
135 781
136 781
137 781
138 781
139 781
140 781
141 781
142 781
143 781
144 781
145 781
146 781
147 781
148 781
149 781
150 781
151 781
152 781
153 781
154 781
155 781
156 781
157 781
158 781
159 781
160 781
161 781
162 781
163 781
164 781
165 781
166 781
167 781
168 781
169 781
170 781
171 781
172 781
173 781
174 781
175 781
176 781
177 781
178 781
179 781
180 781
181 781
182 781
183 781
184 781
185 781
186 781
187 781
188 781
189 781
190 781
191 781
192 781
193 781
194 781
195 781
196 781
197 781
198 781
199 781
200 781
201 781
202 781
203 781
204 781
205 781
206 781
207 781
208 781
209 781
210 781
211 781
212 781
213 781
214 781
215 781
216 781
217 781
218 781
219 781
220 781
221 781
222 781
223 781
224 781
225 781
226 781
227 781
228 781
229 781
230 781
231 781
232 781
233 781
234 781
235 781
236 781
237 781
238 781
239 781
240 781
241 781
242 781
243 781
244 781
245 781
246 781
247 781
248 781
249 781
250 781
251 781
252 781
253 781
254 781
255 781
256 781
257 781
258 781
259 781
260 781
261 781
262 781
263 781
264 781
265 781
266 781
267 781
268 781
269 781
270 781
271 781
272 781
273 781
274 781
275 781
276 781
277 781
278 781
279 781
280 781
281 781
282 781
283 781
284 781
285 781
286 781
287 781
288 781
289 781
290 781
291 781
292 781
293 781
294 781
295 781
296 781
297 781
298 781
299 781
300 781
301 781
302 781
303 781
304 781
305 781
306 781
307 781
308 781
309 781
310 781
311 781
312 781
313 781
314 781
315 781
316 781
317 781
318 781
319 781
320 781
321 781
322 781
323 781
324 781
325 781
326 781
327 781
328 781
329 781
330 781
331 781
332 781
333 781
334 781
335 781
336 781
337 781
338 781
339 781
340 781
341 781
342 781
343 781
344 781
345 781
346 781
347 781
348 781
349 781
350 781
351 781
352 781
353 781
354 781
355 781
356 781
357 781
358 781
359 781
360 781
361 781
362 781
363 781
364 781
365 781
366 781
367 781
368 781
369 781
370 781
371 781
372 781
373 781
374 781
375 781
376 781
377 781
378 781
379 781
380 781
381 781
382 781
383 781
384 781
385 781
386 781
387 781
388 781
389 781
390 781
391 781
392 781
393 781
394 781
395 781
396 781
397 781
398 781
399 781
400 781
401 781
402 781
403 781
404 781
405 781
406 781
407 781
408 781
409 781
410 781
411 781
412 781
413 781
414 781
415 781
416 781
417 781
418 781
419 781
420 781
421 781
422 781
423 781
424 781
425 781
426 781
427 781
428 781
429 781
430 781
431 781
432 781
433 781
434 781
435 781
436 781
437 781
438 781
439 781
440 781
441 781
442 781
443 781
444 781
445 781
446 781
447 781
448 781
449 781
450 781
451 781
452 781
453 781
454 781
455 781
456 781
457 781
458 781
459 781
460 781
461 781
462 781
463 781
464 781
465 781
466 781
467 781
468 781
469 781
470 781
471 781
472 781
473 781
474 781
475 781
476 781
477 781
478 781
479 781
480 781
481 781
482 781
483 781
484 781
485 781
486 781
487 781
488 781
489 781
490 781
491 781
492 781
493 781
494 781
495 781
496 781
497 781
498 781
499 781
500 781
501 781
502 781
503 781
504 781
505 781
506 781
507 781
508 781
509 781
510 781
511 781
512 781
513 781
514 781
515 781
516 781
517 781
518 781
519 781
520 781
521 781
522 781
523 781
524 781
525 781
526 781
527 781
528 781
529 781
530 781
531 781
532 781
533 781
534 781
535 781
536 781
537 781
538 781
539 781
540 781
541 781
542 781
543 781
544 781
545 781
546 781
547 781
548 781
549 781
550 781
551 781
552 781
553 781
554 781
555 781
556 781
557 781
558 781
559 781
560 781
561 781
562 781
563 781
564 781
565 781
566 781
567 781
568 781
569 781
570 781
571 781
572 781
573 781
574 781
575 781
576 781
577 781
578 781
579 781
580 781
581 781
582 781
583 781
584 781
585 781
586 781
587 781
588 781
589 781
590 781
591 781
592 781
593 781
594 781
595 781
596 781
597 781
598 781
599 781
600 781
601 781
602 781
603 781
604 781
605 781
606 781
607 781
608 781
609 781
610 781
611 781
612 781
613 781
614 781
615 781
616 781
617 781
618 781
619 781
620 781
621 781
622 781
623 781
624 781
625 781
626 781
627 781
628 781
629 781
630 781
631 781
632 781
633 781
634 781
635 781
636 781
637 781
638 781
639 781
640 781
641 781
642 781
643 781
644 781
645 781
646 781
647 781
648 781
649 781
650 781
651 781
652 781
653 781
654 781
655 781
656 781
657 781
658 781
659 781
660 781
661 781
662 781
663 781
664 781
665 781
666 781
667 781
668 781
669 781
670 781
671 781
672 781
673 781
674 781
675 781
676 781
677 781
678 781
679 781
680 781
681 781
682 781
683 781
684 781
685 781
686 781
687 781
688 781
689 781
690 781
691 781
692 781
693 781
694 781
695 781
696 781
697 781
698 781
699 781
700 781
701 781
702 781
703 781
704 781
705 781
706 781
707 781
708 781
709 781
710 781
711 781
712 781
713 781
714 781
715 781
716 781
717 781
718 781
719 781
720 781
721 781
722 781
723 781
724 781
725 781
726 781
727 781
728 781
729 781
730 781
731 781
732 781
733 781
734 781
735 781
736 781
737 781
738 781
739 781
740 781
741 781
742 781
743 781
744 781
745 781
746 781
747 781
748 781
749 781
750 781
751 781
752 781
753 781
754 781
755 781
756 781
757 781
758 781
759 781
760 781
761 781
762 781
763 781
764 781
765 781
766 781
767 781
768 781
769 781
770 781
771 781
772 781
773 781
774 781
775 781
776 781
777 781
778 781
779 781
780 781
781 782
