776
775
1 775
2 775
3 775
4 775
5 775
6 775
7 775
8 775
9 775
10 775
11 775
12 775
13 775
14 775
15 775
16 775
17 775
18 775
19 775
20 775
21 775
22 775
23 775
24 775
25 775
26 775
27 775
28 775
29 775
30 775
31 775
32 775
33 775
34 775
35 775
36 775
37 775
38 775
39 775
40 775
41 775
42 775
43 775
44 775
45 775
46 775
47 775
48 775
49 775
50 775
51 775
52 775
53 775
54 775
55 775
56 775
57 775
58 775
59 775
60 775
61 775
62 775
63 775
64 775
65 775
66 775
67 775
68 775
69 775
70 775
71 775
72 775
73 775
74 775
75 775
76 775
77 775
78 775
79 775
80 775
81 775
82 775
83 775
84 775
85 775
86 775
87 775
88 775
89 775
90 775
91 775
92 775
93 775
94 775
95 775
96 775
97 775
98 775
99 775
100 775
101 775
102 775
103 775
104 775
105 775
106 775
107 775
108 775
109 775
110 775
111 775
112 775
113 775
114 775
115 775
116 775
117 775
118 775
119 775
120 775
121 775
122 775
123 775
124 775
125 775
126 775
127 775
128 775
129 775
130 775
131 775
132 775
133 775
134 775
135 775
136 775
137 775
138 775
139 775
140 775
141 775
142 775
143 775
144 775
145 775
146 775
147 775
148 775
149 775
150 775
151 775
152 775
153 775
154 775
155 775
156 775
157 775
158 775
159 775
160 775
161 775
162 775
163 775
164 775
165 775
166 775
167 775
168 775
169 775
170 775
171 775
172 775
173 775
174 775
175 775
176 775
177 775
178 775
179 775
180 775
181 775
182 775
183 775
184 775
185 775
186 775
187 775
188 775
189 775
190 775
191 775
192 775
193 775
194 775
195 775
196 775
197 775
198 775
199 775
200 775
201 775
202 775
203 775
204 775
205 775
206 775
207 775
208 775
209 775
210 775
211 775
212 775
213 775
214 775
215 775
216 775
217 775
218 775
219 775
220 775
221 775
222 775
223 775
224 775
225 775
226 775
227 775
228 775
229 775
230 775
231 775
232 775
233 775
234 775
235 775
236 775
237 775
238 775
239 775
240 775
241 775
242 775
243 775
244 775
245 775
246 775
247 775
248 775
249 775
250 775
251 775
252 775
253 775
254 775
255 775
256 775
257 775
258 775
259 775
260 775
261 775
262 775
263 775
264 775
265 775
266 775
267 775
268 775
269 775
270 775
271 775
272 775
273 775
274 775
275 775
276 775
277 775
278 775
279 775
280 775
281 775
282 775
283 775
284 775
285 775
286 775
287 775
288 775
289 775
290 775
291 775
292 775
293 775
294 775
295 775
296 775
297 775
298 775
299 775
300 775
301 775
302 775
303 775
304 775
305 775
306 775
307 775
308 775
309 775
310 775
311 775
312 775
313 775
314 775
315 775
316 775
317 775
318 775
319 775
320 775
321 775
322 775
323 775
324 775
325 775
326 775
327 775
328 775
329 775
330 775
331 775
332 775
333 775
334 775
335 775
336 775
337 775
338 775
339 775
340 775
341 775
342 775
343 775
344 775
345 775
346 775
347 775
348 775
349 775
350 775
351 775
352 775
353 775
354 775
355 775
356 775
357 775
358 775
359 775
360 775
361 775
362 775
363 775
364 775
365 775
366 775
367 775
368 775
369 775
370 775
371 775
372 775
373 775
374 775
375 775
376 775
377 775
378 775
379 775
380 775
381 775
382 775
383 775
384 775
385 775
386 775
387 775
388 775
389 775
390 775
391 775
392 775
393 775
394 775
395 775
396 775
397 775
398 775
399 775
400 775
401 775
402 775
403 775
404 775
405 775
406 775
407 775
408 775
409 775
410 775
411 775
412 775
413 775
414 775
415 775
416 775
417 775
418 775
419 775
420 775
421 775
422 775
423 775
424 775
425 775
426 775
427 775
428 775
429 775
430 775
431 775
432 775
433 775
434 775
435 775
436 775
437 775
438 775
439 775
440 775
441 775
442 775
443 775
444 775
445 775
446 775
447 775
448 775
449 775
450 775
451 775
452 775
453 775
454 775
455 775
456 775
457 775
458 775
459 775
460 775
461 775
462 775
463 775
464 775
465 775
466 775
467 775
468 775
469 775
470 775
471 775
472 775
473 775
474 775
475 775
476 775
477 775
478 775
479 775
480 775
481 775
482 775
483 775
484 775
485 775
486 775
487 775
488 775
489 775
490 775
491 775
492 775
493 775
494 775
495 775
496 775
497 775
498 775
499 775
500 775
501 775
502 775
503 775
504 775
505 775
506 775
507 775
508 775
509 775
510 775
511 775
512 775
513 775
514 775
515 775
516 775
517 775
518 775
519 775
520 775
521 775
522 775
523 775
524 775
525 775
526 775
527 775
528 775
529 775
530 775
531 775
532 775
533 775
534 775
535 775
536 775
537 775
538 775
539 775
540 775
541 775
542 775
543 775
544 775
545 775
546 775
547 775
548 775
549 775
550 775
551 775
552 775
553 775
554 775
555 775
556 775
557 775
558 775
559 775
560 775
561 775
562 775
563 775
564 775
565 775
566 775
567 775
568 775
569 775
570 775
571 775
572 775
573 775
574 775
575 775
576 775
577 775
578 775
579 775
580 775
581 775
582 775
583 775
584 775
585 775
586 775
587 775
588 775
589 775
590 775
591 775
592 775
593 775
594 775
595 775
596 775
597 775
598 775
599 775
600 775
601 775
602 775
603 775
604 775
605 775
606 775
607 775
608 775
609 775
610 775
611 775
612 775
613 775
614 775
615 775
616 775
617 775
618 775
619 775
620 775
621 775
622 775
623 775
624 775
625 775
626 775
627 775
628 775
629 775
630 775
631 775
632 775
633 775
634 775
635 775
636 775
637 775
638 775
639 775
640 775
641 775
642 775
643 775
644 775
645 775
646 775
647 775
648 775
649 775
650 775
651 775
652 775
653 775
654 775
655 775
656 775
657 775
658 775
659 775
660 775
661 775
662 775
663 775
664 775
665 775
666 775
667 775
668 775
669 775
670 775
671 775
672 775
673 775
674 775
675 775
676 775
677 775
678 775
679 775
680 775
681 775
682 775
683 775
684 775
685 775
686 775
687 775
688 775
689 775
690 775
691 775
692 775
693 775
694 775
695 775
696 775
697 775
698 775
699 775
700 775
701 775
702 775
703 775
704 775
705 775
706 775
707 775
708 775
709 775
710 775
711 775
712 775
713 775
714 775
715 775
716 775
717 775
718 775
719 775
720 775
721 775
722 775
723 775
724 775
725 775
726 775
727 775
728 775
729 775
730 775
731 775
732 775
733 775
734 775
735 775
736 775
737 775
738 775
739 775
740 775
741 775
742 775
743 775
744 775
745 775
746 775
747 775
748 775
749 775
750 775
751 775
752 775
753 775
754 775
755 775
756 775
757 775
758 775
759 775
760 775
761 775
762 775
763 775
764 775
765 775
766 775
767 775
768 775
769 775
770 775
771 775
772 775
773 775
774 775
775 776
