997
996
1 996
2 996
3 996
4 996
5 996
6 996
7 996
8 996
9 996
10 996
11 996
12 996
13 996
14 996
15 996
16 996
17 996
18 996
19 996
20 996
21 996
22 996
23 996
24 996
25 996
26 996
27 996
28 996
29 996
30 996
31 996
32 996
33 996
34 996
35 996
36 996
37 996
38 996
39 996
40 996
41 996
42 996
43 996
44 996
45 996
46 996
47 996
48 996
49 996
50 996
51 996
52 996
53 996
54 996
55 996
56 996
57 996
58 996
59 996
60 996
61 996
62 996
63 996
64 996
65 996
66 996
67 996
68 996
69 996
70 996
71 996
72 996
73 996
74 996
75 996
76 996
77 996
78 996
79 996
80 996
81 996
82 996
83 996
84 996
85 996
86 996
87 996
88 996
89 996
90 996
91 996
92 996
93 996
94 996
95 996
96 996
97 996
98 996
99 996
100 996
101 996
102 996
103 996
104 996
105 996
106 996
107 996
108 996
109 996
110 996
111 996
112 996
113 996
114 996
115 996
116 996
117 996
118 996
119 996
120 996
121 996
122 996
123 996
124 996
125 996
126 996
127 996
128 996
129 996
130 996
131 996
132 996
133 996
134 996
135 996
136 996
137 996
138 996
139 996
140 996
141 996
142 996
143 996
144 996
145 996
146 996
147 996
148 996
149 996
150 996
151 996
152 996
153 996
154 996
155 996
156 996
157 996
158 996
159 996
160 996
161 996
162 996
163 996
164 996
165 996
166 996
167 996
168 996
169 996
170 996
171 996
172 996
173 996
174 996
175 996
176 996
177 996
178 996
179 996
180 996
181 996
182 996
183 996
184 996
185 996
186 996
187 996
188 996
189 996
190 996
191 996
192 996
193 996
194 996
195 996
196 996
197 996
198 996
199 996
200 996
201 996
202 996
203 996
204 996
205 996
206 996
207 996
208 996
209 996
210 996
211 996
212 996
213 996
214 996
215 996
216 996
217 996
218 996
219 996
220 996
221 996
222 996
223 996
224 996
225 996
226 996
227 996
228 996
229 996
230 996
231 996
232 996
233 996
234 996
235 996
236 996
237 996
238 996
239 996
240 996
241 996
242 996
243 996
244 996
245 996
246 996
247 996
248 996
249 996
250 996
251 996
252 996
253 996
254 996
255 996
256 996
257 996
258 996
259 996
260 996
261 996
262 996
263 996
264 996
265 996
266 996
267 996
268 996
269 996
270 996
271 996
272 996
273 996
274 996
275 996
276 996
277 996
278 996
279 996
280 996
281 996
282 996
283 996
284 996
285 996
286 996
287 996
288 996
289 996
290 996
291 996
292 996
293 996
294 996
295 996
296 996
297 996
298 996
299 996
300 996
301 996
302 996
303 996
304 996
305 996
306 996
307 996
308 996
309 996
310 996
311 996
312 996
313 996
314 996
315 996
316 996
317 996
318 996
319 996
320 996
321 996
322 996
323 996
324 996
325 996
326 996
327 996
328 996
329 996
330 996
331 996
332 996
333 996
334 996
335 996
336 996
337 996
338 996
339 996
340 996
341 996
342 996
343 996
344 996
345 996
346 996
347 996
348 996
349 996
350 996
351 996
352 996
353 996
354 996
355 996
356 996
357 996
358 996
359 996
360 996
361 996
362 996
363 996
364 996
365 996
366 996
367 996
368 996
369 996
370 996
371 996
372 996
373 996
374 996
375 996
376 996
377 996
378 996
379 996
380 996
381 996
382 996
383 996
384 996
385 996
386 996
387 996
388 996
389 996
390 996
391 996
392 996
393 996
394 996
395 996
396 996
397 996
398 996
399 996
400 996
401 996
402 996
403 996
404 996
405 996
406 996
407 996
408 996
409 996
410 996
411 996
412 996
413 996
414 996
415 996
416 996
417 996
418 996
419 996
420 996
421 996
422 996
423 996
424 996
425 996
426 996
427 996
428 996
429 996
430 996
431 996
432 996
433 996
434 996
435 996
436 996
437 996
438 996
439 996
440 996
441 996
442 996
443 996
444 996
445 996
446 996
447 996
448 996
449 996
450 996
451 996
452 996
453 996
454 996
455 996
456 996
457 996
458 996
459 996
460 996
461 996
462 996
463 996
464 996
465 996
466 996
467 996
468 996
469 996
470 996
471 996
472 996
473 996
474 996
475 996
476 996
477 996
478 996
479 996
480 996
481 996
482 996
483 996
484 996
485 996
486 996
487 996
488 996
489 996
490 996
491 996
492 996
493 996
494 996
495 996
496 996
497 996
498 996
499 996
500 996
501 996
502 996
503 996
504 996
505 996
506 996
507 996
508 996
509 996
510 996
511 996
512 996
513 996
514 996
515 996
516 996
517 996
518 996
519 996
520 996
521 996
522 996
523 996
524 996
525 996
526 996
527 996
528 996
529 996
530 996
531 996
532 996
533 996
534 996
535 996
536 996
537 996
538 996
539 996
540 996
541 996
542 996
543 996
544 996
545 996
546 996
547 996
548 996
549 996
550 996
551 996
552 996
553 996
554 996
555 996
556 996
557 996
558 996
559 996
560 996
561 996
562 996
563 996
564 996
565 996
566 996
567 996
568 996
569 996
570 996
571 996
572 996
573 996
574 996
575 996
576 996
577 996
578 996
579 996
580 996
581 996
582 996
583 996
584 996
585 996
586 996
587 996
588 996
589 996
590 996
591 996
592 996
593 996
594 996
595 996
596 996
597 996
598 996
599 996
600 996
601 996
602 996
603 996
604 996
605 996
606 996
607 996
608 996
609 996
610 996
611 996
612 996
613 996
614 996
615 996
616 996
617 996
618 996
619 996
620 996
621 996
622 996
623 996
624 996
625 996
626 996
627 996
628 996
629 996
630 996
631 996
632 996
633 996
634 996
635 996
636 996
637 996
638 996
639 996
640 996
641 996
642 996
643 996
644 996
645 996
646 996
647 996
648 996
649 996
650 996
651 996
652 996
653 996
654 996
655 996
656 996
657 996
658 996
659 996
660 996
661 996
662 996
663 996
664 996
665 996
666 996
667 996
668 996
669 996
670 996
671 996
672 996
673 996
674 996
675 996
676 996
677 996
678 996
679 996
680 996
681 996
682 996
683 996
684 996
685 996
686 996
687 996
688 996
689 996
690 996
691 996
692 996
693 996
694 996
695 996
696 996
697 996
698 996
699 996
700 996
701 996
702 996
703 996
704 996
705 996
706 996
707 996
708 996
709 996
710 996
711 996
712 996
713 996
714 996
715 996
716 996
717 996
718 996
719 996
720 996
721 996
722 996
723 996
724 996
725 996
726 996
727 996
728 996
729 996
730 996
731 996
732 996
733 996
734 996
735 996
736 996
737 996
738 996
739 996
740 996
741 996
742 996
743 996
744 996
745 996
746 996
747 996
748 996
749 996
750 996
751 996
752 996
753 996
754 996
755 996
756 996
757 996
758 996
759 996
760 996
761 996
762 996
763 996
764 996
765 996
766 996
767 996
768 996
769 996
770 996
771 996
772 996
773 996
774 996
775 996
776 996
777 996
778 996
779 996
780 996
781 996
782 996
783 996
784 996
785 996
786 996
787 996
788 996
789 996
790 996
791 996
792 996
793 996
794 996
795 996
796 996
797 996
798 996
799 996
800 996
801 996
802 996
803 996
804 996
805 996
806 996
807 996
808 996
809 996
810 996
811 996
812 996
813 996
814 996
815 996
816 996
817 996
818 996
819 996
820 996
821 996
822 996
823 996
824 996
825 996
826 996
827 996
828 996
829 996
830 996
831 996
832 996
833 996
834 996
835 996
836 996
837 996
838 996
839 996
840 996
841 996
842 996
843 996
844 996
845 996
846 996
847 996
848 996
849 996
850 996
851 996
852 996
853 996
854 996
855 996
856 996
857 996
858 996
859 996
860 996
861 996
862 996
863 996
864 996
865 996
866 996
867 996
868 996
869 996
870 996
871 996
872 996
873 996
874 996
875 996
876 996
877 996
878 996
879 996
880 996
881 996
882 996
883 996
884 996
885 996
886 996
887 996
888 996
889 996
890 996
891 996
892 996
893 996
894 996
895 996
896 996
897 996
898 996
899 996
900 996
901 996
902 996
903 996
904 996
905 996
906 996
907 996
908 996
909 996
910 996
911 996
912 996
913 996
914 996
915 996
916 996
917 996
918 996
919 996
920 996
921 996
922 996
923 996
924 996
925 996
926 996
927 996
928 996
929 996
930 996
931 996
932 996
933 996
934 996
935 996
936 996
937 996
938 996
939 996
940 996
941 996
942 996
943 996
944 996
945 996
946 996
947 996
948 996
949 996
950 996
951 996
952 996
953 996
954 996
955 996
956 996
957 996
958 996
959 996
960 996
961 996
962 996
963 996
964 996
965 996
966 996
967 996
968 996
969 996
970 996
971 996
972 996
973 996
974 996
975 996
976 996
977 996
978 996
979 996
980 996
981 996
982 996
983 996
984 996
985 996
986 996
987 996
988 996
989 996
990 996
991 996
992 996
993 996
994 996
995 996
996 997
