991
990
1 990
2 990
3 990
4 990
5 990
6 990
7 990
8 990
9 990
10 990
11 990
12 990
13 990
14 990
15 990
16 990
17 990
18 990
19 990
20 990
21 990
22 990
23 990
24 990
25 990
26 990
27 990
28 990
29 990
30 990
31 990
32 990
33 990
34 990
35 990
36 990
37 990
38 990
39 990
40 990
41 990
42 990
43 990
44 990
45 990
46 990
47 990
48 990
49 990
50 990
51 990
52 990
53 990
54 990
55 990
56 990
57 990
58 990
59 990
60 990
61 990
62 990
63 990
64 990
65 990
66 990
67 990
68 990
69 990
70 990
71 990
72 990
73 990
74 990
75 990
76 990
77 990
78 990
79 990
80 990
81 990
82 990
83 990
84 990
85 990
86 990
87 990
88 990
89 990
90 990
91 990
92 990
93 990
94 990
95 990
96 990
97 990
98 990
99 990
100 990
101 990
102 990
103 990
104 990
105 990
106 990
107 990
108 990
109 990
110 990
111 990
112 990
113 990
114 990
115 990
116 990
117 990
118 990
119 990
120 990
121 990
122 990
123 990
124 990
125 990
126 990
127 990
128 990
129 990
130 990
131 990
132 990
133 990
134 990
135 990
136 990
137 990
138 990
139 990
140 990
141 990
142 990
143 990
144 990
145 990
146 990
147 990
148 990
149 990
150 990
151 990
152 990
153 990
154 990
155 990
156 990
157 990
158 990
159 990
160 990
161 990
162 990
163 990
164 990
165 990
166 990
167 990
168 990
169 990
170 990
171 990
172 990
173 990
174 990
175 990
176 990
177 990
178 990
179 990
180 990
181 990
182 990
183 990
184 990
185 990
186 990
187 990
188 990
189 990
190 990
191 990
192 990
193 990
194 990
195 990
196 990
197 990
198 990
199 990
200 990
201 990
202 990
203 990
204 990
205 990
206 990
207 990
208 990
209 990
210 990
211 990
212 990
213 990
214 990
215 990
216 990
217 990
218 990
219 990
220 990
221 990
222 990
223 990
224 990
225 990
226 990
227 990
228 990
229 990
230 990
231 990
232 990
233 990
234 990
235 990
236 990
237 990
238 990
239 990
240 990
241 990
242 990
243 990
244 990
245 990
246 990
247 990
248 990
249 990
250 990
251 990
252 990
253 990
254 990
255 990
256 990
257 990
258 990
259 990
260 990
261 990
262 990
263 990
264 990
265 990
266 990
267 990
268 990
269 990
270 990
271 990
272 990
273 990
274 990
275 990
276 990
277 990
278 990
279 990
280 990
281 990
282 990
283 990
284 990
285 990
286 990
287 990
288 990
289 990
290 990
291 990
292 990
293 990
294 990
295 990
296 990
297 990
298 990
299 990
300 990
301 990
302 990
303 990
304 990
305 990
306 990
307 990
308 990
309 990
310 990
311 990
312 990
313 990
314 990
315 990
316 990
317 990
318 990
319 990
320 990
321 990
322 990
323 990
324 990
325 990
326 990
327 990
328 990
329 990
330 990
331 990
332 990
333 990
334 990
335 990
336 990
337 990
338 990
339 990
340 990
341 990
342 990
343 990
344 990
345 990
346 990
347 990
348 990
349 990
350 990
351 990
352 990
353 990
354 990
355 990
356 990
357 990
358 990
359 990
360 990
361 990
362 990
363 990
364 990
365 990
366 990
367 990
368 990
369 990
370 990
371 990
372 990
373 990
374 990
375 990
376 990
377 990
378 990
379 990
380 990
381 990
382 990
383 990
384 990
385 990
386 990
387 990
388 990
389 990
390 990
391 990
392 990
393 990
394 990
395 990
396 990
397 990
398 990
399 990
400 990
401 990
402 990
403 990
404 990
405 990
406 990
407 990
408 990
409 990
410 990
411 990
412 990
413 990
414 990
415 990
416 990
417 990
418 990
419 990
420 990
421 990
422 990
423 990
424 990
425 990
426 990
427 990
428 990
429 990
430 990
431 990
432 990
433 990
434 990
435 990
436 990
437 990
438 990
439 990
440 990
441 990
442 990
443 990
444 990
445 990
446 990
447 990
448 990
449 990
450 990
451 990
452 990
453 990
454 990
455 990
456 990
457 990
458 990
459 990
460 990
461 990
462 990
463 990
464 990
465 990
466 990
467 990
468 990
469 990
470 990
471 990
472 990
473 990
474 990
475 990
476 990
477 990
478 990
479 990
480 990
481 990
482 990
483 990
484 990
485 990
486 990
487 990
488 990
489 990
490 990
491 990
492 990
493 990
494 990
495 990
496 990
497 990
498 990
499 990
500 990
501 990
502 990
503 990
504 990
505 990
506 990
507 990
508 990
509 990
510 990
511 990
512 990
513 990
514 990
515 990
516 990
517 990
518 990
519 990
520 990
521 990
522 990
523 990
524 990
525 990
526 990
527 990
528 990
529 990
530 990
531 990
532 990
533 990
534 990
535 990
536 990
537 990
538 990
539 990
540 990
541 990
542 990
543 990
544 990
545 990
546 990
547 990
548 990
549 990
550 990
551 990
552 990
553 990
554 990
555 990
556 990
557 990
558 990
559 990
560 990
561 990
562 990
563 990
564 990
565 990
566 990
567 990
568 990
569 990
570 990
571 990
572 990
573 990
574 990
575 990
576 990
577 990
578 990
579 990
580 990
581 990
582 990
583 990
584 990
585 990
586 990
587 990
588 990
589 990
590 990
591 990
592 990
593 990
594 990
595 990
596 990
597 990
598 990
599 990
600 990
601 990
602 990
603 990
604 990
605 990
606 990
607 990
608 990
609 990
610 990
611 990
612 990
613 990
614 990
615 990
616 990
617 990
618 990
619 990
620 990
621 990
622 990
623 990
624 990
625 990
626 990
627 990
628 990
629 990
630 990
631 990
632 990
633 990
634 990
635 990
636 990
637 990
638 990
639 990
640 990
641 990
642 990
643 990
644 990
645 990
646 990
647 990
648 990
649 990
650 990
651 990
652 990
653 990
654 990
655 990
656 990
657 990
658 990
659 990
660 990
661 990
662 990
663 990
664 990
665 990
666 990
667 990
668 990
669 990
670 990
671 990
672 990
673 990
674 990
675 990
676 990
677 990
678 990
679 990
680 990
681 990
682 990
683 990
684 990
685 990
686 990
687 990
688 990
689 990
690 990
691 990
692 990
693 990
694 990
695 990
696 990
697 990
698 990
699 990
700 990
701 990
702 990
703 990
704 990
705 990
706 990
707 990
708 990
709 990
710 990
711 990
712 990
713 990
714 990
715 990
716 990
717 990
718 990
719 990
720 990
721 990
722 990
723 990
724 990
725 990
726 990
727 990
728 990
729 990
730 990
731 990
732 990
733 990
734 990
735 990
736 990
737 990
738 990
739 990
740 990
741 990
742 990
743 990
744 990
745 990
746 990
747 990
748 990
749 990
750 990
751 990
752 990
753 990
754 990
755 990
756 990
757 990
758 990
759 990
760 990
761 990
762 990
763 990
764 990
765 990
766 990
767 990
768 990
769 990
770 990
771 990
772 990
773 990
774 990
775 990
776 990
777 990
778 990
779 990
780 990
781 990
782 990
783 990
784 990
785 990
786 990
787 990
788 990
789 990
790 990
791 990
792 990
793 990
794 990
795 990
796 990
797 990
798 990
799 990
800 990
801 990
802 990
803 990
804 990
805 990
806 990
807 990
808 990
809 990
810 990
811 990
812 990
813 990
814 990
815 990
816 990
817 990
818 990
819 990
820 990
821 990
822 990
823 990
824 990
825 990
826 990
827 990
828 990
829 990
830 990
831 990
832 990
833 990
834 990
835 990
836 990
837 990
838 990
839 990
840 990
841 990
842 990
843 990
844 990
845 990
846 990
847 990
848 990
849 990
850 990
851 990
852 990
853 990
854 990
855 990
856 990
857 990
858 990
859 990
860 990
861 990
862 990
863 990
864 990
865 990
866 990
867 990
868 990
869 990
870 990
871 990
872 990
873 990
874 990
875 990
876 990
877 990
878 990
879 990
880 990
881 990
882 990
883 990
884 990
885 990
886 990
887 990
888 990
889 990
890 990
891 990
892 990
893 990
894 990
895 990
896 990
897 990
898 990
899 990
900 990
901 990
902 990
903 990
904 990
905 990
906 990
907 990
908 990
909 990
910 990
911 990
912 990
913 990
914 990
915 990
916 990
917 990
918 990
919 990
920 990
921 990
922 990
923 990
924 990
925 990
926 990
927 990
928 990
929 990
930 990
931 990
932 990
933 990
934 990
935 990
936 990
937 990
938 990
939 990
940 990
941 990
942 990
943 990
944 990
945 990
946 990
947 990
948 990
949 990
950 990
951 990
952 990
953 990
954 990
955 990
956 990
957 990
958 990
959 990
960 990
961 990
962 990
963 990
964 990
965 990
966 990
967 990
968 990
969 990
970 990
971 990
972 990
973 990
974 990
975 990
976 990
977 990
978 990
979 990
980 990
981 990
982 990
983 990
984 990
985 990
986 990
987 990
988 990
989 990
990 991
