724
723
1 723
2 723
3 723
4 723
5 723
6 723
7 723
8 723
9 723
10 723
11 723
12 723
13 723
14 723
15 723
16 723
17 723
18 723
19 723
20 723
21 723
22 723
23 723
24 723
25 723
26 723
27 723
28 723
29 723
30 723
31 723
32 723
33 723
34 723
35 723
36 723
37 723
38 723
39 723
40 723
41 723
42 723
43 723
44 723
45 723
46 723
47 723
48 723
49 723
50 723
51 723
52 723
53 723
54 723
55 723
56 723
57 723
58 723
59 723
60 723
61 723
62 723
63 723
64 723
65 723
66 723
67 723
68 723
69 723
70 723
71 723
72 723
73 723
74 723
75 723
76 723
77 723
78 723
79 723
80 723
81 723
82 723
83 723
84 723
85 723
86 723
87 723
88 723
89 723
90 723
91 723
92 723
93 723
94 723
95 723
96 723
97 723
98 723
99 723
100 723
101 723
102 723
103 723
104 723
105 723
106 723
107 723
108 723
109 723
110 723
111 723
112 723
113 723
114 723
115 723
116 723
117 723
118 723
119 723
120 723
121 723
122 723
123 723
124 723
125 723
126 723
127 723
128 723
129 723
130 723
131 723
132 723
133 723
134 723
135 723
136 723
137 723
138 723
139 723
140 723
141 723
142 723
143 723
144 723
145 723
146 723
147 723
148 723
149 723
150 723
151 723
152 723
153 723
154 723
155 723
156 723
157 723
158 723
159 723
160 723
161 723
162 723
163 723
164 723
165 723
166 723
167 723
168 723
169 723
170 723
171 723
172 723
173 723
174 723
175 723
176 723
177 723
178 723
179 723
180 723
181 723
182 723
183 723
184 723
185 723
186 723
187 723
188 723
189 723
190 723
191 723
192 723
193 723
194 723
195 723
196 723
197 723
198 723
199 723
200 723
201 723
202 723
203 723
204 723
205 723
206 723
207 723
208 723
209 723
210 723
211 723
212 723
213 723
214 723
215 723
216 723
217 723
218 723
219 723
220 723
221 723
222 723
223 723
224 723
225 723
226 723
227 723
228 723
229 723
230 723
231 723
232 723
233 723
234 723
235 723
236 723
237 723
238 723
239 723
240 723
241 723
242 723
243 723
244 723
245 723
246 723
247 723
248 723
249 723
250 723
251 723
252 723
253 723
254 723
255 723
256 723
257 723
258 723
259 723
260 723
261 723
262 723
263 723
264 723
265 723
266 723
267 723
268 723
269 723
270 723
271 723
272 723
273 723
274 723
275 723
276 723
277 723
278 723
279 723
280 723
281 723
282 723
283 723
284 723
285 723
286 723
287 723
288 723
289 723
290 723
291 723
292 723
293 723
294 723
295 723
296 723
297 723
298 723
299 723
300 723
301 723
302 723
303 723
304 723
305 723
306 723
307 723
308 723
309 723
310 723
311 723
312 723
313 723
314 723
315 723
316 723
317 723
318 723
319 723
320 723
321 723
322 723
323 723
324 723
325 723
326 723
327 723
328 723
329 723
330 723
331 723
332 723
333 723
334 723
335 723
336 723
337 723
338 723
339 723
340 723
341 723
342 723
343 723
344 723
345 723
346 723
347 723
348 723
349 723
350 723
351 723
352 723
353 723
354 723
355 723
356 723
357 723
358 723
359 723
360 723
361 723
362 723
363 723
364 723
365 723
366 723
367 723
368 723
369 723
370 723
371 723
372 723
373 723
374 723
375 723
376 723
377 723
378 723
379 723
380 723
381 723
382 723
383 723
384 723
385 723
386 723
387 723
388 723
389 723
390 723
391 723
392 723
393 723
394 723
395 723
396 723
397 723
398 723
399 723
400 723
401 723
402 723
403 723
404 723
405 723
406 723
407 723
408 723
409 723
410 723
411 723
412 723
413 723
414 723
415 723
416 723
417 723
418 723
419 723
420 723
421 723
422 723
423 723
424 723
425 723
426 723
427 723
428 723
429 723
430 723
431 723
432 723
433 723
434 723
435 723
436 723
437 723
438 723
439 723
440 723
441 723
442 723
443 723
444 723
445 723
446 723
447 723
448 723
449 723
450 723
451 723
452 723
453 723
454 723
455 723
456 723
457 723
458 723
459 723
460 723
461 723
462 723
463 723
464 723
465 723
466 723
467 723
468 723
469 723
470 723
471 723
472 723
473 723
474 723
475 723
476 723
477 723
478 723
479 723
480 723
481 723
482 723
483 723
484 723
485 723
486 723
487 723
488 723
489 723
490 723
491 723
492 723
493 723
494 723
495 723
496 723
497 723
498 723
499 723
500 723
501 723
502 723
503 723
504 723
505 723
506 723
507 723
508 723
509 723
510 723
511 723
512 723
513 723
514 723
515 723
516 723
517 723
518 723
519 723
520 723
521 723
522 723
523 723
524 723
525 723
526 723
527 723
528 723
529 723
530 723
531 723
532 723
533 723
534 723
535 723
536 723
537 723
538 723
539 723
540 723
541 723
542 723
543 723
544 723
545 723
546 723
547 723
548 723
549 723
550 723
551 723
552 723
553 723
554 723
555 723
556 723
557 723
558 723
559 723
560 723
561 723
562 723
563 723
564 723
565 723
566 723
567 723
568 723
569 723
570 723
571 723
572 723
573 723
574 723
575 723
576 723
577 723
578 723
579 723
580 723
581 723
582 723
583 723
584 723
585 723
586 723
587 723
588 723
589 723
590 723
591 723
592 723
593 723
594 723
595 723
596 723
597 723
598 723
599 723
600 723
601 723
602 723
603 723
604 723
605 723
606 723
607 723
608 723
609 723
610 723
611 723
612 723
613 723
614 723
615 723
616 723
617 723
618 723
619 723
620 723
621 723
622 723
623 723
624 723
625 723
626 723
627 723
628 723
629 723
630 723
631 723
632 723
633 723
634 723
635 723
636 723
637 723
638 723
639 723
640 723
641 723
642 723
643 723
644 723
645 723
646 723
647 723
648 723
649 723
650 723
651 723
652 723
653 723
654 723
655 723
656 723
657 723
658 723
659 723
660 723
661 723
662 723
663 723
664 723
665 723
666 723
667 723
668 723
669 723
670 723
671 723
672 723
673 723
674 723
675 723
676 723
677 723
678 723
679 723
680 723
681 723
682 723
683 723
684 723
685 723
686 723
687 723
688 723
689 723
690 723
691 723
692 723
693 723
694 723
695 723
696 723
697 723
698 723
699 723
700 723
701 723
702 723
703 723
704 723
705 723
706 723
707 723
708 723
709 723
710 723
711 723
712 723
713 723
714 723
715 723
716 723
717 723
718 723
719 723
720 723
721 723
722 723
723 724
