679
678
1 678
2 678
3 678
4 678
5 678
6 678
7 678
8 678
9 678
10 678
11 678
12 678
13 678
14 678
15 678
16 678
17 678
18 678
19 678
20 678
21 678
22 678
23 678
24 678
25 678
26 678
27 678
28 678
29 678
30 678
31 678
32 678
33 678
34 678
35 678
36 678
37 678
38 678
39 678
40 678
41 678
42 678
43 678
44 678
45 678
46 678
47 678
48 678
49 678
50 678
51 678
52 678
53 678
54 678
55 678
56 678
57 678
58 678
59 678
60 678
61 678
62 678
63 678
64 678
65 678
66 678
67 678
68 678
69 678
70 678
71 678
72 678
73 678
74 678
75 678
76 678
77 678
78 678
79 678
80 678
81 678
82 678
83 678
84 678
85 678
86 678
87 678
88 678
89 678
90 678
91 678
92 678
93 678
94 678
95 678
96 678
97 678
98 678
99 678
100 678
101 678
102 678
103 678
104 678
105 678
106 678
107 678
108 678
109 678
110 678
111 678
112 678
113 678
114 678
115 678
116 678
117 678
118 678
119 678
120 678
121 678
122 678
123 678
124 678
125 678
126 678
127 678
128 678
129 678
130 678
131 678
132 678
133 678
134 678
135 678
136 678
137 678
138 678
139 678
140 678
141 678
142 678
143 678
144 678
145 678
146 678
147 678
148 678
149 678
150 678
151 678
152 678
153 678
154 678
155 678
156 678
157 678
158 678
159 678
160 678
161 678
162 678
163 678
164 678
165 678
166 678
167 678
168 678
169 678
170 678
171 678
172 678
173 678
174 678
175 678
176 678
177 678
178 678
179 678
180 678
181 678
182 678
183 678
184 678
185 678
186 678
187 678
188 678
189 678
190 678
191 678
192 678
193 678
194 678
195 678
196 678
197 678
198 678
199 678
200 678
201 678
202 678
203 678
204 678
205 678
206 678
207 678
208 678
209 678
210 678
211 678
212 678
213 678
214 678
215 678
216 678
217 678
218 678
219 678
220 678
221 678
222 678
223 678
224 678
225 678
226 678
227 678
228 678
229 678
230 678
231 678
232 678
233 678
234 678
235 678
236 678
237 678
238 678
239 678
240 678
241 678
242 678
243 678
244 678
245 678
246 678
247 678
248 678
249 678
250 678
251 678
252 678
253 678
254 678
255 678
256 678
257 678
258 678
259 678
260 678
261 678
262 678
263 678
264 678
265 678
266 678
267 678
268 678
269 678
270 678
271 678
272 678
273 678
274 678
275 678
276 678
277 678
278 678
279 678
280 678
281 678
282 678
283 678
284 678
285 678
286 678
287 678
288 678
289 678
290 678
291 678
292 678
293 678
294 678
295 678
296 678
297 678
298 678
299 678
300 678
301 678
302 678
303 678
304 678
305 678
306 678
307 678
308 678
309 678
310 678
311 678
312 678
313 678
314 678
315 678
316 678
317 678
318 678
319 678
320 678
321 678
322 678
323 678
324 678
325 678
326 678
327 678
328 678
329 678
330 678
331 678
332 678
333 678
334 678
335 678
336 678
337 678
338 678
339 678
340 678
341 678
342 678
343 678
344 678
345 678
346 678
347 678
348 678
349 678
350 678
351 678
352 678
353 678
354 678
355 678
356 678
357 678
358 678
359 678
360 678
361 678
362 678
363 678
364 678
365 678
366 678
367 678
368 678
369 678
370 678
371 678
372 678
373 678
374 678
375 678
376 678
377 678
378 678
379 678
380 678
381 678
382 678
383 678
384 678
385 678
386 678
387 678
388 678
389 678
390 678
391 678
392 678
393 678
394 678
395 678
396 678
397 678
398 678
399 678
400 678
401 678
402 678
403 678
404 678
405 678
406 678
407 678
408 678
409 678
410 678
411 678
412 678
413 678
414 678
415 678
416 678
417 678
418 678
419 678
420 678
421 678
422 678
423 678
424 678
425 678
426 678
427 678
428 678
429 678
430 678
431 678
432 678
433 678
434 678
435 678
436 678
437 678
438 678
439 678
440 678
441 678
442 678
443 678
444 678
445 678
446 678
447 678
448 678
449 678
450 678
451 678
452 678
453 678
454 678
455 678
456 678
457 678
458 678
459 678
460 678
461 678
462 678
463 678
464 678
465 678
466 678
467 678
468 678
469 678
470 678
471 678
472 678
473 678
474 678
475 678
476 678
477 678
478 678
479 678
480 678
481 678
482 678
483 678
484 678
485 678
486 678
487 678
488 678
489 678
490 678
491 678
492 678
493 678
494 678
495 678
496 678
497 678
498 678
499 678
500 678
501 678
502 678
503 678
504 678
505 678
506 678
507 678
508 678
509 678
510 678
511 678
512 678
513 678
514 678
515 678
516 678
517 678
518 678
519 678
520 678
521 678
522 678
523 678
524 678
525 678
526 678
527 678
528 678
529 678
530 678
531 678
532 678
533 678
534 678
535 678
536 678
537 678
538 678
539 678
540 678
541 678
542 678
543 678
544 678
545 678
546 678
547 678
548 678
549 678
550 678
551 678
552 678
553 678
554 678
555 678
556 678
557 678
558 678
559 678
560 678
561 678
562 678
563 678
564 678
565 678
566 678
567 678
568 678
569 678
570 678
571 678
572 678
573 678
574 678
575 678
576 678
577 678
578 678
579 678
580 678
581 678
582 678
583 678
584 678
585 678
586 678
587 678
588 678
589 678
590 678
591 678
592 678
593 678
594 678
595 678
596 678
597 678
598 678
599 678
600 678
601 678
602 678
603 678
604 678
605 678
606 678
607 678
608 678
609 678
610 678
611 678
612 678
613 678
614 678
615 678
616 678
617 678
618 678
619 678
620 678
621 678
622 678
623 678
624 678
625 678
626 678
627 678
628 678
629 678
630 678
631 678
632 678
633 678
634 678
635 678
636 678
637 678
638 678
639 678
640 678
641 678
642 678
643 678
644 678
645 678
646 678
647 678
648 678
649 678
650 678
651 678
652 678
653 678
654 678
655 678
656 678
657 678
658 678
659 678
660 678
661 678
662 678
663 678
664 678
665 678
666 678
667 678
668 678
669 678
670 678
671 678
672 678
673 678
674 678
675 678
676 678
677 678
678 679
