649
648
1 648
2 648
3 648
4 648
5 648
6 648
7 648
8 648
9 648
10 648
11 648
12 648
13 648
14 648
15 648
16 648
17 648
18 648
19 648
20 648
21 648
22 648
23 648
24 648
25 648
26 648
27 648
28 648
29 648
30 648
31 648
32 648
33 648
34 648
35 648
36 648
37 648
38 648
39 648
40 648
41 648
42 648
43 648
44 648
45 648
46 648
47 648
48 648
49 648
50 648
51 648
52 648
53 648
54 648
55 648
56 648
57 648
58 648
59 648
60 648
61 648
62 648
63 648
64 648
65 648
66 648
67 648
68 648
69 648
70 648
71 648
72 648
73 648
74 648
75 648
76 648
77 648
78 648
79 648
80 648
81 648
82 648
83 648
84 648
85 648
86 648
87 648
88 648
89 648
90 648
91 648
92 648
93 648
94 648
95 648
96 648
97 648
98 648
99 648
100 648
101 648
102 648
103 648
104 648
105 648
106 648
107 648
108 648
109 648
110 648
111 648
112 648
113 648
114 648
115 648
116 648
117 648
118 648
119 648
120 648
121 648
122 648
123 648
124 648
125 648
126 648
127 648
128 648
129 648
130 648
131 648
132 648
133 648
134 648
135 648
136 648
137 648
138 648
139 648
140 648
141 648
142 648
143 648
144 648
145 648
146 648
147 648
148 648
149 648
150 648
151 648
152 648
153 648
154 648
155 648
156 648
157 648
158 648
159 648
160 648
161 648
162 648
163 648
164 648
165 648
166 648
167 648
168 648
169 648
170 648
171 648
172 648
173 648
174 648
175 648
176 648
177 648
178 648
179 648
180 648
181 648
182 648
183 648
184 648
185 648
186 648
187 648
188 648
189 648
190 648
191 648
192 648
193 648
194 648
195 648
196 648
197 648
198 648
199 648
200 648
201 648
202 648
203 648
204 648
205 648
206 648
207 648
208 648
209 648
210 648
211 648
212 648
213 648
214 648
215 648
216 648
217 648
218 648
219 648
220 648
221 648
222 648
223 648
224 648
225 648
226 648
227 648
228 648
229 648
230 648
231 648
232 648
233 648
234 648
235 648
236 648
237 648
238 648
239 648
240 648
241 648
242 648
243 648
244 648
245 648
246 648
247 648
248 648
249 648
250 648
251 648
252 648
253 648
254 648
255 648
256 648
257 648
258 648
259 648
260 648
261 648
262 648
263 648
264 648
265 648
266 648
267 648
268 648
269 648
270 648
271 648
272 648
273 648
274 648
275 648
276 648
277 648
278 648
279 648
280 648
281 648
282 648
283 648
284 648
285 648
286 648
287 648
288 648
289 648
290 648
291 648
292 648
293 648
294 648
295 648
296 648
297 648
298 648
299 648
300 648
301 648
302 648
303 648
304 648
305 648
306 648
307 648
308 648
309 648
310 648
311 648
312 648
313 648
314 648
315 648
316 648
317 648
318 648
319 648
320 648
321 648
322 648
323 648
324 648
325 648
326 648
327 648
328 648
329 648
330 648
331 648
332 648
333 648
334 648
335 648
336 648
337 648
338 648
339 648
340 648
341 648
342 648
343 648
344 648
345 648
346 648
347 648
348 648
349 648
350 648
351 648
352 648
353 648
354 648
355 648
356 648
357 648
358 648
359 648
360 648
361 648
362 648
363 648
364 648
365 648
366 648
367 648
368 648
369 648
370 648
371 648
372 648
373 648
374 648
375 648
376 648
377 648
378 648
379 648
380 648
381 648
382 648
383 648
384 648
385 648
386 648
387 648
388 648
389 648
390 648
391 648
392 648
393 648
394 648
395 648
396 648
397 648
398 648
399 648
400 648
401 648
402 648
403 648
404 648
405 648
406 648
407 648
408 648
409 648
410 648
411 648
412 648
413 648
414 648
415 648
416 648
417 648
418 648
419 648
420 648
421 648
422 648
423 648
424 648
425 648
426 648
427 648
428 648
429 648
430 648
431 648
432 648
433 648
434 648
435 648
436 648
437 648
438 648
439 648
440 648
441 648
442 648
443 648
444 648
445 648
446 648
447 648
448 648
449 648
450 648
451 648
452 648
453 648
454 648
455 648
456 648
457 648
458 648
459 648
460 648
461 648
462 648
463 648
464 648
465 648
466 648
467 648
468 648
469 648
470 648
471 648
472 648
473 648
474 648
475 648
476 648
477 648
478 648
479 648
480 648
481 648
482 648
483 648
484 648
485 648
486 648
487 648
488 648
489 648
490 648
491 648
492 648
493 648
494 648
495 648
496 648
497 648
498 648
499 648
500 648
501 648
502 648
503 648
504 648
505 648
506 648
507 648
508 648
509 648
510 648
511 648
512 648
513 648
514 648
515 648
516 648
517 648
518 648
519 648
520 648
521 648
522 648
523 648
524 648
525 648
526 648
527 648
528 648
529 648
530 648
531 648
532 648
533 648
534 648
535 648
536 648
537 648
538 648
539 648
540 648
541 648
542 648
543 648
544 648
545 648
546 648
547 648
548 648
549 648
550 648
551 648
552 648
553 648
554 648
555 648
556 648
557 648
558 648
559 648
560 648
561 648
562 648
563 648
564 648
565 648
566 648
567 648
568 648
569 648
570 648
571 648
572 648
573 648
574 648
575 648
576 648
577 648
578 648
579 648
580 648
581 648
582 648
583 648
584 648
585 648
586 648
587 648
588 648
589 648
590 648
591 648
592 648
593 648
594 648
595 648
596 648
597 648
598 648
599 648
600 648
601 648
602 648
603 648
604 648
605 648
606 648
607 648
608 648
609 648
610 648
611 648
612 648
613 648
614 648
615 648
616 648
617 648
618 648
619 648
620 648
621 648
622 648
623 648
624 648
625 648
626 648
627 648
628 648
629 648
630 648
631 648
632 648
633 648
634 648
635 648
636 648
637 648
638 648
639 648
640 648
641 648
642 648
643 648
644 648
645 648
646 648
647 648
648 649
