917
916
1 916
2 916
3 916
4 916
5 916
6 916
7 916
8 916
9 916
10 916
11 916
12 916
13 916
14 916
15 916
16 916
17 916
18 916
19 916
20 916
21 916
22 916
23 916
24 916
25 916
26 916
27 916
28 916
29 916
30 916
31 916
32 916
33 916
34 916
35 916
36 916
37 916
38 916
39 916
40 916
41 916
42 916
43 916
44 916
45 916
46 916
47 916
48 916
49 916
50 916
51 916
52 916
53 916
54 916
55 916
56 916
57 916
58 916
59 916
60 916
61 916
62 916
63 916
64 916
65 916
66 916
67 916
68 916
69 916
70 916
71 916
72 916
73 916
74 916
75 916
76 916
77 916
78 916
79 916
80 916
81 916
82 916
83 916
84 916
85 916
86 916
87 916
88 916
89 916
90 916
91 916
92 916
93 916
94 916
95 916
96 916
97 916
98 916
99 916
100 916
101 916
102 916
103 916
104 916
105 916
106 916
107 916
108 916
109 916
110 916
111 916
112 916
113 916
114 916
115 916
116 916
117 916
118 916
119 916
120 916
121 916
122 916
123 916
124 916
125 916
126 916
127 916
128 916
129 916
130 916
131 916
132 916
133 916
134 916
135 916
136 916
137 916
138 916
139 916
140 916
141 916
142 916
143 916
144 916
145 916
146 916
147 916
148 916
149 916
150 916
151 916
152 916
153 916
154 916
155 916
156 916
157 916
158 916
159 916
160 916
161 916
162 916
163 916
164 916
165 916
166 916
167 916
168 916
169 916
170 916
171 916
172 916
173 916
174 916
175 916
176 916
177 916
178 916
179 916
180 916
181 916
182 916
183 916
184 916
185 916
186 916
187 916
188 916
189 916
190 916
191 916
192 916
193 916
194 916
195 916
196 916
197 916
198 916
199 916
200 916
201 916
202 916
203 916
204 916
205 916
206 916
207 916
208 916
209 916
210 916
211 916
212 916
213 916
214 916
215 916
216 916
217 916
218 916
219 916
220 916
221 916
222 916
223 916
224 916
225 916
226 916
227 916
228 916
229 916
230 916
231 916
232 916
233 916
234 916
235 916
236 916
237 916
238 916
239 916
240 916
241 916
242 916
243 916
244 916
245 916
246 916
247 916
248 916
249 916
250 916
251 916
252 916
253 916
254 916
255 916
256 916
257 916
258 916
259 916
260 916
261 916
262 916
263 916
264 916
265 916
266 916
267 916
268 916
269 916
270 916
271 916
272 916
273 916
274 916
275 916
276 916
277 916
278 916
279 916
280 916
281 916
282 916
283 916
284 916
285 916
286 916
287 916
288 916
289 916
290 916
291 916
292 916
293 916
294 916
295 916
296 916
297 916
298 916
299 916
300 916
301 916
302 916
303 916
304 916
305 916
306 916
307 916
308 916
309 916
310 916
311 916
312 916
313 916
314 916
315 916
316 916
317 916
318 916
319 916
320 916
321 916
322 916
323 916
324 916
325 916
326 916
327 916
328 916
329 916
330 916
331 916
332 916
333 916
334 916
335 916
336 916
337 916
338 916
339 916
340 916
341 916
342 916
343 916
344 916
345 916
346 916
347 916
348 916
349 916
350 916
351 916
352 916
353 916
354 916
355 916
356 916
357 916
358 916
359 916
360 916
361 916
362 916
363 916
364 916
365 916
366 916
367 916
368 916
369 916
370 916
371 916
372 916
373 916
374 916
375 916
376 916
377 916
378 916
379 916
380 916
381 916
382 916
383 916
384 916
385 916
386 916
387 916
388 916
389 916
390 916
391 916
392 916
393 916
394 916
395 916
396 916
397 916
398 916
399 916
400 916
401 916
402 916
403 916
404 916
405 916
406 916
407 916
408 916
409 916
410 916
411 916
412 916
413 916
414 916
415 916
416 916
417 916
418 916
419 916
420 916
421 916
422 916
423 916
424 916
425 916
426 916
427 916
428 916
429 916
430 916
431 916
432 916
433 916
434 916
435 916
436 916
437 916
438 916
439 916
440 916
441 916
442 916
443 916
444 916
445 916
446 916
447 916
448 916
449 916
450 916
451 916
452 916
453 916
454 916
455 916
456 916
457 916
458 916
459 916
460 916
461 916
462 916
463 916
464 916
465 916
466 916
467 916
468 916
469 916
470 916
471 916
472 916
473 916
474 916
475 916
476 916
477 916
478 916
479 916
480 916
481 916
482 916
483 916
484 916
485 916
486 916
487 916
488 916
489 916
490 916
491 916
492 916
493 916
494 916
495 916
496 916
497 916
498 916
499 916
500 916
501 916
502 916
503 916
504 916
505 916
506 916
507 916
508 916
509 916
510 916
511 916
512 916
513 916
514 916
515 916
516 916
517 916
518 916
519 916
520 916
521 916
522 916
523 916
524 916
525 916
526 916
527 916
528 916
529 916
530 916
531 916
532 916
533 916
534 916
535 916
536 916
537 916
538 916
539 916
540 916
541 916
542 916
543 916
544 916
545 916
546 916
547 916
548 916
549 916
550 916
551 916
552 916
553 916
554 916
555 916
556 916
557 916
558 916
559 916
560 916
561 916
562 916
563 916
564 916
565 916
566 916
567 916
568 916
569 916
570 916
571 916
572 916
573 916
574 916
575 916
576 916
577 916
578 916
579 916
580 916
581 916
582 916
583 916
584 916
585 916
586 916
587 916
588 916
589 916
590 916
591 916
592 916
593 916
594 916
595 916
596 916
597 916
598 916
599 916
600 916
601 916
602 916
603 916
604 916
605 916
606 916
607 916
608 916
609 916
610 916
611 916
612 916
613 916
614 916
615 916
616 916
617 916
618 916
619 916
620 916
621 916
622 916
623 916
624 916
625 916
626 916
627 916
628 916
629 916
630 916
631 916
632 916
633 916
634 916
635 916
636 916
637 916
638 916
639 916
640 916
641 916
642 916
643 916
644 916
645 916
646 916
647 916
648 916
649 916
650 916
651 916
652 916
653 916
654 916
655 916
656 916
657 916
658 916
659 916
660 916
661 916
662 916
663 916
664 916
665 916
666 916
667 916
668 916
669 916
670 916
671 916
672 916
673 916
674 916
675 916
676 916
677 916
678 916
679 916
680 916
681 916
682 916
683 916
684 916
685 916
686 916
687 916
688 916
689 916
690 916
691 916
692 916
693 916
694 916
695 916
696 916
697 916
698 916
699 916
700 916
701 916
702 916
703 916
704 916
705 916
706 916
707 916
708 916
709 916
710 916
711 916
712 916
713 916
714 916
715 916
716 916
717 916
718 916
719 916
720 916
721 916
722 916
723 916
724 916
725 916
726 916
727 916
728 916
729 916
730 916
731 916
732 916
733 916
734 916
735 916
736 916
737 916
738 916
739 916
740 916
741 916
742 916
743 916
744 916
745 916
746 916
747 916
748 916
749 916
750 916
751 916
752 916
753 916
754 916
755 916
756 916
757 916
758 916
759 916
760 916
761 916
762 916
763 916
764 916
765 916
766 916
767 916
768 916
769 916
770 916
771 916
772 916
773 916
774 916
775 916
776 916
777 916
778 916
779 916
780 916
781 916
782 916
783 916
784 916
785 916
786 916
787 916
788 916
789 916
790 916
791 916
792 916
793 916
794 916
795 916
796 916
797 916
798 916
799 916
800 916
801 916
802 916
803 916
804 916
805 916
806 916
807 916
808 916
809 916
810 916
811 916
812 916
813 916
814 916
815 916
816 916
817 916
818 916
819 916
820 916
821 916
822 916
823 916
824 916
825 916
826 916
827 916
828 916
829 916
830 916
831 916
832 916
833 916
834 916
835 916
836 916
837 916
838 916
839 916
840 916
841 916
842 916
843 916
844 916
845 916
846 916
847 916
848 916
849 916
850 916
851 916
852 916
853 916
854 916
855 916
856 916
857 916
858 916
859 916
860 916
861 916
862 916
863 916
864 916
865 916
866 916
867 916
868 916
869 916
870 916
871 916
872 916
873 916
874 916
875 916
876 916
877 916
878 916
879 916
880 916
881 916
882 916
883 916
884 916
885 916
886 916
887 916
888 916
889 916
890 916
891 916
892 916
893 916
894 916
895 916
896 916
897 916
898 916
899 916
900 916
901 916
902 916
903 916
904 916
905 916
906 916
907 916
908 916
909 916
910 916
911 916
912 916
913 916
914 916
915 916
916 917
