598
597
1 597
2 597
3 597
4 597
5 597
6 597
7 597
8 597
9 597
10 597
11 597
12 597
13 597
14 597
15 597
16 597
17 597
18 597
19 597
20 597
21 597
22 597
23 597
24 597
25 597
26 597
27 597
28 597
29 597
30 597
31 597
32 597
33 597
34 597
35 597
36 597
37 597
38 597
39 597
40 597
41 597
42 597
43 597
44 597
45 597
46 597
47 597
48 597
49 597
50 597
51 597
52 597
53 597
54 597
55 597
56 597
57 597
58 597
59 597
60 597
61 597
62 597
63 597
64 597
65 597
66 597
67 597
68 597
69 597
70 597
71 597
72 597
73 597
74 597
75 597
76 597
77 597
78 597
79 597
80 597
81 597
82 597
83 597
84 597
85 597
86 597
87 597
88 597
89 597
90 597
91 597
92 597
93 597
94 597
95 597
96 597
97 597
98 597
99 597
100 597
101 597
102 597
103 597
104 597
105 597
106 597
107 597
108 597
109 597
110 597
111 597
112 597
113 597
114 597
115 597
116 597
117 597
118 597
119 597
120 597
121 597
122 597
123 597
124 597
125 597
126 597
127 597
128 597
129 597
130 597
131 597
132 597
133 597
134 597
135 597
136 597
137 597
138 597
139 597
140 597
141 597
142 597
143 597
144 597
145 597
146 597
147 597
148 597
149 597
150 597
151 597
152 597
153 597
154 597
155 597
156 597
157 597
158 597
159 597
160 597
161 597
162 597
163 597
164 597
165 597
166 597
167 597
168 597
169 597
170 597
171 597
172 597
173 597
174 597
175 597
176 597
177 597
178 597
179 597
180 597
181 597
182 597
183 597
184 597
185 597
186 597
187 597
188 597
189 597
190 597
191 597
192 597
193 597
194 597
195 597
196 597
197 597
198 597
199 597
200 597
201 597
202 597
203 597
204 597
205 597
206 597
207 597
208 597
209 597
210 597
211 597
212 597
213 597
214 597
215 597
216 597
217 597
218 597
219 597
220 597
221 597
222 597
223 597
224 597
225 597
226 597
227 597
228 597
229 597
230 597
231 597
232 597
233 597
234 597
235 597
236 597
237 597
238 597
239 597
240 597
241 597
242 597
243 597
244 597
245 597
246 597
247 597
248 597
249 597
250 597
251 597
252 597
253 597
254 597
255 597
256 597
257 597
258 597
259 597
260 597
261 597
262 597
263 597
264 597
265 597
266 597
267 597
268 597
269 597
270 597
271 597
272 597
273 597
274 597
275 597
276 597
277 597
278 597
279 597
280 597
281 597
282 597
283 597
284 597
285 597
286 597
287 597
288 597
289 597
290 597
291 597
292 597
293 597
294 597
295 597
296 597
297 597
298 597
299 597
300 597
301 597
302 597
303 597
304 597
305 597
306 597
307 597
308 597
309 597
310 597
311 597
312 597
313 597
314 597
315 597
316 597
317 597
318 597
319 597
320 597
321 597
322 597
323 597
324 597
325 597
326 597
327 597
328 597
329 597
330 597
331 597
332 597
333 597
334 597
335 597
336 597
337 597
338 597
339 597
340 597
341 597
342 597
343 597
344 597
345 597
346 597
347 597
348 597
349 597
350 597
351 597
352 597
353 597
354 597
355 597
356 597
357 597
358 597
359 597
360 597
361 597
362 597
363 597
364 597
365 597
366 597
367 597
368 597
369 597
370 597
371 597
372 597
373 597
374 597
375 597
376 597
377 597
378 597
379 597
380 597
381 597
382 597
383 597
384 597
385 597
386 597
387 597
388 597
389 597
390 597
391 597
392 597
393 597
394 597
395 597
396 597
397 597
398 597
399 597
400 597
401 597
402 597
403 597
404 597
405 597
406 597
407 597
408 597
409 597
410 597
411 597
412 597
413 597
414 597
415 597
416 597
417 597
418 597
419 597
420 597
421 597
422 597
423 597
424 597
425 597
426 597
427 597
428 597
429 597
430 597
431 597
432 597
433 597
434 597
435 597
436 597
437 597
438 597
439 597
440 597
441 597
442 597
443 597
444 597
445 597
446 597
447 597
448 597
449 597
450 597
451 597
452 597
453 597
454 597
455 597
456 597
457 597
458 597
459 597
460 597
461 597
462 597
463 597
464 597
465 597
466 597
467 597
468 597
469 597
470 597
471 597
472 597
473 597
474 597
475 597
476 597
477 597
478 597
479 597
480 597
481 597
482 597
483 597
484 597
485 597
486 597
487 597
488 597
489 597
490 597
491 597
492 597
493 597
494 597
495 597
496 597
497 597
498 597
499 597
500 597
501 597
502 597
503 597
504 597
505 597
506 597
507 597
508 597
509 597
510 597
511 597
512 597
513 597
514 597
515 597
516 597
517 597
518 597
519 597
520 597
521 597
522 597
523 597
524 597
525 597
526 597
527 597
528 597
529 597
530 597
531 597
532 597
533 597
534 597
535 597
536 597
537 597
538 597
539 597
540 597
541 597
542 597
543 597
544 597
545 597
546 597
547 597
548 597
549 597
550 597
551 597
552 597
553 597
554 597
555 597
556 597
557 597
558 597
559 597
560 597
561 597
562 597
563 597
564 597
565 597
566 597
567 597
568 597
569 597
570 597
571 597
572 597
573 597
574 597
575 597
576 597
577 597
578 597
579 597
580 597
581 597
582 597
583 597
584 597
585 597
586 597
587 597
588 597
589 597
590 597
591 597
592 597
593 597
594 597
595 597
596 597
597 598
