748
747
1 747
2 747
3 747
4 747
5 747
6 747
7 747
8 747
9 747
10 747
11 747
12 747
13 747
14 747
15 747
16 747
17 747
18 747
19 747
20 747
21 747
22 747
23 747
24 747
25 747
26 747
27 747
28 747
29 747
30 747
31 747
32 747
33 747
34 747
35 747
36 747
37 747
38 747
39 747
40 747
41 747
42 747
43 747
44 747
45 747
46 747
47 747
48 747
49 747
50 747
51 747
52 747
53 747
54 747
55 747
56 747
57 747
58 747
59 747
60 747
61 747
62 747
63 747
64 747
65 747
66 747
67 747
68 747
69 747
70 747
71 747
72 747
73 747
74 747
75 747
76 747
77 747
78 747
79 747
80 747
81 747
82 747
83 747
84 747
85 747
86 747
87 747
88 747
89 747
90 747
91 747
92 747
93 747
94 747
95 747
96 747
97 747
98 747
99 747
100 747
101 747
102 747
103 747
104 747
105 747
106 747
107 747
108 747
109 747
110 747
111 747
112 747
113 747
114 747
115 747
116 747
117 747
118 747
119 747
120 747
121 747
122 747
123 747
124 747
125 747
126 747
127 747
128 747
129 747
130 747
131 747
132 747
133 747
134 747
135 747
136 747
137 747
138 747
139 747
140 747
141 747
142 747
143 747
144 747
145 747
146 747
147 747
148 747
149 747
150 747
151 747
152 747
153 747
154 747
155 747
156 747
157 747
158 747
159 747
160 747
161 747
162 747
163 747
164 747
165 747
166 747
167 747
168 747
169 747
170 747
171 747
172 747
173 747
174 747
175 747
176 747
177 747
178 747
179 747
180 747
181 747
182 747
183 747
184 747
185 747
186 747
187 747
188 747
189 747
190 747
191 747
192 747
193 747
194 747
195 747
196 747
197 747
198 747
199 747
200 747
201 747
202 747
203 747
204 747
205 747
206 747
207 747
208 747
209 747
210 747
211 747
212 747
213 747
214 747
215 747
216 747
217 747
218 747
219 747
220 747
221 747
222 747
223 747
224 747
225 747
226 747
227 747
228 747
229 747
230 747
231 747
232 747
233 747
234 747
235 747
236 747
237 747
238 747
239 747
240 747
241 747
242 747
243 747
244 747
245 747
246 747
247 747
248 747
249 747
250 747
251 747
252 747
253 747
254 747
255 747
256 747
257 747
258 747
259 747
260 747
261 747
262 747
263 747
264 747
265 747
266 747
267 747
268 747
269 747
270 747
271 747
272 747
273 747
274 747
275 747
276 747
277 747
278 747
279 747
280 747
281 747
282 747
283 747
284 747
285 747
286 747
287 747
288 747
289 747
290 747
291 747
292 747
293 747
294 747
295 747
296 747
297 747
298 747
299 747
300 747
301 747
302 747
303 747
304 747
305 747
306 747
307 747
308 747
309 747
310 747
311 747
312 747
313 747
314 747
315 747
316 747
317 747
318 747
319 747
320 747
321 747
322 747
323 747
324 747
325 747
326 747
327 747
328 747
329 747
330 747
331 747
332 747
333 747
334 747
335 747
336 747
337 747
338 747
339 747
340 747
341 747
342 747
343 747
344 747
345 747
346 747
347 747
348 747
349 747
350 747
351 747
352 747
353 747
354 747
355 747
356 747
357 747
358 747
359 747
360 747
361 747
362 747
363 747
364 747
365 747
366 747
367 747
368 747
369 747
370 747
371 747
372 747
373 747
374 747
375 747
376 747
377 747
378 747
379 747
380 747
381 747
382 747
383 747
384 747
385 747
386 747
387 747
388 747
389 747
390 747
391 747
392 747
393 747
394 747
395 747
396 747
397 747
398 747
399 747
400 747
401 747
402 747
403 747
404 747
405 747
406 747
407 747
408 747
409 747
410 747
411 747
412 747
413 747
414 747
415 747
416 747
417 747
418 747
419 747
420 747
421 747
422 747
423 747
424 747
425 747
426 747
427 747
428 747
429 747
430 747
431 747
432 747
433 747
434 747
435 747
436 747
437 747
438 747
439 747
440 747
441 747
442 747
443 747
444 747
445 747
446 747
447 747
448 747
449 747
450 747
451 747
452 747
453 747
454 747
455 747
456 747
457 747
458 747
459 747
460 747
461 747
462 747
463 747
464 747
465 747
466 747
467 747
468 747
469 747
470 747
471 747
472 747
473 747
474 747
475 747
476 747
477 747
478 747
479 747
480 747
481 747
482 747
483 747
484 747
485 747
486 747
487 747
488 747
489 747
490 747
491 747
492 747
493 747
494 747
495 747
496 747
497 747
498 747
499 747
500 747
501 747
502 747
503 747
504 747
505 747
506 747
507 747
508 747
509 747
510 747
511 747
512 747
513 747
514 747
515 747
516 747
517 747
518 747
519 747
520 747
521 747
522 747
523 747
524 747
525 747
526 747
527 747
528 747
529 747
530 747
531 747
532 747
533 747
534 747
535 747
536 747
537 747
538 747
539 747
540 747
541 747
542 747
543 747
544 747
545 747
546 747
547 747
548 747
549 747
550 747
551 747
552 747
553 747
554 747
555 747
556 747
557 747
558 747
559 747
560 747
561 747
562 747
563 747
564 747
565 747
566 747
567 747
568 747
569 747
570 747
571 747
572 747
573 747
574 747
575 747
576 747
577 747
578 747
579 747
580 747
581 747
582 747
583 747
584 747
585 747
586 747
587 747
588 747
589 747
590 747
591 747
592 747
593 747
594 747
595 747
596 747
597 747
598 747
599 747
600 747
601 747
602 747
603 747
604 747
605 747
606 747
607 747
608 747
609 747
610 747
611 747
612 747
613 747
614 747
615 747
616 747
617 747
618 747
619 747
620 747
621 747
622 747
623 747
624 747
625 747
626 747
627 747
628 747
629 747
630 747
631 747
632 747
633 747
634 747
635 747
636 747
637 747
638 747
639 747
640 747
641 747
642 747
643 747
644 747
645 747
646 747
647 747
648 747
649 747
650 747
651 747
652 747
653 747
654 747
655 747
656 747
657 747
658 747
659 747
660 747
661 747
662 747
663 747
664 747
665 747
666 747
667 747
668 747
669 747
670 747
671 747
672 747
673 747
674 747
675 747
676 747
677 747
678 747
679 747
680 747
681 747
682 747
683 747
684 747
685 747
686 747
687 747
688 747
689 747
690 747
691 747
692 747
693 747
694 747
695 747
696 747
697 747
698 747
699 747
700 747
701 747
702 747
703 747
704 747
705 747
706 747
707 747
708 747
709 747
710 747
711 747
712 747
713 747
714 747
715 747
716 747
717 747
718 747
719 747
720 747
721 747
722 747
723 747
724 747
725 747
726 747
727 747
728 747
729 747
730 747
731 747
732 747
733 747
734 747
735 747
736 747
737 747
738 747
739 747
740 747
741 747
742 747
743 747
744 747
745 747
746 747
747 748
