733
732
1 732
2 732
3 732
4 732
5 732
6 732
7 732
8 732
9 732
10 732
11 732
12 732
13 732
14 732
15 732
16 732
17 732
18 732
19 732
20 732
21 732
22 732
23 732
24 732
25 732
26 732
27 732
28 732
29 732
30 732
31 732
32 732
33 732
34 732
35 732
36 732
37 732
38 732
39 732
40 732
41 732
42 732
43 732
44 732
45 732
46 732
47 732
48 732
49 732
50 732
51 732
52 732
53 732
54 732
55 732
56 732
57 732
58 732
59 732
60 732
61 732
62 732
63 732
64 732
65 732
66 732
67 732
68 732
69 732
70 732
71 732
72 732
73 732
74 732
75 732
76 732
77 732
78 732
79 732
80 732
81 732
82 732
83 732
84 732
85 732
86 732
87 732
88 732
89 732
90 732
91 732
92 732
93 732
94 732
95 732
96 732
97 732
98 732
99 732
100 732
101 732
102 732
103 732
104 732
105 732
106 732
107 732
108 732
109 732
110 732
111 732
112 732
113 732
114 732
115 732
116 732
117 732
118 732
119 732
120 732
121 732
122 732
123 732
124 732
125 732
126 732
127 732
128 732
129 732
130 732
131 732
132 732
133 732
134 732
135 732
136 732
137 732
138 732
139 732
140 732
141 732
142 732
143 732
144 732
145 732
146 732
147 732
148 732
149 732
150 732
151 732
152 732
153 732
154 732
155 732
156 732
157 732
158 732
159 732
160 732
161 732
162 732
163 732
164 732
165 732
166 732
167 732
168 732
169 732
170 732
171 732
172 732
173 732
174 732
175 732
176 732
177 732
178 732
179 732
180 732
181 732
182 732
183 732
184 732
185 732
186 732
187 732
188 732
189 732
190 732
191 732
192 732
193 732
194 732
195 732
196 732
197 732
198 732
199 732
200 732
201 732
202 732
203 732
204 732
205 732
206 732
207 732
208 732
209 732
210 732
211 732
212 732
213 732
214 732
215 732
216 732
217 732
218 732
219 732
220 732
221 732
222 732
223 732
224 732
225 732
226 732
227 732
228 732
229 732
230 732
231 732
232 732
233 732
234 732
235 732
236 732
237 732
238 732
239 732
240 732
241 732
242 732
243 732
244 732
245 732
246 732
247 732
248 732
249 732
250 732
251 732
252 732
253 732
254 732
255 732
256 732
257 732
258 732
259 732
260 732
261 732
262 732
263 732
264 732
265 732
266 732
267 732
268 732
269 732
270 732
271 732
272 732
273 732
274 732
275 732
276 732
277 732
278 732
279 732
280 732
281 732
282 732
283 732
284 732
285 732
286 732
287 732
288 732
289 732
290 732
291 732
292 732
293 732
294 732
295 732
296 732
297 732
298 732
299 732
300 732
301 732
302 732
303 732
304 732
305 732
306 732
307 732
308 732
309 732
310 732
311 732
312 732
313 732
314 732
315 732
316 732
317 732
318 732
319 732
320 732
321 732
322 732
323 732
324 732
325 732
326 732
327 732
328 732
329 732
330 732
331 732
332 732
333 732
334 732
335 732
336 732
337 732
338 732
339 732
340 732
341 732
342 732
343 732
344 732
345 732
346 732
347 732
348 732
349 732
350 732
351 732
352 732
353 732
354 732
355 732
356 732
357 732
358 732
359 732
360 732
361 732
362 732
363 732
364 732
365 732
366 732
367 732
368 732
369 732
370 732
371 732
372 732
373 732
374 732
375 732
376 732
377 732
378 732
379 732
380 732
381 732
382 732
383 732
384 732
385 732
386 732
387 732
388 732
389 732
390 732
391 732
392 732
393 732
394 732
395 732
396 732
397 732
398 732
399 732
400 732
401 732
402 732
403 732
404 732
405 732
406 732
407 732
408 732
409 732
410 732
411 732
412 732
413 732
414 732
415 732
416 732
417 732
418 732
419 732
420 732
421 732
422 732
423 732
424 732
425 732
426 732
427 732
428 732
429 732
430 732
431 732
432 732
433 732
434 732
435 732
436 732
437 732
438 732
439 732
440 732
441 732
442 732
443 732
444 732
445 732
446 732
447 732
448 732
449 732
450 732
451 732
452 732
453 732
454 732
455 732
456 732
457 732
458 732
459 732
460 732
461 732
462 732
463 732
464 732
465 732
466 732
467 732
468 732
469 732
470 732
471 732
472 732
473 732
474 732
475 732
476 732
477 732
478 732
479 732
480 732
481 732
482 732
483 732
484 732
485 732
486 732
487 732
488 732
489 732
490 732
491 732
492 732
493 732
494 732
495 732
496 732
497 732
498 732
499 732
500 732
501 732
502 732
503 732
504 732
505 732
506 732
507 732
508 732
509 732
510 732
511 732
512 732
513 732
514 732
515 732
516 732
517 732
518 732
519 732
520 732
521 732
522 732
523 732
524 732
525 732
526 732
527 732
528 732
529 732
530 732
531 732
532 732
533 732
534 732
535 732
536 732
537 732
538 732
539 732
540 732
541 732
542 732
543 732
544 732
545 732
546 732
547 732
548 732
549 732
550 732
551 732
552 732
553 732
554 732
555 732
556 732
557 732
558 732
559 732
560 732
561 732
562 732
563 732
564 732
565 732
566 732
567 732
568 732
569 732
570 732
571 732
572 732
573 732
574 732
575 732
576 732
577 732
578 732
579 732
580 732
581 732
582 732
583 732
584 732
585 732
586 732
587 732
588 732
589 732
590 732
591 732
592 732
593 732
594 732
595 732
596 732
597 732
598 732
599 732
600 732
601 732
602 732
603 732
604 732
605 732
606 732
607 732
608 732
609 732
610 732
611 732
612 732
613 732
614 732
615 732
616 732
617 732
618 732
619 732
620 732
621 732
622 732
623 732
624 732
625 732
626 732
627 732
628 732
629 732
630 732
631 732
632 732
633 732
634 732
635 732
636 732
637 732
638 732
639 732
640 732
641 732
642 732
643 732
644 732
645 732
646 732
647 732
648 732
649 732
650 732
651 732
652 732
653 732
654 732
655 732
656 732
657 732
658 732
659 732
660 732
661 732
662 732
663 732
664 732
665 732
666 732
667 732
668 732
669 732
670 732
671 732
672 732
673 732
674 732
675 732
676 732
677 732
678 732
679 732
680 732
681 732
682 732
683 732
684 732
685 732
686 732
687 732
688 732
689 732
690 732
691 732
692 732
693 732
694 732
695 732
696 732
697 732
698 732
699 732
700 732
701 732
702 732
703 732
704 732
705 732
706 732
707 732
708 732
709 732
710 732
711 732
712 732
713 732
714 732
715 732
716 732
717 732
718 732
719 732
720 732
721 732
722 732
723 732
724 732
725 732
726 732
727 732
728 732
729 732
730 732
731 732
732 733
