972
971
1 971
2 971
3 971
4 971
5 971
6 971
7 971
8 971
9 971
10 971
11 971
12 971
13 971
14 971
15 971
16 971
17 971
18 971
19 971
20 971
21 971
22 971
23 971
24 971
25 971
26 971
27 971
28 971
29 971
30 971
31 971
32 971
33 971
34 971
35 971
36 971
37 971
38 971
39 971
40 971
41 971
42 971
43 971
44 971
45 971
46 971
47 971
48 971
49 971
50 971
51 971
52 971
53 971
54 971
55 971
56 971
57 971
58 971
59 971
60 971
61 971
62 971
63 971
64 971
65 971
66 971
67 971
68 971
69 971
70 971
71 971
72 971
73 971
74 971
75 971
76 971
77 971
78 971
79 971
80 971
81 971
82 971
83 971
84 971
85 971
86 971
87 971
88 971
89 971
90 971
91 971
92 971
93 971
94 971
95 971
96 971
97 971
98 971
99 971
100 971
101 971
102 971
103 971
104 971
105 971
106 971
107 971
108 971
109 971
110 971
111 971
112 971
113 971
114 971
115 971
116 971
117 971
118 971
119 971
120 971
121 971
122 971
123 971
124 971
125 971
126 971
127 971
128 971
129 971
130 971
131 971
132 971
133 971
134 971
135 971
136 971
137 971
138 971
139 971
140 971
141 971
142 971
143 971
144 971
145 971
146 971
147 971
148 971
149 971
150 971
151 971
152 971
153 971
154 971
155 971
156 971
157 971
158 971
159 971
160 971
161 971
162 971
163 971
164 971
165 971
166 971
167 971
168 971
169 971
170 971
171 971
172 971
173 971
174 971
175 971
176 971
177 971
178 971
179 971
180 971
181 971
182 971
183 971
184 971
185 971
186 971
187 971
188 971
189 971
190 971
191 971
192 971
193 971
194 971
195 971
196 971
197 971
198 971
199 971
200 971
201 971
202 971
203 971
204 971
205 971
206 971
207 971
208 971
209 971
210 971
211 971
212 971
213 971
214 971
215 971
216 971
217 971
218 971
219 971
220 971
221 971
222 971
223 971
224 971
225 971
226 971
227 971
228 971
229 971
230 971
231 971
232 971
233 971
234 971
235 971
236 971
237 971
238 971
239 971
240 971
241 971
242 971
243 971
244 971
245 971
246 971
247 971
248 971
249 971
250 971
251 971
252 971
253 971
254 971
255 971
256 971
257 971
258 971
259 971
260 971
261 971
262 971
263 971
264 971
265 971
266 971
267 971
268 971
269 971
270 971
271 971
272 971
273 971
274 971
275 971
276 971
277 971
278 971
279 971
280 971
281 971
282 971
283 971
284 971
285 971
286 971
287 971
288 971
289 971
290 971
291 971
292 971
293 971
294 971
295 971
296 971
297 971
298 971
299 971
300 971
301 971
302 971
303 971
304 971
305 971
306 971
307 971
308 971
309 971
310 971
311 971
312 971
313 971
314 971
315 971
316 971
317 971
318 971
319 971
320 971
321 971
322 971
323 971
324 971
325 971
326 971
327 971
328 971
329 971
330 971
331 971
332 971
333 971
334 971
335 971
336 971
337 971
338 971
339 971
340 971
341 971
342 971
343 971
344 971
345 971
346 971
347 971
348 971
349 971
350 971
351 971
352 971
353 971
354 971
355 971
356 971
357 971
358 971
359 971
360 971
361 971
362 971
363 971
364 971
365 971
366 971
367 971
368 971
369 971
370 971
371 971
372 971
373 971
374 971
375 971
376 971
377 971
378 971
379 971
380 971
381 971
382 971
383 971
384 971
385 971
386 971
387 971
388 971
389 971
390 971
391 971
392 971
393 971
394 971
395 971
396 971
397 971
398 971
399 971
400 971
401 971
402 971
403 971
404 971
405 971
406 971
407 971
408 971
409 971
410 971
411 971
412 971
413 971
414 971
415 971
416 971
417 971
418 971
419 971
420 971
421 971
422 971
423 971
424 971
425 971
426 971
427 971
428 971
429 971
430 971
431 971
432 971
433 971
434 971
435 971
436 971
437 971
438 971
439 971
440 971
441 971
442 971
443 971
444 971
445 971
446 971
447 971
448 971
449 971
450 971
451 971
452 971
453 971
454 971
455 971
456 971
457 971
458 971
459 971
460 971
461 971
462 971
463 971
464 971
465 971
466 971
467 971
468 971
469 971
470 971
471 971
472 971
473 971
474 971
475 971
476 971
477 971
478 971
479 971
480 971
481 971
482 971
483 971
484 971
485 971
486 971
487 971
488 971
489 971
490 971
491 971
492 971
493 971
494 971
495 971
496 971
497 971
498 971
499 971
500 971
501 971
502 971
503 971
504 971
505 971
506 971
507 971
508 971
509 971
510 971
511 971
512 971
513 971
514 971
515 971
516 971
517 971
518 971
519 971
520 971
521 971
522 971
523 971
524 971
525 971
526 971
527 971
528 971
529 971
530 971
531 971
532 971
533 971
534 971
535 971
536 971
537 971
538 971
539 971
540 971
541 971
542 971
543 971
544 971
545 971
546 971
547 971
548 971
549 971
550 971
551 971
552 971
553 971
554 971
555 971
556 971
557 971
558 971
559 971
560 971
561 971
562 971
563 971
564 971
565 971
566 971
567 971
568 971
569 971
570 971
571 971
572 971
573 971
574 971
575 971
576 971
577 971
578 971
579 971
580 971
581 971
582 971
583 971
584 971
585 971
586 971
587 971
588 971
589 971
590 971
591 971
592 971
593 971
594 971
595 971
596 971
597 971
598 971
599 971
600 971
601 971
602 971
603 971
604 971
605 971
606 971
607 971
608 971
609 971
610 971
611 971
612 971
613 971
614 971
615 971
616 971
617 971
618 971
619 971
620 971
621 971
622 971
623 971
624 971
625 971
626 971
627 971
628 971
629 971
630 971
631 971
632 971
633 971
634 971
635 971
636 971
637 971
638 971
639 971
640 971
641 971
642 971
643 971
644 971
645 971
646 971
647 971
648 971
649 971
650 971
651 971
652 971
653 971
654 971
655 971
656 971
657 971
658 971
659 971
660 971
661 971
662 971
663 971
664 971
665 971
666 971
667 971
668 971
669 971
670 971
671 971
672 971
673 971
674 971
675 971
676 971
677 971
678 971
679 971
680 971
681 971
682 971
683 971
684 971
685 971
686 971
687 971
688 971
689 971
690 971
691 971
692 971
693 971
694 971
695 971
696 971
697 971
698 971
699 971
700 971
701 971
702 971
703 971
704 971
705 971
706 971
707 971
708 971
709 971
710 971
711 971
712 971
713 971
714 971
715 971
716 971
717 971
718 971
719 971
720 971
721 971
722 971
723 971
724 971
725 971
726 971
727 971
728 971
729 971
730 971
731 971
732 971
733 971
734 971
735 971
736 971
737 971
738 971
739 971
740 971
741 971
742 971
743 971
744 971
745 971
746 971
747 971
748 971
749 971
750 971
751 971
752 971
753 971
754 971
755 971
756 971
757 971
758 971
759 971
760 971
761 971
762 971
763 971
764 971
765 971
766 971
767 971
768 971
769 971
770 971
771 971
772 971
773 971
774 971
775 971
776 971
777 971
778 971
779 971
780 971
781 971
782 971
783 971
784 971
785 971
786 971
787 971
788 971
789 971
790 971
791 971
792 971
793 971
794 971
795 971
796 971
797 971
798 971
799 971
800 971
801 971
802 971
803 971
804 971
805 971
806 971
807 971
808 971
809 971
810 971
811 971
812 971
813 971
814 971
815 971
816 971
817 971
818 971
819 971
820 971
821 971
822 971
823 971
824 971
825 971
826 971
827 971
828 971
829 971
830 971
831 971
832 971
833 971
834 971
835 971
836 971
837 971
838 971
839 971
840 971
841 971
842 971
843 971
844 971
845 971
846 971
847 971
848 971
849 971
850 971
851 971
852 971
853 971
854 971
855 971
856 971
857 971
858 971
859 971
860 971
861 971
862 971
863 971
864 971
865 971
866 971
867 971
868 971
869 971
870 971
871 971
872 971
873 971
874 971
875 971
876 971
877 971
878 971
879 971
880 971
881 971
882 971
883 971
884 971
885 971
886 971
887 971
888 971
889 971
890 971
891 971
892 971
893 971
894 971
895 971
896 971
897 971
898 971
899 971
900 971
901 971
902 971
903 971
904 971
905 971
906 971
907 971
908 971
909 971
910 971
911 971
912 971
913 971
914 971
915 971
916 971
917 971
918 971
919 971
920 971
921 971
922 971
923 971
924 971
925 971
926 971
927 971
928 971
929 971
930 971
931 971
932 971
933 971
934 971
935 971
936 971
937 971
938 971
939 971
940 971
941 971
942 971
943 971
944 971
945 971
946 971
947 971
948 971
949 971
950 971
951 971
952 971
953 971
954 971
955 971
956 971
957 971
958 971
959 971
960 971
961 971
962 971
963 971
964 971
965 971
966 971
967 971
968 971
969 971
970 971
971 972
