879
878
1 878
2 878
3 878
4 878
5 878
6 878
7 878
8 878
9 878
10 878
11 878
12 878
13 878
14 878
15 878
16 878
17 878
18 878
19 878
20 878
21 878
22 878
23 878
24 878
25 878
26 878
27 878
28 878
29 878
30 878
31 878
32 878
33 878
34 878
35 878
36 878
37 878
38 878
39 878
40 878
41 878
42 878
43 878
44 878
45 878
46 878
47 878
48 878
49 878
50 878
51 878
52 878
53 878
54 878
55 878
56 878
57 878
58 878
59 878
60 878
61 878
62 878
63 878
64 878
65 878
66 878
67 878
68 878
69 878
70 878
71 878
72 878
73 878
74 878
75 878
76 878
77 878
78 878
79 878
80 878
81 878
82 878
83 878
84 878
85 878
86 878
87 878
88 878
89 878
90 878
91 878
92 878
93 878
94 878
95 878
96 878
97 878
98 878
99 878
100 878
101 878
102 878
103 878
104 878
105 878
106 878
107 878
108 878
109 878
110 878
111 878
112 878
113 878
114 878
115 878
116 878
117 878
118 878
119 878
120 878
121 878
122 878
123 878
124 878
125 878
126 878
127 878
128 878
129 878
130 878
131 878
132 878
133 878
134 878
135 878
136 878
137 878
138 878
139 878
140 878
141 878
142 878
143 878
144 878
145 878
146 878
147 878
148 878
149 878
150 878
151 878
152 878
153 878
154 878
155 878
156 878
157 878
158 878
159 878
160 878
161 878
162 878
163 878
164 878
165 878
166 878
167 878
168 878
169 878
170 878
171 878
172 878
173 878
174 878
175 878
176 878
177 878
178 878
179 878
180 878
181 878
182 878
183 878
184 878
185 878
186 878
187 878
188 878
189 878
190 878
191 878
192 878
193 878
194 878
195 878
196 878
197 878
198 878
199 878
200 878
201 878
202 878
203 878
204 878
205 878
206 878
207 878
208 878
209 878
210 878
211 878
212 878
213 878
214 878
215 878
216 878
217 878
218 878
219 878
220 878
221 878
222 878
223 878
224 878
225 878
226 878
227 878
228 878
229 878
230 878
231 878
232 878
233 878
234 878
235 878
236 878
237 878
238 878
239 878
240 878
241 878
242 878
243 878
244 878
245 878
246 878
247 878
248 878
249 878
250 878
251 878
252 878
253 878
254 878
255 878
256 878
257 878
258 878
259 878
260 878
261 878
262 878
263 878
264 878
265 878
266 878
267 878
268 878
269 878
270 878
271 878
272 878
273 878
274 878
275 878
276 878
277 878
278 878
279 878
280 878
281 878
282 878
283 878
284 878
285 878
286 878
287 878
288 878
289 878
290 878
291 878
292 878
293 878
294 878
295 878
296 878
297 878
298 878
299 878
300 878
301 878
302 878
303 878
304 878
305 878
306 878
307 878
308 878
309 878
310 878
311 878
312 878
313 878
314 878
315 878
316 878
317 878
318 878
319 878
320 878
321 878
322 878
323 878
324 878
325 878
326 878
327 878
328 878
329 878
330 878
331 878
332 878
333 878
334 878
335 878
336 878
337 878
338 878
339 878
340 878
341 878
342 878
343 878
344 878
345 878
346 878
347 878
348 878
349 878
350 878
351 878
352 878
353 878
354 878
355 878
356 878
357 878
358 878
359 878
360 878
361 878
362 878
363 878
364 878
365 878
366 878
367 878
368 878
369 878
370 878
371 878
372 878
373 878
374 878
375 878
376 878
377 878
378 878
379 878
380 878
381 878
382 878
383 878
384 878
385 878
386 878
387 878
388 878
389 878
390 878
391 878
392 878
393 878
394 878
395 878
396 878
397 878
398 878
399 878
400 878
401 878
402 878
403 878
404 878
405 878
406 878
407 878
408 878
409 878
410 878
411 878
412 878
413 878
414 878
415 878
416 878
417 878
418 878
419 878
420 878
421 878
422 878
423 878
424 878
425 878
426 878
427 878
428 878
429 878
430 878
431 878
432 878
433 878
434 878
435 878
436 878
437 878
438 878
439 878
440 878
441 878
442 878
443 878
444 878
445 878
446 878
447 878
448 878
449 878
450 878
451 878
452 878
453 878
454 878
455 878
456 878
457 878
458 878
459 878
460 878
461 878
462 878
463 878
464 878
465 878
466 878
467 878
468 878
469 878
470 878
471 878
472 878
473 878
474 878
475 878
476 878
477 878
478 878
479 878
480 878
481 878
482 878
483 878
484 878
485 878
486 878
487 878
488 878
489 878
490 878
491 878
492 878
493 878
494 878
495 878
496 878
497 878
498 878
499 878
500 878
501 878
502 878
503 878
504 878
505 878
506 878
507 878
508 878
509 878
510 878
511 878
512 878
513 878
514 878
515 878
516 878
517 878
518 878
519 878
520 878
521 878
522 878
523 878
524 878
525 878
526 878
527 878
528 878
529 878
530 878
531 878
532 878
533 878
534 878
535 878
536 878
537 878
538 878
539 878
540 878
541 878
542 878
543 878
544 878
545 878
546 878
547 878
548 878
549 878
550 878
551 878
552 878
553 878
554 878
555 878
556 878
557 878
558 878
559 878
560 878
561 878
562 878
563 878
564 878
565 878
566 878
567 878
568 878
569 878
570 878
571 878
572 878
573 878
574 878
575 878
576 878
577 878
578 878
579 878
580 878
581 878
582 878
583 878
584 878
585 878
586 878
587 878
588 878
589 878
590 878
591 878
592 878
593 878
594 878
595 878
596 878
597 878
598 878
599 878
600 878
601 878
602 878
603 878
604 878
605 878
606 878
607 878
608 878
609 878
610 878
611 878
612 878
613 878
614 878
615 878
616 878
617 878
618 878
619 878
620 878
621 878
622 878
623 878
624 878
625 878
626 878
627 878
628 878
629 878
630 878
631 878
632 878
633 878
634 878
635 878
636 878
637 878
638 878
639 878
640 878
641 878
642 878
643 878
644 878
645 878
646 878
647 878
648 878
649 878
650 878
651 878
652 878
653 878
654 878
655 878
656 878
657 878
658 878
659 878
660 878
661 878
662 878
663 878
664 878
665 878
666 878
667 878
668 878
669 878
670 878
671 878
672 878
673 878
674 878
675 878
676 878
677 878
678 878
679 878
680 878
681 878
682 878
683 878
684 878
685 878
686 878
687 878
688 878
689 878
690 878
691 878
692 878
693 878
694 878
695 878
696 878
697 878
698 878
699 878
700 878
701 878
702 878
703 878
704 878
705 878
706 878
707 878
708 878
709 878
710 878
711 878
712 878
713 878
714 878
715 878
716 878
717 878
718 878
719 878
720 878
721 878
722 878
723 878
724 878
725 878
726 878
727 878
728 878
729 878
730 878
731 878
732 878
733 878
734 878
735 878
736 878
737 878
738 878
739 878
740 878
741 878
742 878
743 878
744 878
745 878
746 878
747 878
748 878
749 878
750 878
751 878
752 878
753 878
754 878
755 878
756 878
757 878
758 878
759 878
760 878
761 878
762 878
763 878
764 878
765 878
766 878
767 878
768 878
769 878
770 878
771 878
772 878
773 878
774 878
775 878
776 878
777 878
778 878
779 878
780 878
781 878
782 878
783 878
784 878
785 878
786 878
787 878
788 878
789 878
790 878
791 878
792 878
793 878
794 878
795 878
796 878
797 878
798 878
799 878
800 878
801 878
802 878
803 878
804 878
805 878
806 878
807 878
808 878
809 878
810 878
811 878
812 878
813 878
814 878
815 878
816 878
817 878
818 878
819 878
820 878
821 878
822 878
823 878
824 878
825 878
826 878
827 878
828 878
829 878
830 878
831 878
832 878
833 878
834 878
835 878
836 878
837 878
838 878
839 878
840 878
841 878
842 878
843 878
844 878
845 878
846 878
847 878
848 878
849 878
850 878
851 878
852 878
853 878
854 878
855 878
856 878
857 878
858 878
859 878
860 878
861 878
862 878
863 878
864 878
865 878
866 878
867 878
868 878
869 878
870 878
871 878
872 878
873 878
874 878
875 878
876 878
877 878
878 879
