646
645
1 645
2 645
3 645
4 645
5 645
6 645
7 645
8 645
9 645
10 645
11 645
12 645
13 645
14 645
15 645
16 645
17 645
18 645
19 645
20 645
21 645
22 645
23 645
24 645
25 645
26 645
27 645
28 645
29 645
30 645
31 645
32 645
33 645
34 645
35 645
36 645
37 645
38 645
39 645
40 645
41 645
42 645
43 645
44 645
45 645
46 645
47 645
48 645
49 645
50 645
51 645
52 645
53 645
54 645
55 645
56 645
57 645
58 645
59 645
60 645
61 645
62 645
63 645
64 645
65 645
66 645
67 645
68 645
69 645
70 645
71 645
72 645
73 645
74 645
75 645
76 645
77 645
78 645
79 645
80 645
81 645
82 645
83 645
84 645
85 645
86 645
87 645
88 645
89 645
90 645
91 645
92 645
93 645
94 645
95 645
96 645
97 645
98 645
99 645
100 645
101 645
102 645
103 645
104 645
105 645
106 645
107 645
108 645
109 645
110 645
111 645
112 645
113 645
114 645
115 645
116 645
117 645
118 645
119 645
120 645
121 645
122 645
123 645
124 645
125 645
126 645
127 645
128 645
129 645
130 645
131 645
132 645
133 645
134 645
135 645
136 645
137 645
138 645
139 645
140 645
141 645
142 645
143 645
144 645
145 645
146 645
147 645
148 645
149 645
150 645
151 645
152 645
153 645
154 645
155 645
156 645
157 645
158 645
159 645
160 645
161 645
162 645
163 645
164 645
165 645
166 645
167 645
168 645
169 645
170 645
171 645
172 645
173 645
174 645
175 645
176 645
177 645
178 645
179 645
180 645
181 645
182 645
183 645
184 645
185 645
186 645
187 645
188 645
189 645
190 645
191 645
192 645
193 645
194 645
195 645
196 645
197 645
198 645
199 645
200 645
201 645
202 645
203 645
204 645
205 645
206 645
207 645
208 645
209 645
210 645
211 645
212 645
213 645
214 645
215 645
216 645
217 645
218 645
219 645
220 645
221 645
222 645
223 645
224 645
225 645
226 645
227 645
228 645
229 645
230 645
231 645
232 645
233 645
234 645
235 645
236 645
237 645
238 645
239 645
240 645
241 645
242 645
243 645
244 645
245 645
246 645
247 645
248 645
249 645
250 645
251 645
252 645
253 645
254 645
255 645
256 645
257 645
258 645
259 645
260 645
261 645
262 645
263 645
264 645
265 645
266 645
267 645
268 645
269 645
270 645
271 645
272 645
273 645
274 645
275 645
276 645
277 645
278 645
279 645
280 645
281 645
282 645
283 645
284 645
285 645
286 645
287 645
288 645
289 645
290 645
291 645
292 645
293 645
294 645
295 645
296 645
297 645
298 645
299 645
300 645
301 645
302 645
303 645
304 645
305 645
306 645
307 645
308 645
309 645
310 645
311 645
312 645
313 645
314 645
315 645
316 645
317 645
318 645
319 645
320 645
321 645
322 645
323 645
324 645
325 645
326 645
327 645
328 645
329 645
330 645
331 645
332 645
333 645
334 645
335 645
336 645
337 645
338 645
339 645
340 645
341 645
342 645
343 645
344 645
345 645
346 645
347 645
348 645
349 645
350 645
351 645
352 645
353 645
354 645
355 645
356 645
357 645
358 645
359 645
360 645
361 645
362 645
363 645
364 645
365 645
366 645
367 645
368 645
369 645
370 645
371 645
372 645
373 645
374 645
375 645
376 645
377 645
378 645
379 645
380 645
381 645
382 645
383 645
384 645
385 645
386 645
387 645
388 645
389 645
390 645
391 645
392 645
393 645
394 645
395 645
396 645
397 645
398 645
399 645
400 645
401 645
402 645
403 645
404 645
405 645
406 645
407 645
408 645
409 645
410 645
411 645
412 645
413 645
414 645
415 645
416 645
417 645
418 645
419 645
420 645
421 645
422 645
423 645
424 645
425 645
426 645
427 645
428 645
429 645
430 645
431 645
432 645
433 645
434 645
435 645
436 645
437 645
438 645
439 645
440 645
441 645
442 645
443 645
444 645
445 645
446 645
447 645
448 645
449 645
450 645
451 645
452 645
453 645
454 645
455 645
456 645
457 645
458 645
459 645
460 645
461 645
462 645
463 645
464 645
465 645
466 645
467 645
468 645
469 645
470 645
471 645
472 645
473 645
474 645
475 645
476 645
477 645
478 645
479 645
480 645
481 645
482 645
483 645
484 645
485 645
486 645
487 645
488 645
489 645
490 645
491 645
492 645
493 645
494 645
495 645
496 645
497 645
498 645
499 645
500 645
501 645
502 645
503 645
504 645
505 645
506 645
507 645
508 645
509 645
510 645
511 645
512 645
513 645
514 645
515 645
516 645
517 645
518 645
519 645
520 645
521 645
522 645
523 645
524 645
525 645
526 645
527 645
528 645
529 645
530 645
531 645
532 645
533 645
534 645
535 645
536 645
537 645
538 645
539 645
540 645
541 645
542 645
543 645
544 645
545 645
546 645
547 645
548 645
549 645
550 645
551 645
552 645
553 645
554 645
555 645
556 645
557 645
558 645
559 645
560 645
561 645
562 645
563 645
564 645
565 645
566 645
567 645
568 645
569 645
570 645
571 645
572 645
573 645
574 645
575 645
576 645
577 645
578 645
579 645
580 645
581 645
582 645
583 645
584 645
585 645
586 645
587 645
588 645
589 645
590 645
591 645
592 645
593 645
594 645
595 645
596 645
597 645
598 645
599 645
600 645
601 645
602 645
603 645
604 645
605 645
606 645
607 645
608 645
609 645
610 645
611 645
612 645
613 645
614 645
615 645
616 645
617 645
618 645
619 645
620 645
621 645
622 645
623 645
624 645
625 645
626 645
627 645
628 645
629 645
630 645
631 645
632 645
633 645
634 645
635 645
636 645
637 645
638 645
639 645
640 645
641 645
642 645
643 645
644 645
645 646
