909
908
1 908
2 908
3 908
4 908
5 908
6 908
7 908
8 908
9 908
10 908
11 908
12 908
13 908
14 908
15 908
16 908
17 908
18 908
19 908
20 908
21 908
22 908
23 908
24 908
25 908
26 908
27 908
28 908
29 908
30 908
31 908
32 908
33 908
34 908
35 908
36 908
37 908
38 908
39 908
40 908
41 908
42 908
43 908
44 908
45 908
46 908
47 908
48 908
49 908
50 908
51 908
52 908
53 908
54 908
55 908
56 908
57 908
58 908
59 908
60 908
61 908
62 908
63 908
64 908
65 908
66 908
67 908
68 908
69 908
70 908
71 908
72 908
73 908
74 908
75 908
76 908
77 908
78 908
79 908
80 908
81 908
82 908
83 908
84 908
85 908
86 908
87 908
88 908
89 908
90 908
91 908
92 908
93 908
94 908
95 908
96 908
97 908
98 908
99 908
100 908
101 908
102 908
103 908
104 908
105 908
106 908
107 908
108 908
109 908
110 908
111 908
112 908
113 908
114 908
115 908
116 908
117 908
118 908
119 908
120 908
121 908
122 908
123 908
124 908
125 908
126 908
127 908
128 908
129 908
130 908
131 908
132 908
133 908
134 908
135 908
136 908
137 908
138 908
139 908
140 908
141 908
142 908
143 908
144 908
145 908
146 908
147 908
148 908
149 908
150 908
151 908
152 908
153 908
154 908
155 908
156 908
157 908
158 908
159 908
160 908
161 908
162 908
163 908
164 908
165 908
166 908
167 908
168 908
169 908
170 908
171 908
172 908
173 908
174 908
175 908
176 908
177 908
178 908
179 908
180 908
181 908
182 908
183 908
184 908
185 908
186 908
187 908
188 908
189 908
190 908
191 908
192 908
193 908
194 908
195 908
196 908
197 908
198 908
199 908
200 908
201 908
202 908
203 908
204 908
205 908
206 908
207 908
208 908
209 908
210 908
211 908
212 908
213 908
214 908
215 908
216 908
217 908
218 908
219 908
220 908
221 908
222 908
223 908
224 908
225 908
226 908
227 908
228 908
229 908
230 908
231 908
232 908
233 908
234 908
235 908
236 908
237 908
238 908
239 908
240 908
241 908
242 908
243 908
244 908
245 908
246 908
247 908
248 908
249 908
250 908
251 908
252 908
253 908
254 908
255 908
256 908
257 908
258 908
259 908
260 908
261 908
262 908
263 908
264 908
265 908
266 908
267 908
268 908
269 908
270 908
271 908
272 908
273 908
274 908
275 908
276 908
277 908
278 908
279 908
280 908
281 908
282 908
283 908
284 908
285 908
286 908
287 908
288 908
289 908
290 908
291 908
292 908
293 908
294 908
295 908
296 908
297 908
298 908
299 908
300 908
301 908
302 908
303 908
304 908
305 908
306 908
307 908
308 908
309 908
310 908
311 908
312 908
313 908
314 908
315 908
316 908
317 908
318 908
319 908
320 908
321 908
322 908
323 908
324 908
325 908
326 908
327 908
328 908
329 908
330 908
331 908
332 908
333 908
334 908
335 908
336 908
337 908
338 908
339 908
340 908
341 908
342 908
343 908
344 908
345 908
346 908
347 908
348 908
349 908
350 908
351 908
352 908
353 908
354 908
355 908
356 908
357 908
358 908
359 908
360 908
361 908
362 908
363 908
364 908
365 908
366 908
367 908
368 908
369 908
370 908
371 908
372 908
373 908
374 908
375 908
376 908
377 908
378 908
379 908
380 908
381 908
382 908
383 908
384 908
385 908
386 908
387 908
388 908
389 908
390 908
391 908
392 908
393 908
394 908
395 908
396 908
397 908
398 908
399 908
400 908
401 908
402 908
403 908
404 908
405 908
406 908
407 908
408 908
409 908
410 908
411 908
412 908
413 908
414 908
415 908
416 908
417 908
418 908
419 908
420 908
421 908
422 908
423 908
424 908
425 908
426 908
427 908
428 908
429 908
430 908
431 908
432 908
433 908
434 908
435 908
436 908
437 908
438 908
439 908
440 908
441 908
442 908
443 908
444 908
445 908
446 908
447 908
448 908
449 908
450 908
451 908
452 908
453 908
454 908
455 908
456 908
457 908
458 908
459 908
460 908
461 908
462 908
463 908
464 908
465 908
466 908
467 908
468 908
469 908
470 908
471 908
472 908
473 908
474 908
475 908
476 908
477 908
478 908
479 908
480 908
481 908
482 908
483 908
484 908
485 908
486 908
487 908
488 908
489 908
490 908
491 908
492 908
493 908
494 908
495 908
496 908
497 908
498 908
499 908
500 908
501 908
502 908
503 908
504 908
505 908
506 908
507 908
508 908
509 908
510 908
511 908
512 908
513 908
514 908
515 908
516 908
517 908
518 908
519 908
520 908
521 908
522 908
523 908
524 908
525 908
526 908
527 908
528 908
529 908
530 908
531 908
532 908
533 908
534 908
535 908
536 908
537 908
538 908
539 908
540 908
541 908
542 908
543 908
544 908
545 908
546 908
547 908
548 908
549 908
550 908
551 908
552 908
553 908
554 908
555 908
556 908
557 908
558 908
559 908
560 908
561 908
562 908
563 908
564 908
565 908
566 908
567 908
568 908
569 908
570 908
571 908
572 908
573 908
574 908
575 908
576 908
577 908
578 908
579 908
580 908
581 908
582 908
583 908
584 908
585 908
586 908
587 908
588 908
589 908
590 908
591 908
592 908
593 908
594 908
595 908
596 908
597 908
598 908
599 908
600 908
601 908
602 908
603 908
604 908
605 908
606 908
607 908
608 908
609 908
610 908
611 908
612 908
613 908
614 908
615 908
616 908
617 908
618 908
619 908
620 908
621 908
622 908
623 908
624 908
625 908
626 908
627 908
628 908
629 908
630 908
631 908
632 908
633 908
634 908
635 908
636 908
637 908
638 908
639 908
640 908
641 908
642 908
643 908
644 908
645 908
646 908
647 908
648 908
649 908
650 908
651 908
652 908
653 908
654 908
655 908
656 908
657 908
658 908
659 908
660 908
661 908
662 908
663 908
664 908
665 908
666 908
667 908
668 908
669 908
670 908
671 908
672 908
673 908
674 908
675 908
676 908
677 908
678 908
679 908
680 908
681 908
682 908
683 908
684 908
685 908
686 908
687 908
688 908
689 908
690 908
691 908
692 908
693 908
694 908
695 908
696 908
697 908
698 908
699 908
700 908
701 908
702 908
703 908
704 908
705 908
706 908
707 908
708 908
709 908
710 908
711 908
712 908
713 908
714 908
715 908
716 908
717 908
718 908
719 908
720 908
721 908
722 908
723 908
724 908
725 908
726 908
727 908
728 908
729 908
730 908
731 908
732 908
733 908
734 908
735 908
736 908
737 908
738 908
739 908
740 908
741 908
742 908
743 908
744 908
745 908
746 908
747 908
748 908
749 908
750 908
751 908
752 908
753 908
754 908
755 908
756 908
757 908
758 908
759 908
760 908
761 908
762 908
763 908
764 908
765 908
766 908
767 908
768 908
769 908
770 908
771 908
772 908
773 908
774 908
775 908
776 908
777 908
778 908
779 908
780 908
781 908
782 908
783 908
784 908
785 908
786 908
787 908
788 908
789 908
790 908
791 908
792 908
793 908
794 908
795 908
796 908
797 908
798 908
799 908
800 908
801 908
802 908
803 908
804 908
805 908
806 908
807 908
808 908
809 908
810 908
811 908
812 908
813 908
814 908
815 908
816 908
817 908
818 908
819 908
820 908
821 908
822 908
823 908
824 908
825 908
826 908
827 908
828 908
829 908
830 908
831 908
832 908
833 908
834 908
835 908
836 908
837 908
838 908
839 908
840 908
841 908
842 908
843 908
844 908
845 908
846 908
847 908
848 908
849 908
850 908
851 908
852 908
853 908
854 908
855 908
856 908
857 908
858 908
859 908
860 908
861 908
862 908
863 908
864 908
865 908
866 908
867 908
868 908
869 908
870 908
871 908
872 908
873 908
874 908
875 908
876 908
877 908
878 908
879 908
880 908
881 908
882 908
883 908
884 908
885 908
886 908
887 908
888 908
889 908
890 908
891 908
892 908
893 908
894 908
895 908
896 908
897 908
898 908
899 908
900 908
901 908
902 908
903 908
904 908
905 908
906 908
907 908
908 909
