180
179
1 179
2 179
3 179
4 179
5 179
6 179
7 179
8 179
9 179
10 179
11 179
12 179
13 179
14 179
15 179
16 179
17 179
18 179
19 179
20 179
21 179
22 179
23 179
24 179
25 179
26 179
27 179
28 179
29 179
30 179
31 179
32 179
33 179
34 179
35 179
36 179
37 179
38 179
39 179
40 179
41 179
42 179
43 179
44 179
45 179
46 179
47 179
48 179
49 179
50 179
51 179
52 179
53 179
54 179
55 179
56 179
57 179
58 179
59 179
60 179
61 179
62 179
63 179
64 179
65 179
66 179
67 179
68 179
69 179
70 179
71 179
72 179
73 179
74 179
75 179
76 179
77 179
78 179
79 179
80 179
81 179
82 179
83 179
84 179
85 179
86 179
87 179
88 179
89 179
90 179
91 179
92 179
93 179
94 179
95 179
96 179
97 179
98 179
99 179
100 179
101 179
102 179
103 179
104 179
105 179
106 179
107 179
108 179
109 179
110 179
111 179
112 179
113 179
114 179
115 179
116 179
117 179
118 179
119 179
120 179
121 179
122 179
123 179
124 179
125 179
126 179
127 179
128 179
129 179
130 179
131 179
132 179
133 179
134 179
135 179
136 179
137 179
138 179
139 179
140 179
141 179
142 179
143 179
144 179
145 179
146 179
147 179
148 179
149 179
150 179
151 179
152 179
153 179
154 179
155 179
156 179
157 179
158 179
159 179
160 179
161 179
162 179
163 179
164 179
165 179
166 179
167 179
168 179
169 179
170 179
171 179
172 179
173 179
174 179
175 179
176 179
177 179
178 179
179 180
