692
691
1 691
2 691
3 691
4 691
5 691
6 691
7 691
8 691
9 691
10 691
11 691
12 691
13 691
14 691
15 691
16 691
17 691
18 691
19 691
20 691
21 691
22 691
23 691
24 691
25 691
26 691
27 691
28 691
29 691
30 691
31 691
32 691
33 691
34 691
35 691
36 691
37 691
38 691
39 691
40 691
41 691
42 691
43 691
44 691
45 691
46 691
47 691
48 691
49 691
50 691
51 691
52 691
53 691
54 691
55 691
56 691
57 691
58 691
59 691
60 691
61 691
62 691
63 691
64 691
65 691
66 691
67 691
68 691
69 691
70 691
71 691
72 691
73 691
74 691
75 691
76 691
77 691
78 691
79 691
80 691
81 691
82 691
83 691
84 691
85 691
86 691
87 691
88 691
89 691
90 691
91 691
92 691
93 691
94 691
95 691
96 691
97 691
98 691
99 691
100 691
101 691
102 691
103 691
104 691
105 691
106 691
107 691
108 691
109 691
110 691
111 691
112 691
113 691
114 691
115 691
116 691
117 691
118 691
119 691
120 691
121 691
122 691
123 691
124 691
125 691
126 691
127 691
128 691
129 691
130 691
131 691
132 691
133 691
134 691
135 691
136 691
137 691
138 691
139 691
140 691
141 691
142 691
143 691
144 691
145 691
146 691
147 691
148 691
149 691
150 691
151 691
152 691
153 691
154 691
155 691
156 691
157 691
158 691
159 691
160 691
161 691
162 691
163 691
164 691
165 691
166 691
167 691
168 691
169 691
170 691
171 691
172 691
173 691
174 691
175 691
176 691
177 691
178 691
179 691
180 691
181 691
182 691
183 691
184 691
185 691
186 691
187 691
188 691
189 691
190 691
191 691
192 691
193 691
194 691
195 691
196 691
197 691
198 691
199 691
200 691
201 691
202 691
203 691
204 691
205 691
206 691
207 691
208 691
209 691
210 691
211 691
212 691
213 691
214 691
215 691
216 691
217 691
218 691
219 691
220 691
221 691
222 691
223 691
224 691
225 691
226 691
227 691
228 691
229 691
230 691
231 691
232 691
233 691
234 691
235 691
236 691
237 691
238 691
239 691
240 691
241 691
242 691
243 691
244 691
245 691
246 691
247 691
248 691
249 691
250 691
251 691
252 691
253 691
254 691
255 691
256 691
257 691
258 691
259 691
260 691
261 691
262 691
263 691
264 691
265 691
266 691
267 691
268 691
269 691
270 691
271 691
272 691
273 691
274 691
275 691
276 691
277 691
278 691
279 691
280 691
281 691
282 691
283 691
284 691
285 691
286 691
287 691
288 691
289 691
290 691
291 691
292 691
293 691
294 691
295 691
296 691
297 691
298 691
299 691
300 691
301 691
302 691
303 691
304 691
305 691
306 691
307 691
308 691
309 691
310 691
311 691
312 691
313 691
314 691
315 691
316 691
317 691
318 691
319 691
320 691
321 691
322 691
323 691
324 691
325 691
326 691
327 691
328 691
329 691
330 691
331 691
332 691
333 691
334 691
335 691
336 691
337 691
338 691
339 691
340 691
341 691
342 691
343 691
344 691
345 691
346 691
347 691
348 691
349 691
350 691
351 691
352 691
353 691
354 691
355 691
356 691
357 691
358 691
359 691
360 691
361 691
362 691
363 691
364 691
365 691
366 691
367 691
368 691
369 691
370 691
371 691
372 691
373 691
374 691
375 691
376 691
377 691
378 691
379 691
380 691
381 691
382 691
383 691
384 691
385 691
386 691
387 691
388 691
389 691
390 691
391 691
392 691
393 691
394 691
395 691
396 691
397 691
398 691
399 691
400 691
401 691
402 691
403 691
404 691
405 691
406 691
407 691
408 691
409 691
410 691
411 691
412 691
413 691
414 691
415 691
416 691
417 691
418 691
419 691
420 691
421 691
422 691
423 691
424 691
425 691
426 691
427 691
428 691
429 691
430 691
431 691
432 691
433 691
434 691
435 691
436 691
437 691
438 691
439 691
440 691
441 691
442 691
443 691
444 691
445 691
446 691
447 691
448 691
449 691
450 691
451 691
452 691
453 691
454 691
455 691
456 691
457 691
458 691
459 691
460 691
461 691
462 691
463 691
464 691
465 691
466 691
467 691
468 691
469 691
470 691
471 691
472 691
473 691
474 691
475 691
476 691
477 691
478 691
479 691
480 691
481 691
482 691
483 691
484 691
485 691
486 691
487 691
488 691
489 691
490 691
491 691
492 691
493 691
494 691
495 691
496 691
497 691
498 691
499 691
500 691
501 691
502 691
503 691
504 691
505 691
506 691
507 691
508 691
509 691
510 691
511 691
512 691
513 691
514 691
515 691
516 691
517 691
518 691
519 691
520 691
521 691
522 691
523 691
524 691
525 691
526 691
527 691
528 691
529 691
530 691
531 691
532 691
533 691
534 691
535 691
536 691
537 691
538 691
539 691
540 691
541 691
542 691
543 691
544 691
545 691
546 691
547 691
548 691
549 691
550 691
551 691
552 691
553 691
554 691
555 691
556 691
557 691
558 691
559 691
560 691
561 691
562 691
563 691
564 691
565 691
566 691
567 691
568 691
569 691
570 691
571 691
572 691
573 691
574 691
575 691
576 691
577 691
578 691
579 691
580 691
581 691
582 691
583 691
584 691
585 691
586 691
587 691
588 691
589 691
590 691
591 691
592 691
593 691
594 691
595 691
596 691
597 691
598 691
599 691
600 691
601 691
602 691
603 691
604 691
605 691
606 691
607 691
608 691
609 691
610 691
611 691
612 691
613 691
614 691
615 691
616 691
617 691
618 691
619 691
620 691
621 691
622 691
623 691
624 691
625 691
626 691
627 691
628 691
629 691
630 691
631 691
632 691
633 691
634 691
635 691
636 691
637 691
638 691
639 691
640 691
641 691
642 691
643 691
644 691
645 691
646 691
647 691
648 691
649 691
650 691
651 691
652 691
653 691
654 691
655 691
656 691
657 691
658 691
659 691
660 691
661 691
662 691
663 691
664 691
665 691
666 691
667 691
668 691
669 691
670 691
671 691
672 691
673 691
674 691
675 691
676 691
677 691
678 691
679 691
680 691
681 691
682 691
683 691
684 691
685 691
686 691
687 691
688 691
689 691
690 691
691 692
