565
564
1 564
2 564
3 564
4 564
5 564
6 564
7 564
8 564
9 564
10 564
11 564
12 564
13 564
14 564
15 564
16 564
17 564
18 564
19 564
20 564
21 564
22 564
23 564
24 564
25 564
26 564
27 564
28 564
29 564
30 564
31 564
32 564
33 564
34 564
35 564
36 564
37 564
38 564
39 564
40 564
41 564
42 564
43 564
44 564
45 564
46 564
47 564
48 564
49 564
50 564
51 564
52 564
53 564
54 564
55 564
56 564
57 564
58 564
59 564
60 564
61 564
62 564
63 564
64 564
65 564
66 564
67 564
68 564
69 564
70 564
71 564
72 564
73 564
74 564
75 564
76 564
77 564
78 564
79 564
80 564
81 564
82 564
83 564
84 564
85 564
86 564
87 564
88 564
89 564
90 564
91 564
92 564
93 564
94 564
95 564
96 564
97 564
98 564
99 564
100 564
101 564
102 564
103 564
104 564
105 564
106 564
107 564
108 564
109 564
110 564
111 564
112 564
113 564
114 564
115 564
116 564
117 564
118 564
119 564
120 564
121 564
122 564
123 564
124 564
125 564
126 564
127 564
128 564
129 564
130 564
131 564
132 564
133 564
134 564
135 564
136 564
137 564
138 564
139 564
140 564
141 564
142 564
143 564
144 564
145 564
146 564
147 564
148 564
149 564
150 564
151 564
152 564
153 564
154 564
155 564
156 564
157 564
158 564
159 564
160 564
161 564
162 564
163 564
164 564
165 564
166 564
167 564
168 564
169 564
170 564
171 564
172 564
173 564
174 564
175 564
176 564
177 564
178 564
179 564
180 564
181 564
182 564
183 564
184 564
185 564
186 564
187 564
188 564
189 564
190 564
191 564
192 564
193 564
194 564
195 564
196 564
197 564
198 564
199 564
200 564
201 564
202 564
203 564
204 564
205 564
206 564
207 564
208 564
209 564
210 564
211 564
212 564
213 564
214 564
215 564
216 564
217 564
218 564
219 564
220 564
221 564
222 564
223 564
224 564
225 564
226 564
227 564
228 564
229 564
230 564
231 564
232 564
233 564
234 564
235 564
236 564
237 564
238 564
239 564
240 564
241 564
242 564
243 564
244 564
245 564
246 564
247 564
248 564
249 564
250 564
251 564
252 564
253 564
254 564
255 564
256 564
257 564
258 564
259 564
260 564
261 564
262 564
263 564
264 564
265 564
266 564
267 564
268 564
269 564
270 564
271 564
272 564
273 564
274 564
275 564
276 564
277 564
278 564
279 564
280 564
281 564
282 564
283 564
284 564
285 564
286 564
287 564
288 564
289 564
290 564
291 564
292 564
293 564
294 564
295 564
296 564
297 564
298 564
299 564
300 564
301 564
302 564
303 564
304 564
305 564
306 564
307 564
308 564
309 564
310 564
311 564
312 564
313 564
314 564
315 564
316 564
317 564
318 564
319 564
320 564
321 564
322 564
323 564
324 564
325 564
326 564
327 564
328 564
329 564
330 564
331 564
332 564
333 564
334 564
335 564
336 564
337 564
338 564
339 564
340 564
341 564
342 564
343 564
344 564
345 564
346 564
347 564
348 564
349 564
350 564
351 564
352 564
353 564
354 564
355 564
356 564
357 564
358 564
359 564
360 564
361 564
362 564
363 564
364 564
365 564
366 564
367 564
368 564
369 564
370 564
371 564
372 564
373 564
374 564
375 564
376 564
377 564
378 564
379 564
380 564
381 564
382 564
383 564
384 564
385 564
386 564
387 564
388 564
389 564
390 564
391 564
392 564
393 564
394 564
395 564
396 564
397 564
398 564
399 564
400 564
401 564
402 564
403 564
404 564
405 564
406 564
407 564
408 564
409 564
410 564
411 564
412 564
413 564
414 564
415 564
416 564
417 564
418 564
419 564
420 564
421 564
422 564
423 564
424 564
425 564
426 564
427 564
428 564
429 564
430 564
431 564
432 564
433 564
434 564
435 564
436 564
437 564
438 564
439 564
440 564
441 564
442 564
443 564
444 564
445 564
446 564
447 564
448 564
449 564
450 564
451 564
452 564
453 564
454 564
455 564
456 564
457 564
458 564
459 564
460 564
461 564
462 564
463 564
464 564
465 564
466 564
467 564
468 564
469 564
470 564
471 564
472 564
473 564
474 564
475 564
476 564
477 564
478 564
479 564
480 564
481 564
482 564
483 564
484 564
485 564
486 564
487 564
488 564
489 564
490 564
491 564
492 564
493 564
494 564
495 564
496 564
497 564
498 564
499 564
500 564
501 564
502 564
503 564
504 564
505 564
506 564
507 564
508 564
509 564
510 564
511 564
512 564
513 564
514 564
515 564
516 564
517 564
518 564
519 564
520 564
521 564
522 564
523 564
524 564
525 564
526 564
527 564
528 564
529 564
530 564
531 564
532 564
533 564
534 564
535 564
536 564
537 564
538 564
539 564
540 564
541 564
542 564
543 564
544 564
545 564
546 564
547 564
548 564
549 564
550 564
551 564
552 564
553 564
554 564
555 564
556 564
557 564
558 564
559 564
560 564
561 564
562 564
563 564
564 565
