962
961
1 961
2 961
3 961
4 961
5 961
6 961
7 961
8 961
9 961
10 961
11 961
12 961
13 961
14 961
15 961
16 961
17 961
18 961
19 961
20 961
21 961
22 961
23 961
24 961
25 961
26 961
27 961
28 961
29 961
30 961
31 961
32 961
33 961
34 961
35 961
36 961
37 961
38 961
39 961
40 961
41 961
42 961
43 961
44 961
45 961
46 961
47 961
48 961
49 961
50 961
51 961
52 961
53 961
54 961
55 961
56 961
57 961
58 961
59 961
60 961
61 961
62 961
63 961
64 961
65 961
66 961
67 961
68 961
69 961
70 961
71 961
72 961
73 961
74 961
75 961
76 961
77 961
78 961
79 961
80 961
81 961
82 961
83 961
84 961
85 961
86 961
87 961
88 961
89 961
90 961
91 961
92 961
93 961
94 961
95 961
96 961
97 961
98 961
99 961
100 961
101 961
102 961
103 961
104 961
105 961
106 961
107 961
108 961
109 961
110 961
111 961
112 961
113 961
114 961
115 961
116 961
117 961
118 961
119 961
120 961
121 961
122 961
123 961
124 961
125 961
126 961
127 961
128 961
129 961
130 961
131 961
132 961
133 961
134 961
135 961
136 961
137 961
138 961
139 961
140 961
141 961
142 961
143 961
144 961
145 961
146 961
147 961
148 961
149 961
150 961
151 961
152 961
153 961
154 961
155 961
156 961
157 961
158 961
159 961
160 961
161 961
162 961
163 961
164 961
165 961
166 961
167 961
168 961
169 961
170 961
171 961
172 961
173 961
174 961
175 961
176 961
177 961
178 961
179 961
180 961
181 961
182 961
183 961
184 961
185 961
186 961
187 961
188 961
189 961
190 961
191 961
192 961
193 961
194 961
195 961
196 961
197 961
198 961
199 961
200 961
201 961
202 961
203 961
204 961
205 961
206 961
207 961
208 961
209 961
210 961
211 961
212 961
213 961
214 961
215 961
216 961
217 961
218 961
219 961
220 961
221 961
222 961
223 961
224 961
225 961
226 961
227 961
228 961
229 961
230 961
231 961
232 961
233 961
234 961
235 961
236 961
237 961
238 961
239 961
240 961
241 961
242 961
243 961
244 961
245 961
246 961
247 961
248 961
249 961
250 961
251 961
252 961
253 961
254 961
255 961
256 961
257 961
258 961
259 961
260 961
261 961
262 961
263 961
264 961
265 961
266 961
267 961
268 961
269 961
270 961
271 961
272 961
273 961
274 961
275 961
276 961
277 961
278 961
279 961
280 961
281 961
282 961
283 961
284 961
285 961
286 961
287 961
288 961
289 961
290 961
291 961
292 961
293 961
294 961
295 961
296 961
297 961
298 961
299 961
300 961
301 961
302 961
303 961
304 961
305 961
306 961
307 961
308 961
309 961
310 961
311 961
312 961
313 961
314 961
315 961
316 961
317 961
318 961
319 961
320 961
321 961
322 961
323 961
324 961
325 961
326 961
327 961
328 961
329 961
330 961
331 961
332 961
333 961
334 961
335 961
336 961
337 961
338 961
339 961
340 961
341 961
342 961
343 961
344 961
345 961
346 961
347 961
348 961
349 961
350 961
351 961
352 961
353 961
354 961
355 961
356 961
357 961
358 961
359 961
360 961
361 961
362 961
363 961
364 961
365 961
366 961
367 961
368 961
369 961
370 961
371 961
372 961
373 961
374 961
375 961
376 961
377 961
378 961
379 961
380 961
381 961
382 961
383 961
384 961
385 961
386 961
387 961
388 961
389 961
390 961
391 961
392 961
393 961
394 961
395 961
396 961
397 961
398 961
399 961
400 961
401 961
402 961
403 961
404 961
405 961
406 961
407 961
408 961
409 961
410 961
411 961
412 961
413 961
414 961
415 961
416 961
417 961
418 961
419 961
420 961
421 961
422 961
423 961
424 961
425 961
426 961
427 961
428 961
429 961
430 961
431 961
432 961
433 961
434 961
435 961
436 961
437 961
438 961
439 961
440 961
441 961
442 961
443 961
444 961
445 961
446 961
447 961
448 961
449 961
450 961
451 961
452 961
453 961
454 961
455 961
456 961
457 961
458 961
459 961
460 961
461 961
462 961
463 961
464 961
465 961
466 961
467 961
468 961
469 961
470 961
471 961
472 961
473 961
474 961
475 961
476 961
477 961
478 961
479 961
480 961
481 961
482 961
483 961
484 961
485 961
486 961
487 961
488 961
489 961
490 961
491 961
492 961
493 961
494 961
495 961
496 961
497 961
498 961
499 961
500 961
501 961
502 961
503 961
504 961
505 961
506 961
507 961
508 961
509 961
510 961
511 961
512 961
513 961
514 961
515 961
516 961
517 961
518 961
519 961
520 961
521 961
522 961
523 961
524 961
525 961
526 961
527 961
528 961
529 961
530 961
531 961
532 961
533 961
534 961
535 961
536 961
537 961
538 961
539 961
540 961
541 961
542 961
543 961
544 961
545 961
546 961
547 961
548 961
549 961
550 961
551 961
552 961
553 961
554 961
555 961
556 961
557 961
558 961
559 961
560 961
561 961
562 961
563 961
564 961
565 961
566 961
567 961
568 961
569 961
570 961
571 961
572 961
573 961
574 961
575 961
576 961
577 961
578 961
579 961
580 961
581 961
582 961
583 961
584 961
585 961
586 961
587 961
588 961
589 961
590 961
591 961
592 961
593 961
594 961
595 961
596 961
597 961
598 961
599 961
600 961
601 961
602 961
603 961
604 961
605 961
606 961
607 961
608 961
609 961
610 961
611 961
612 961
613 961
614 961
615 961
616 961
617 961
618 961
619 961
620 961
621 961
622 961
623 961
624 961
625 961
626 961
627 961
628 961
629 961
630 961
631 961
632 961
633 961
634 961
635 961
636 961
637 961
638 961
639 961
640 961
641 961
642 961
643 961
644 961
645 961
646 961
647 961
648 961
649 961
650 961
651 961
652 961
653 961
654 961
655 961
656 961
657 961
658 961
659 961
660 961
661 961
662 961
663 961
664 961
665 961
666 961
667 961
668 961
669 961
670 961
671 961
672 961
673 961
674 961
675 961
676 961
677 961
678 961
679 961
680 961
681 961
682 961
683 961
684 961
685 961
686 961
687 961
688 961
689 961
690 961
691 961
692 961
693 961
694 961
695 961
696 961
697 961
698 961
699 961
700 961
701 961
702 961
703 961
704 961
705 961
706 961
707 961
708 961
709 961
710 961
711 961
712 961
713 961
714 961
715 961
716 961
717 961
718 961
719 961
720 961
721 961
722 961
723 961
724 961
725 961
726 961
727 961
728 961
729 961
730 961
731 961
732 961
733 961
734 961
735 961
736 961
737 961
738 961
739 961
740 961
741 961
742 961
743 961
744 961
745 961
746 961
747 961
748 961
749 961
750 961
751 961
752 961
753 961
754 961
755 961
756 961
757 961
758 961
759 961
760 961
761 961
762 961
763 961
764 961
765 961
766 961
767 961
768 961
769 961
770 961
771 961
772 961
773 961
774 961
775 961
776 961
777 961
778 961
779 961
780 961
781 961
782 961
783 961
784 961
785 961
786 961
787 961
788 961
789 961
790 961
791 961
792 961
793 961
794 961
795 961
796 961
797 961
798 961
799 961
800 961
801 961
802 961
803 961
804 961
805 961
806 961
807 961
808 961
809 961
810 961
811 961
812 961
813 961
814 961
815 961
816 961
817 961
818 961
819 961
820 961
821 961
822 961
823 961
824 961
825 961
826 961
827 961
828 961
829 961
830 961
831 961
832 961
833 961
834 961
835 961
836 961
837 961
838 961
839 961
840 961
841 961
842 961
843 961
844 961
845 961
846 961
847 961
848 961
849 961
850 961
851 961
852 961
853 961
854 961
855 961
856 961
857 961
858 961
859 961
860 961
861 961
862 961
863 961
864 961
865 961
866 961
867 961
868 961
869 961
870 961
871 961
872 961
873 961
874 961
875 961
876 961
877 961
878 961
879 961
880 961
881 961
882 961
883 961
884 961
885 961
886 961
887 961
888 961
889 961
890 961
891 961
892 961
893 961
894 961
895 961
896 961
897 961
898 961
899 961
900 961
901 961
902 961
903 961
904 961
905 961
906 961
907 961
908 961
909 961
910 961
911 961
912 961
913 961
914 961
915 961
916 961
917 961
918 961
919 961
920 961
921 961
922 961
923 961
924 961
925 961
926 961
927 961
928 961
929 961
930 961
931 961
932 961
933 961
934 961
935 961
936 961
937 961
938 961
939 961
940 961
941 961
942 961
943 961
944 961
945 961
946 961
947 961
948 961
949 961
950 961
951 961
952 961
953 961
954 961
955 961
956 961
957 961
958 961
959 961
960 961
961 962
