174
173
1 173
2 173
3 173
4 173
5 173
6 173
7 173
8 173
9 173
10 173
11 173
12 173
13 173
14 173
15 173
16 173
17 173
18 173
19 173
20 173
21 173
22 173
23 173
24 173
25 173
26 173
27 173
28 173
29 173
30 173
31 173
32 173
33 173
34 173
35 173
36 173
37 173
38 173
39 173
40 173
41 173
42 173
43 173
44 173
45 173
46 173
47 173
48 173
49 173
50 173
51 173
52 173
53 173
54 173
55 173
56 173
57 173
58 173
59 173
60 173
61 173
62 173
63 173
64 173
65 173
66 173
67 173
68 173
69 173
70 173
71 173
72 173
73 173
74 173
75 173
76 173
77 173
78 173
79 173
80 173
81 173
82 173
83 173
84 173
85 173
86 173
87 173
88 173
89 173
90 173
91 173
92 173
93 173
94 173
95 173
96 173
97 173
98 173
99 173
100 173
101 173
102 173
103 173
104 173
105 173
106 173
107 173
108 173
109 173
110 173
111 173
112 173
113 173
114 173
115 173
116 173
117 173
118 173
119 173
120 173
121 173
122 173
123 173
124 173
125 173
126 173
127 173
128 173
129 173
130 173
131 173
132 173
133 173
134 173
135 173
136 173
137 173
138 173
139 173
140 173
141 173
142 173
143 173
144 173
145 173
146 173
147 173
148 173
149 173
150 173
151 173
152 173
153 173
154 173
155 173
156 173
157 173
158 173
159 173
160 173
161 173
162 173
163 173
164 173
165 173
166 173
167 173
168 173
169 173
170 173
171 173
172 173
173 174
