687
686
1 686
2 686
3 686
4 686
5 686
6 686
7 686
8 686
9 686
10 686
11 686
12 686
13 686
14 686
15 686
16 686
17 686
18 686
19 686
20 686
21 686
22 686
23 686
24 686
25 686
26 686
27 686
28 686
29 686
30 686
31 686
32 686
33 686
34 686
35 686
36 686
37 686
38 686
39 686
40 686
41 686
42 686
43 686
44 686
45 686
46 686
47 686
48 686
49 686
50 686
51 686
52 686
53 686
54 686
55 686
56 686
57 686
58 686
59 686
60 686
61 686
62 686
63 686
64 686
65 686
66 686
67 686
68 686
69 686
70 686
71 686
72 686
73 686
74 686
75 686
76 686
77 686
78 686
79 686
80 686
81 686
82 686
83 686
84 686
85 686
86 686
87 686
88 686
89 686
90 686
91 686
92 686
93 686
94 686
95 686
96 686
97 686
98 686
99 686
100 686
101 686
102 686
103 686
104 686
105 686
106 686
107 686
108 686
109 686
110 686
111 686
112 686
113 686
114 686
115 686
116 686
117 686
118 686
119 686
120 686
121 686
122 686
123 686
124 686
125 686
126 686
127 686
128 686
129 686
130 686
131 686
132 686
133 686
134 686
135 686
136 686
137 686
138 686
139 686
140 686
141 686
142 686
143 686
144 686
145 686
146 686
147 686
148 686
149 686
150 686
151 686
152 686
153 686
154 686
155 686
156 686
157 686
158 686
159 686
160 686
161 686
162 686
163 686
164 686
165 686
166 686
167 686
168 686
169 686
170 686
171 686
172 686
173 686
174 686
175 686
176 686
177 686
178 686
179 686
180 686
181 686
182 686
183 686
184 686
185 686
186 686
187 686
188 686
189 686
190 686
191 686
192 686
193 686
194 686
195 686
196 686
197 686
198 686
199 686
200 686
201 686
202 686
203 686
204 686
205 686
206 686
207 686
208 686
209 686
210 686
211 686
212 686
213 686
214 686
215 686
216 686
217 686
218 686
219 686
220 686
221 686
222 686
223 686
224 686
225 686
226 686
227 686
228 686
229 686
230 686
231 686
232 686
233 686
234 686
235 686
236 686
237 686
238 686
239 686
240 686
241 686
242 686
243 686
244 686
245 686
246 686
247 686
248 686
249 686
250 686
251 686
252 686
253 686
254 686
255 686
256 686
257 686
258 686
259 686
260 686
261 686
262 686
263 686
264 686
265 686
266 686
267 686
268 686
269 686
270 686
271 686
272 686
273 686
274 686
275 686
276 686
277 686
278 686
279 686
280 686
281 686
282 686
283 686
284 686
285 686
286 686
287 686
288 686
289 686
290 686
291 686
292 686
293 686
294 686
295 686
296 686
297 686
298 686
299 686
300 686
301 686
302 686
303 686
304 686
305 686
306 686
307 686
308 686
309 686
310 686
311 686
312 686
313 686
314 686
315 686
316 686
317 686
318 686
319 686
320 686
321 686
322 686
323 686
324 686
325 686
326 686
327 686
328 686
329 686
330 686
331 686
332 686
333 686
334 686
335 686
336 686
337 686
338 686
339 686
340 686
341 686
342 686
343 686
344 686
345 686
346 686
347 686
348 686
349 686
350 686
351 686
352 686
353 686
354 686
355 686
356 686
357 686
358 686
359 686
360 686
361 686
362 686
363 686
364 686
365 686
366 686
367 686
368 686
369 686
370 686
371 686
372 686
373 686
374 686
375 686
376 686
377 686
378 686
379 686
380 686
381 686
382 686
383 686
384 686
385 686
386 686
387 686
388 686
389 686
390 686
391 686
392 686
393 686
394 686
395 686
396 686
397 686
398 686
399 686
400 686
401 686
402 686
403 686
404 686
405 686
406 686
407 686
408 686
409 686
410 686
411 686
412 686
413 686
414 686
415 686
416 686
417 686
418 686
419 686
420 686
421 686
422 686
423 686
424 686
425 686
426 686
427 686
428 686
429 686
430 686
431 686
432 686
433 686
434 686
435 686
436 686
437 686
438 686
439 686
440 686
441 686
442 686
443 686
444 686
445 686
446 686
447 686
448 686
449 686
450 686
451 686
452 686
453 686
454 686
455 686
456 686
457 686
458 686
459 686
460 686
461 686
462 686
463 686
464 686
465 686
466 686
467 686
468 686
469 686
470 686
471 686
472 686
473 686
474 686
475 686
476 686
477 686
478 686
479 686
480 686
481 686
482 686
483 686
484 686
485 686
486 686
487 686
488 686
489 686
490 686
491 686
492 686
493 686
494 686
495 686
496 686
497 686
498 686
499 686
500 686
501 686
502 686
503 686
504 686
505 686
506 686
507 686
508 686
509 686
510 686
511 686
512 686
513 686
514 686
515 686
516 686
517 686
518 686
519 686
520 686
521 686
522 686
523 686
524 686
525 686
526 686
527 686
528 686
529 686
530 686
531 686
532 686
533 686
534 686
535 686
536 686
537 686
538 686
539 686
540 686
541 686
542 686
543 686
544 686
545 686
546 686
547 686
548 686
549 686
550 686
551 686
552 686
553 686
554 686
555 686
556 686
557 686
558 686
559 686
560 686
561 686
562 686
563 686
564 686
565 686
566 686
567 686
568 686
569 686
570 686
571 686
572 686
573 686
574 686
575 686
576 686
577 686
578 686
579 686
580 686
581 686
582 686
583 686
584 686
585 686
586 686
587 686
588 686
589 686
590 686
591 686
592 686
593 686
594 686
595 686
596 686
597 686
598 686
599 686
600 686
601 686
602 686
603 686
604 686
605 686
606 686
607 686
608 686
609 686
610 686
611 686
612 686
613 686
614 686
615 686
616 686
617 686
618 686
619 686
620 686
621 686
622 686
623 686
624 686
625 686
626 686
627 686
628 686
629 686
630 686
631 686
632 686
633 686
634 686
635 686
636 686
637 686
638 686
639 686
640 686
641 686
642 686
643 686
644 686
645 686
646 686
647 686
648 686
649 686
650 686
651 686
652 686
653 686
654 686
655 686
656 686
657 686
658 686
659 686
660 686
661 686
662 686
663 686
664 686
665 686
666 686
667 686
668 686
669 686
670 686
671 686
672 686
673 686
674 686
675 686
676 686
677 686
678 686
679 686
680 686
681 686
682 686
683 686
684 686
685 686
686 687
