918
917
1 917
2 917
3 917
4 917
5 917
6 917
7 917
8 917
9 917
10 917
11 917
12 917
13 917
14 917
15 917
16 917
17 917
18 917
19 917
20 917
21 917
22 917
23 917
24 917
25 917
26 917
27 917
28 917
29 917
30 917
31 917
32 917
33 917
34 917
35 917
36 917
37 917
38 917
39 917
40 917
41 917
42 917
43 917
44 917
45 917
46 917
47 917
48 917
49 917
50 917
51 917
52 917
53 917
54 917
55 917
56 917
57 917
58 917
59 917
60 917
61 917
62 917
63 917
64 917
65 917
66 917
67 917
68 917
69 917
70 917
71 917
72 917
73 917
74 917
75 917
76 917
77 917
78 917
79 917
80 917
81 917
82 917
83 917
84 917
85 917
86 917
87 917
88 917
89 917
90 917
91 917
92 917
93 917
94 917
95 917
96 917
97 917
98 917
99 917
100 917
101 917
102 917
103 917
104 917
105 917
106 917
107 917
108 917
109 917
110 917
111 917
112 917
113 917
114 917
115 917
116 917
117 917
118 917
119 917
120 917
121 917
122 917
123 917
124 917
125 917
126 917
127 917
128 917
129 917
130 917
131 917
132 917
133 917
134 917
135 917
136 917
137 917
138 917
139 917
140 917
141 917
142 917
143 917
144 917
145 917
146 917
147 917
148 917
149 917
150 917
151 917
152 917
153 917
154 917
155 917
156 917
157 917
158 917
159 917
160 917
161 917
162 917
163 917
164 917
165 917
166 917
167 917
168 917
169 917
170 917
171 917
172 917
173 917
174 917
175 917
176 917
177 917
178 917
179 917
180 917
181 917
182 917
183 917
184 917
185 917
186 917
187 917
188 917
189 917
190 917
191 917
192 917
193 917
194 917
195 917
196 917
197 917
198 917
199 917
200 917
201 917
202 917
203 917
204 917
205 917
206 917
207 917
208 917
209 917
210 917
211 917
212 917
213 917
214 917
215 917
216 917
217 917
218 917
219 917
220 917
221 917
222 917
223 917
224 917
225 917
226 917
227 917
228 917
229 917
230 917
231 917
232 917
233 917
234 917
235 917
236 917
237 917
238 917
239 917
240 917
241 917
242 917
243 917
244 917
245 917
246 917
247 917
248 917
249 917
250 917
251 917
252 917
253 917
254 917
255 917
256 917
257 917
258 917
259 917
260 917
261 917
262 917
263 917
264 917
265 917
266 917
267 917
268 917
269 917
270 917
271 917
272 917
273 917
274 917
275 917
276 917
277 917
278 917
279 917
280 917
281 917
282 917
283 917
284 917
285 917
286 917
287 917
288 917
289 917
290 917
291 917
292 917
293 917
294 917
295 917
296 917
297 917
298 917
299 917
300 917
301 917
302 917
303 917
304 917
305 917
306 917
307 917
308 917
309 917
310 917
311 917
312 917
313 917
314 917
315 917
316 917
317 917
318 917
319 917
320 917
321 917
322 917
323 917
324 917
325 917
326 917
327 917
328 917
329 917
330 917
331 917
332 917
333 917
334 917
335 917
336 917
337 917
338 917
339 917
340 917
341 917
342 917
343 917
344 917
345 917
346 917
347 917
348 917
349 917
350 917
351 917
352 917
353 917
354 917
355 917
356 917
357 917
358 917
359 917
360 917
361 917
362 917
363 917
364 917
365 917
366 917
367 917
368 917
369 917
370 917
371 917
372 917
373 917
374 917
375 917
376 917
377 917
378 917
379 917
380 917
381 917
382 917
383 917
384 917
385 917
386 917
387 917
388 917
389 917
390 917
391 917
392 917
393 917
394 917
395 917
396 917
397 917
398 917
399 917
400 917
401 917
402 917
403 917
404 917
405 917
406 917
407 917
408 917
409 917
410 917
411 917
412 917
413 917
414 917
415 917
416 917
417 917
418 917
419 917
420 917
421 917
422 917
423 917
424 917
425 917
426 917
427 917
428 917
429 917
430 917
431 917
432 917
433 917
434 917
435 917
436 917
437 917
438 917
439 917
440 917
441 917
442 917
443 917
444 917
445 917
446 917
447 917
448 917
449 917
450 917
451 917
452 917
453 917
454 917
455 917
456 917
457 917
458 917
459 917
460 917
461 917
462 917
463 917
464 917
465 917
466 917
467 917
468 917
469 917
470 917
471 917
472 917
473 917
474 917
475 917
476 917
477 917
478 917
479 917
480 917
481 917
482 917
483 917
484 917
485 917
486 917
487 917
488 917
489 917
490 917
491 917
492 917
493 917
494 917
495 917
496 917
497 917
498 917
499 917
500 917
501 917
502 917
503 917
504 917
505 917
506 917
507 917
508 917
509 917
510 917
511 917
512 917
513 917
514 917
515 917
516 917
517 917
518 917
519 917
520 917
521 917
522 917
523 917
524 917
525 917
526 917
527 917
528 917
529 917
530 917
531 917
532 917
533 917
534 917
535 917
536 917
537 917
538 917
539 917
540 917
541 917
542 917
543 917
544 917
545 917
546 917
547 917
548 917
549 917
550 917
551 917
552 917
553 917
554 917
555 917
556 917
557 917
558 917
559 917
560 917
561 917
562 917
563 917
564 917
565 917
566 917
567 917
568 917
569 917
570 917
571 917
572 917
573 917
574 917
575 917
576 917
577 917
578 917
579 917
580 917
581 917
582 917
583 917
584 917
585 917
586 917
587 917
588 917
589 917
590 917
591 917
592 917
593 917
594 917
595 917
596 917
597 917
598 917
599 917
600 917
601 917
602 917
603 917
604 917
605 917
606 917
607 917
608 917
609 917
610 917
611 917
612 917
613 917
614 917
615 917
616 917
617 917
618 917
619 917
620 917
621 917
622 917
623 917
624 917
625 917
626 917
627 917
628 917
629 917
630 917
631 917
632 917
633 917
634 917
635 917
636 917
637 917
638 917
639 917
640 917
641 917
642 917
643 917
644 917
645 917
646 917
647 917
648 917
649 917
650 917
651 917
652 917
653 917
654 917
655 917
656 917
657 917
658 917
659 917
660 917
661 917
662 917
663 917
664 917
665 917
666 917
667 917
668 917
669 917
670 917
671 917
672 917
673 917
674 917
675 917
676 917
677 917
678 917
679 917
680 917
681 917
682 917
683 917
684 917
685 917
686 917
687 917
688 917
689 917
690 917
691 917
692 917
693 917
694 917
695 917
696 917
697 917
698 917
699 917
700 917
701 917
702 917
703 917
704 917
705 917
706 917
707 917
708 917
709 917
710 917
711 917
712 917
713 917
714 917
715 917
716 917
717 917
718 917
719 917
720 917
721 917
722 917
723 917
724 917
725 917
726 917
727 917
728 917
729 917
730 917
731 917
732 917
733 917
734 917
735 917
736 917
737 917
738 917
739 917
740 917
741 917
742 917
743 917
744 917
745 917
746 917
747 917
748 917
749 917
750 917
751 917
752 917
753 917
754 917
755 917
756 917
757 917
758 917
759 917
760 917
761 917
762 917
763 917
764 917
765 917
766 917
767 917
768 917
769 917
770 917
771 917
772 917
773 917
774 917
775 917
776 917
777 917
778 917
779 917
780 917
781 917
782 917
783 917
784 917
785 917
786 917
787 917
788 917
789 917
790 917
791 917
792 917
793 917
794 917
795 917
796 917
797 917
798 917
799 917
800 917
801 917
802 917
803 917
804 917
805 917
806 917
807 917
808 917
809 917
810 917
811 917
812 917
813 917
814 917
815 917
816 917
817 917
818 917
819 917
820 917
821 917
822 917
823 917
824 917
825 917
826 917
827 917
828 917
829 917
830 917
831 917
832 917
833 917
834 917
835 917
836 917
837 917
838 917
839 917
840 917
841 917
842 917
843 917
844 917
845 917
846 917
847 917
848 917
849 917
850 917
851 917
852 917
853 917
854 917
855 917
856 917
857 917
858 917
859 917
860 917
861 917
862 917
863 917
864 917
865 917
866 917
867 917
868 917
869 917
870 917
871 917
872 917
873 917
874 917
875 917
876 917
877 917
878 917
879 917
880 917
881 917
882 917
883 917
884 917
885 917
886 917
887 917
888 917
889 917
890 917
891 917
892 917
893 917
894 917
895 917
896 917
897 917
898 917
899 917
900 917
901 917
902 917
903 917
904 917
905 917
906 917
907 917
908 917
909 917
910 917
911 917
912 917
913 917
914 917
915 917
916 917
917 918
