628
627
1 627
2 627
3 627
4 627
5 627
6 627
7 627
8 627
9 627
10 627
11 627
12 627
13 627
14 627
15 627
16 627
17 627
18 627
19 627
20 627
21 627
22 627
23 627
24 627
25 627
26 627
27 627
28 627
29 627
30 627
31 627
32 627
33 627
34 627
35 627
36 627
37 627
38 627
39 627
40 627
41 627
42 627
43 627
44 627
45 627
46 627
47 627
48 627
49 627
50 627
51 627
52 627
53 627
54 627
55 627
56 627
57 627
58 627
59 627
60 627
61 627
62 627
63 627
64 627
65 627
66 627
67 627
68 627
69 627
70 627
71 627
72 627
73 627
74 627
75 627
76 627
77 627
78 627
79 627
80 627
81 627
82 627
83 627
84 627
85 627
86 627
87 627
88 627
89 627
90 627
91 627
92 627
93 627
94 627
95 627
96 627
97 627
98 627
99 627
100 627
101 627
102 627
103 627
104 627
105 627
106 627
107 627
108 627
109 627
110 627
111 627
112 627
113 627
114 627
115 627
116 627
117 627
118 627
119 627
120 627
121 627
122 627
123 627
124 627
125 627
126 627
127 627
128 627
129 627
130 627
131 627
132 627
133 627
134 627
135 627
136 627
137 627
138 627
139 627
140 627
141 627
142 627
143 627
144 627
145 627
146 627
147 627
148 627
149 627
150 627
151 627
152 627
153 627
154 627
155 627
156 627
157 627
158 627
159 627
160 627
161 627
162 627
163 627
164 627
165 627
166 627
167 627
168 627
169 627
170 627
171 627
172 627
173 627
174 627
175 627
176 627
177 627
178 627
179 627
180 627
181 627
182 627
183 627
184 627
185 627
186 627
187 627
188 627
189 627
190 627
191 627
192 627
193 627
194 627
195 627
196 627
197 627
198 627
199 627
200 627
201 627
202 627
203 627
204 627
205 627
206 627
207 627
208 627
209 627
210 627
211 627
212 627
213 627
214 627
215 627
216 627
217 627
218 627
219 627
220 627
221 627
222 627
223 627
224 627
225 627
226 627
227 627
228 627
229 627
230 627
231 627
232 627
233 627
234 627
235 627
236 627
237 627
238 627
239 627
240 627
241 627
242 627
243 627
244 627
245 627
246 627
247 627
248 627
249 627
250 627
251 627
252 627
253 627
254 627
255 627
256 627
257 627
258 627
259 627
260 627
261 627
262 627
263 627
264 627
265 627
266 627
267 627
268 627
269 627
270 627
271 627
272 627
273 627
274 627
275 627
276 627
277 627
278 627
279 627
280 627
281 627
282 627
283 627
284 627
285 627
286 627
287 627
288 627
289 627
290 627
291 627
292 627
293 627
294 627
295 627
296 627
297 627
298 627
299 627
300 627
301 627
302 627
303 627
304 627
305 627
306 627
307 627
308 627
309 627
310 627
311 627
312 627
313 627
314 627
315 627
316 627
317 627
318 627
319 627
320 627
321 627
322 627
323 627
324 627
325 627
326 627
327 627
328 627
329 627
330 627
331 627
332 627
333 627
334 627
335 627
336 627
337 627
338 627
339 627
340 627
341 627
342 627
343 627
344 627
345 627
346 627
347 627
348 627
349 627
350 627
351 627
352 627
353 627
354 627
355 627
356 627
357 627
358 627
359 627
360 627
361 627
362 627
363 627
364 627
365 627
366 627
367 627
368 627
369 627
370 627
371 627
372 627
373 627
374 627
375 627
376 627
377 627
378 627
379 627
380 627
381 627
382 627
383 627
384 627
385 627
386 627
387 627
388 627
389 627
390 627
391 627
392 627
393 627
394 627
395 627
396 627
397 627
398 627
399 627
400 627
401 627
402 627
403 627
404 627
405 627
406 627
407 627
408 627
409 627
410 627
411 627
412 627
413 627
414 627
415 627
416 627
417 627
418 627
419 627
420 627
421 627
422 627
423 627
424 627
425 627
426 627
427 627
428 627
429 627
430 627
431 627
432 627
433 627
434 627
435 627
436 627
437 627
438 627
439 627
440 627
441 627
442 627
443 627
444 627
445 627
446 627
447 627
448 627
449 627
450 627
451 627
452 627
453 627
454 627
455 627
456 627
457 627
458 627
459 627
460 627
461 627
462 627
463 627
464 627
465 627
466 627
467 627
468 627
469 627
470 627
471 627
472 627
473 627
474 627
475 627
476 627
477 627
478 627
479 627
480 627
481 627
482 627
483 627
484 627
485 627
486 627
487 627
488 627
489 627
490 627
491 627
492 627
493 627
494 627
495 627
496 627
497 627
498 627
499 627
500 627
501 627
502 627
503 627
504 627
505 627
506 627
507 627
508 627
509 627
510 627
511 627
512 627
513 627
514 627
515 627
516 627
517 627
518 627
519 627
520 627
521 627
522 627
523 627
524 627
525 627
526 627
527 627
528 627
529 627
530 627
531 627
532 627
533 627
534 627
535 627
536 627
537 627
538 627
539 627
540 627
541 627
542 627
543 627
544 627
545 627
546 627
547 627
548 627
549 627
550 627
551 627
552 627
553 627
554 627
555 627
556 627
557 627
558 627
559 627
560 627
561 627
562 627
563 627
564 627
565 627
566 627
567 627
568 627
569 627
570 627
571 627
572 627
573 627
574 627
575 627
576 627
577 627
578 627
579 627
580 627
581 627
582 627
583 627
584 627
585 627
586 627
587 627
588 627
589 627
590 627
591 627
592 627
593 627
594 627
595 627
596 627
597 627
598 627
599 627
600 627
601 627
602 627
603 627
604 627
605 627
606 627
607 627
608 627
609 627
610 627
611 627
612 627
613 627
614 627
615 627
616 627
617 627
618 627
619 627
620 627
621 627
622 627
623 627
624 627
625 627
626 627
627 628
