766
765
1 765
2 765
3 765
4 765
5 765
6 765
7 765
8 765
9 765
10 765
11 765
12 765
13 765
14 765
15 765
16 765
17 765
18 765
19 765
20 765
21 765
22 765
23 765
24 765
25 765
26 765
27 765
28 765
29 765
30 765
31 765
32 765
33 765
34 765
35 765
36 765
37 765
38 765
39 765
40 765
41 765
42 765
43 765
44 765
45 765
46 765
47 765
48 765
49 765
50 765
51 765
52 765
53 765
54 765
55 765
56 765
57 765
58 765
59 765
60 765
61 765
62 765
63 765
64 765
65 765
66 765
67 765
68 765
69 765
70 765
71 765
72 765
73 765
74 765
75 765
76 765
77 765
78 765
79 765
80 765
81 765
82 765
83 765
84 765
85 765
86 765
87 765
88 765
89 765
90 765
91 765
92 765
93 765
94 765
95 765
96 765
97 765
98 765
99 765
100 765
101 765
102 765
103 765
104 765
105 765
106 765
107 765
108 765
109 765
110 765
111 765
112 765
113 765
114 765
115 765
116 765
117 765
118 765
119 765
120 765
121 765
122 765
123 765
124 765
125 765
126 765
127 765
128 765
129 765
130 765
131 765
132 765
133 765
134 765
135 765
136 765
137 765
138 765
139 765
140 765
141 765
142 765
143 765
144 765
145 765
146 765
147 765
148 765
149 765
150 765
151 765
152 765
153 765
154 765
155 765
156 765
157 765
158 765
159 765
160 765
161 765
162 765
163 765
164 765
165 765
166 765
167 765
168 765
169 765
170 765
171 765
172 765
173 765
174 765
175 765
176 765
177 765
178 765
179 765
180 765
181 765
182 765
183 765
184 765
185 765
186 765
187 765
188 765
189 765
190 765
191 765
192 765
193 765
194 765
195 765
196 765
197 765
198 765
199 765
200 765
201 765
202 765
203 765
204 765
205 765
206 765
207 765
208 765
209 765
210 765
211 765
212 765
213 765
214 765
215 765
216 765
217 765
218 765
219 765
220 765
221 765
222 765
223 765
224 765
225 765
226 765
227 765
228 765
229 765
230 765
231 765
232 765
233 765
234 765
235 765
236 765
237 765
238 765
239 765
240 765
241 765
242 765
243 765
244 765
245 765
246 765
247 765
248 765
249 765
250 765
251 765
252 765
253 765
254 765
255 765
256 765
257 765
258 765
259 765
260 765
261 765
262 765
263 765
264 765
265 765
266 765
267 765
268 765
269 765
270 765
271 765
272 765
273 765
274 765
275 765
276 765
277 765
278 765
279 765
280 765
281 765
282 765
283 765
284 765
285 765
286 765
287 765
288 765
289 765
290 765
291 765
292 765
293 765
294 765
295 765
296 765
297 765
298 765
299 765
300 765
301 765
302 765
303 765
304 765
305 765
306 765
307 765
308 765
309 765
310 765
311 765
312 765
313 765
314 765
315 765
316 765
317 765
318 765
319 765
320 765
321 765
322 765
323 765
324 765
325 765
326 765
327 765
328 765
329 765
330 765
331 765
332 765
333 765
334 765
335 765
336 765
337 765
338 765
339 765
340 765
341 765
342 765
343 765
344 765
345 765
346 765
347 765
348 765
349 765
350 765
351 765
352 765
353 765
354 765
355 765
356 765
357 765
358 765
359 765
360 765
361 765
362 765
363 765
364 765
365 765
366 765
367 765
368 765
369 765
370 765
371 765
372 765
373 765
374 765
375 765
376 765
377 765
378 765
379 765
380 765
381 765
382 765
383 765
384 765
385 765
386 765
387 765
388 765
389 765
390 765
391 765
392 765
393 765
394 765
395 765
396 765
397 765
398 765
399 765
400 765
401 765
402 765
403 765
404 765
405 765
406 765
407 765
408 765
409 765
410 765
411 765
412 765
413 765
414 765
415 765
416 765
417 765
418 765
419 765
420 765
421 765
422 765
423 765
424 765
425 765
426 765
427 765
428 765
429 765
430 765
431 765
432 765
433 765
434 765
435 765
436 765
437 765
438 765
439 765
440 765
441 765
442 765
443 765
444 765
445 765
446 765
447 765
448 765
449 765
450 765
451 765
452 765
453 765
454 765
455 765
456 765
457 765
458 765
459 765
460 765
461 765
462 765
463 765
464 765
465 765
466 765
467 765
468 765
469 765
470 765
471 765
472 765
473 765
474 765
475 765
476 765
477 765
478 765
479 765
480 765
481 765
482 765
483 765
484 765
485 765
486 765
487 765
488 765
489 765
490 765
491 765
492 765
493 765
494 765
495 765
496 765
497 765
498 765
499 765
500 765
501 765
502 765
503 765
504 765
505 765
506 765
507 765
508 765
509 765
510 765
511 765
512 765
513 765
514 765
515 765
516 765
517 765
518 765
519 765
520 765
521 765
522 765
523 765
524 765
525 765
526 765
527 765
528 765
529 765
530 765
531 765
532 765
533 765
534 765
535 765
536 765
537 765
538 765
539 765
540 765
541 765
542 765
543 765
544 765
545 765
546 765
547 765
548 765
549 765
550 765
551 765
552 765
553 765
554 765
555 765
556 765
557 765
558 765
559 765
560 765
561 765
562 765
563 765
564 765
565 765
566 765
567 765
568 765
569 765
570 765
571 765
572 765
573 765
574 765
575 765
576 765
577 765
578 765
579 765
580 765
581 765
582 765
583 765
584 765
585 765
586 765
587 765
588 765
589 765
590 765
591 765
592 765
593 765
594 765
595 765
596 765
597 765
598 765
599 765
600 765
601 765
602 765
603 765
604 765
605 765
606 765
607 765
608 765
609 765
610 765
611 765
612 765
613 765
614 765
615 765
616 765
617 765
618 765
619 765
620 765
621 765
622 765
623 765
624 765
625 765
626 765
627 765
628 765
629 765
630 765
631 765
632 765
633 765
634 765
635 765
636 765
637 765
638 765
639 765
640 765
641 765
642 765
643 765
644 765
645 765
646 765
647 765
648 765
649 765
650 765
651 765
652 765
653 765
654 765
655 765
656 765
657 765
658 765
659 765
660 765
661 765
662 765
663 765
664 765
665 765
666 765
667 765
668 765
669 765
670 765
671 765
672 765
673 765
674 765
675 765
676 765
677 765
678 765
679 765
680 765
681 765
682 765
683 765
684 765
685 765
686 765
687 765
688 765
689 765
690 765
691 765
692 765
693 765
694 765
695 765
696 765
697 765
698 765
699 765
700 765
701 765
702 765
703 765
704 765
705 765
706 765
707 765
708 765
709 765
710 765
711 765
712 765
713 765
714 765
715 765
716 765
717 765
718 765
719 765
720 765
721 765
722 765
723 765
724 765
725 765
726 765
727 765
728 765
729 765
730 765
731 765
732 765
733 765
734 765
735 765
736 765
737 765
738 765
739 765
740 765
741 765
742 765
743 765
744 765
745 765
746 765
747 765
748 765
749 765
750 765
751 765
752 765
753 765
754 765
755 765
756 765
757 765
758 765
759 765
760 765
761 765
762 765
763 765
764 765
765 766
