718
717
1 717
2 717
3 717
4 717
5 717
6 717
7 717
8 717
9 717
10 717
11 717
12 717
13 717
14 717
15 717
16 717
17 717
18 717
19 717
20 717
21 717
22 717
23 717
24 717
25 717
26 717
27 717
28 717
29 717
30 717
31 717
32 717
33 717
34 717
35 717
36 717
37 717
38 717
39 717
40 717
41 717
42 717
43 717
44 717
45 717
46 717
47 717
48 717
49 717
50 717
51 717
52 717
53 717
54 717
55 717
56 717
57 717
58 717
59 717
60 717
61 717
62 717
63 717
64 717
65 717
66 717
67 717
68 717
69 717
70 717
71 717
72 717
73 717
74 717
75 717
76 717
77 717
78 717
79 717
80 717
81 717
82 717
83 717
84 717
85 717
86 717
87 717
88 717
89 717
90 717
91 717
92 717
93 717
94 717
95 717
96 717
97 717
98 717
99 717
100 717
101 717
102 717
103 717
104 717
105 717
106 717
107 717
108 717
109 717
110 717
111 717
112 717
113 717
114 717
115 717
116 717
117 717
118 717
119 717
120 717
121 717
122 717
123 717
124 717
125 717
126 717
127 717
128 717
129 717
130 717
131 717
132 717
133 717
134 717
135 717
136 717
137 717
138 717
139 717
140 717
141 717
142 717
143 717
144 717
145 717
146 717
147 717
148 717
149 717
150 717
151 717
152 717
153 717
154 717
155 717
156 717
157 717
158 717
159 717
160 717
161 717
162 717
163 717
164 717
165 717
166 717
167 717
168 717
169 717
170 717
171 717
172 717
173 717
174 717
175 717
176 717
177 717
178 717
179 717
180 717
181 717
182 717
183 717
184 717
185 717
186 717
187 717
188 717
189 717
190 717
191 717
192 717
193 717
194 717
195 717
196 717
197 717
198 717
199 717
200 717
201 717
202 717
203 717
204 717
205 717
206 717
207 717
208 717
209 717
210 717
211 717
212 717
213 717
214 717
215 717
216 717
217 717
218 717
219 717
220 717
221 717
222 717
223 717
224 717
225 717
226 717
227 717
228 717
229 717
230 717
231 717
232 717
233 717
234 717
235 717
236 717
237 717
238 717
239 717
240 717
241 717
242 717
243 717
244 717
245 717
246 717
247 717
248 717
249 717
250 717
251 717
252 717
253 717
254 717
255 717
256 717
257 717
258 717
259 717
260 717
261 717
262 717
263 717
264 717
265 717
266 717
267 717
268 717
269 717
270 717
271 717
272 717
273 717
274 717
275 717
276 717
277 717
278 717
279 717
280 717
281 717
282 717
283 717
284 717
285 717
286 717
287 717
288 717
289 717
290 717
291 717
292 717
293 717
294 717
295 717
296 717
297 717
298 717
299 717
300 717
301 717
302 717
303 717
304 717
305 717
306 717
307 717
308 717
309 717
310 717
311 717
312 717
313 717
314 717
315 717
316 717
317 717
318 717
319 717
320 717
321 717
322 717
323 717
324 717
325 717
326 717
327 717
328 717
329 717
330 717
331 717
332 717
333 717
334 717
335 717
336 717
337 717
338 717
339 717
340 717
341 717
342 717
343 717
344 717
345 717
346 717
347 717
348 717
349 717
350 717
351 717
352 717
353 717
354 717
355 717
356 717
357 717
358 717
359 717
360 717
361 717
362 717
363 717
364 717
365 717
366 717
367 717
368 717
369 717
370 717
371 717
372 717
373 717
374 717
375 717
376 717
377 717
378 717
379 717
380 717
381 717
382 717
383 717
384 717
385 717
386 717
387 717
388 717
389 717
390 717
391 717
392 717
393 717
394 717
395 717
396 717
397 717
398 717
399 717
400 717
401 717
402 717
403 717
404 717
405 717
406 717
407 717
408 717
409 717
410 717
411 717
412 717
413 717
414 717
415 717
416 717
417 717
418 717
419 717
420 717
421 717
422 717
423 717
424 717
425 717
426 717
427 717
428 717
429 717
430 717
431 717
432 717
433 717
434 717
435 717
436 717
437 717
438 717
439 717
440 717
441 717
442 717
443 717
444 717
445 717
446 717
447 717
448 717
449 717
450 717
451 717
452 717
453 717
454 717
455 717
456 717
457 717
458 717
459 717
460 717
461 717
462 717
463 717
464 717
465 717
466 717
467 717
468 717
469 717
470 717
471 717
472 717
473 717
474 717
475 717
476 717
477 717
478 717
479 717
480 717
481 717
482 717
483 717
484 717
485 717
486 717
487 717
488 717
489 717
490 717
491 717
492 717
493 717
494 717
495 717
496 717
497 717
498 717
499 717
500 717
501 717
502 717
503 717
504 717
505 717
506 717
507 717
508 717
509 717
510 717
511 717
512 717
513 717
514 717
515 717
516 717
517 717
518 717
519 717
520 717
521 717
522 717
523 717
524 717
525 717
526 717
527 717
528 717
529 717
530 717
531 717
532 717
533 717
534 717
535 717
536 717
537 717
538 717
539 717
540 717
541 717
542 717
543 717
544 717
545 717
546 717
547 717
548 717
549 717
550 717
551 717
552 717
553 717
554 717
555 717
556 717
557 717
558 717
559 717
560 717
561 717
562 717
563 717
564 717
565 717
566 717
567 717
568 717
569 717
570 717
571 717
572 717
573 717
574 717
575 717
576 717
577 717
578 717
579 717
580 717
581 717
582 717
583 717
584 717
585 717
586 717
587 717
588 717
589 717
590 717
591 717
592 717
593 717
594 717
595 717
596 717
597 717
598 717
599 717
600 717
601 717
602 717
603 717
604 717
605 717
606 717
607 717
608 717
609 717
610 717
611 717
612 717
613 717
614 717
615 717
616 717
617 717
618 717
619 717
620 717
621 717
622 717
623 717
624 717
625 717
626 717
627 717
628 717
629 717
630 717
631 717
632 717
633 717
634 717
635 717
636 717
637 717
638 717
639 717
640 717
641 717
642 717
643 717
644 717
645 717
646 717
647 717
648 717
649 717
650 717
651 717
652 717
653 717
654 717
655 717
656 717
657 717
658 717
659 717
660 717
661 717
662 717
663 717
664 717
665 717
666 717
667 717
668 717
669 717
670 717
671 717
672 717
673 717
674 717
675 717
676 717
677 717
678 717
679 717
680 717
681 717
682 717
683 717
684 717
685 717
686 717
687 717
688 717
689 717
690 717
691 717
692 717
693 717
694 717
695 717
696 717
697 717
698 717
699 717
700 717
701 717
702 717
703 717
704 717
705 717
706 717
707 717
708 717
709 717
710 717
711 717
712 717
713 717
714 717
715 717
716 717
717 718
