549
548
1 548
2 548
3 548
4 548
5 548
6 548
7 548
8 548
9 548
10 548
11 548
12 548
13 548
14 548
15 548
16 548
17 548
18 548
19 548
20 548
21 548
22 548
23 548
24 548
25 548
26 548
27 548
28 548
29 548
30 548
31 548
32 548
33 548
34 548
35 548
36 548
37 548
38 548
39 548
40 548
41 548
42 548
43 548
44 548
45 548
46 548
47 548
48 548
49 548
50 548
51 548
52 548
53 548
54 548
55 548
56 548
57 548
58 548
59 548
60 548
61 548
62 548
63 548
64 548
65 548
66 548
67 548
68 548
69 548
70 548
71 548
72 548
73 548
74 548
75 548
76 548
77 548
78 548
79 548
80 548
81 548
82 548
83 548
84 548
85 548
86 548
87 548
88 548
89 548
90 548
91 548
92 548
93 548
94 548
95 548
96 548
97 548
98 548
99 548
100 548
101 548
102 548
103 548
104 548
105 548
106 548
107 548
108 548
109 548
110 548
111 548
112 548
113 548
114 548
115 548
116 548
117 548
118 548
119 548
120 548
121 548
122 548
123 548
124 548
125 548
126 548
127 548
128 548
129 548
130 548
131 548
132 548
133 548
134 548
135 548
136 548
137 548
138 548
139 548
140 548
141 548
142 548
143 548
144 548
145 548
146 548
147 548
148 548
149 548
150 548
151 548
152 548
153 548
154 548
155 548
156 548
157 548
158 548
159 548
160 548
161 548
162 548
163 548
164 548
165 548
166 548
167 548
168 548
169 548
170 548
171 548
172 548
173 548
174 548
175 548
176 548
177 548
178 548
179 548
180 548
181 548
182 548
183 548
184 548
185 548
186 548
187 548
188 548
189 548
190 548
191 548
192 548
193 548
194 548
195 548
196 548
197 548
198 548
199 548
200 548
201 548
202 548
203 548
204 548
205 548
206 548
207 548
208 548
209 548
210 548
211 548
212 548
213 548
214 548
215 548
216 548
217 548
218 548
219 548
220 548
221 548
222 548
223 548
224 548
225 548
226 548
227 548
228 548
229 548
230 548
231 548
232 548
233 548
234 548
235 548
236 548
237 548
238 548
239 548
240 548
241 548
242 548
243 548
244 548
245 548
246 548
247 548
248 548
249 548
250 548
251 548
252 548
253 548
254 548
255 548
256 548
257 548
258 548
259 548
260 548
261 548
262 548
263 548
264 548
265 548
266 548
267 548
268 548
269 548
270 548
271 548
272 548
273 548
274 548
275 548
276 548
277 548
278 548
279 548
280 548
281 548
282 548
283 548
284 548
285 548
286 548
287 548
288 548
289 548
290 548
291 548
292 548
293 548
294 548
295 548
296 548
297 548
298 548
299 548
300 548
301 548
302 548
303 548
304 548
305 548
306 548
307 548
308 548
309 548
310 548
311 548
312 548
313 548
314 548
315 548
316 548
317 548
318 548
319 548
320 548
321 548
322 548
323 548
324 548
325 548
326 548
327 548
328 548
329 548
330 548
331 548
332 548
333 548
334 548
335 548
336 548
337 548
338 548
339 548
340 548
341 548
342 548
343 548
344 548
345 548
346 548
347 548
348 548
349 548
350 548
351 548
352 548
353 548
354 548
355 548
356 548
357 548
358 548
359 548
360 548
361 548
362 548
363 548
364 548
365 548
366 548
367 548
368 548
369 548
370 548
371 548
372 548
373 548
374 548
375 548
376 548
377 548
378 548
379 548
380 548
381 548
382 548
383 548
384 548
385 548
386 548
387 548
388 548
389 548
390 548
391 548
392 548
393 548
394 548
395 548
396 548
397 548
398 548
399 548
400 548
401 548
402 548
403 548
404 548
405 548
406 548
407 548
408 548
409 548
410 548
411 548
412 548
413 548
414 548
415 548
416 548
417 548
418 548
419 548
420 548
421 548
422 548
423 548
424 548
425 548
426 548
427 548
428 548
429 548
430 548
431 548
432 548
433 548
434 548
435 548
436 548
437 548
438 548
439 548
440 548
441 548
442 548
443 548
444 548
445 548
446 548
447 548
448 548
449 548
450 548
451 548
452 548
453 548
454 548
455 548
456 548
457 548
458 548
459 548
460 548
461 548
462 548
463 548
464 548
465 548
466 548
467 548
468 548
469 548
470 548
471 548
472 548
473 548
474 548
475 548
476 548
477 548
478 548
479 548
480 548
481 548
482 548
483 548
484 548
485 548
486 548
487 548
488 548
489 548
490 548
491 548
492 548
493 548
494 548
495 548
496 548
497 548
498 548
499 548
500 548
501 548
502 548
503 548
504 548
505 548
506 548
507 548
508 548
509 548
510 548
511 548
512 548
513 548
514 548
515 548
516 548
517 548
518 548
519 548
520 548
521 548
522 548
523 548
524 548
525 548
526 548
527 548
528 548
529 548
530 548
531 548
532 548
533 548
534 548
535 548
536 548
537 548
538 548
539 548
540 548
541 548
542 548
543 548
544 548
545 548
546 548
547 548
548 549
