904
903
1 903
2 903
3 903
4 903
5 903
6 903
7 903
8 903
9 903
10 903
11 903
12 903
13 903
14 903
15 903
16 903
17 903
18 903
19 903
20 903
21 903
22 903
23 903
24 903
25 903
26 903
27 903
28 903
29 903
30 903
31 903
32 903
33 903
34 903
35 903
36 903
37 903
38 903
39 903
40 903
41 903
42 903
43 903
44 903
45 903
46 903
47 903
48 903
49 903
50 903
51 903
52 903
53 903
54 903
55 903
56 903
57 903
58 903
59 903
60 903
61 903
62 903
63 903
64 903
65 903
66 903
67 903
68 903
69 903
70 903
71 903
72 903
73 903
74 903
75 903
76 903
77 903
78 903
79 903
80 903
81 903
82 903
83 903
84 903
85 903
86 903
87 903
88 903
89 903
90 903
91 903
92 903
93 903
94 903
95 903
96 903
97 903
98 903
99 903
100 903
101 903
102 903
103 903
104 903
105 903
106 903
107 903
108 903
109 903
110 903
111 903
112 903
113 903
114 903
115 903
116 903
117 903
118 903
119 903
120 903
121 903
122 903
123 903
124 903
125 903
126 903
127 903
128 903
129 903
130 903
131 903
132 903
133 903
134 903
135 903
136 903
137 903
138 903
139 903
140 903
141 903
142 903
143 903
144 903
145 903
146 903
147 903
148 903
149 903
150 903
151 903
152 903
153 903
154 903
155 903
156 903
157 903
158 903
159 903
160 903
161 903
162 903
163 903
164 903
165 903
166 903
167 903
168 903
169 903
170 903
171 903
172 903
173 903
174 903
175 903
176 903
177 903
178 903
179 903
180 903
181 903
182 903
183 903
184 903
185 903
186 903
187 903
188 903
189 903
190 903
191 903
192 903
193 903
194 903
195 903
196 903
197 903
198 903
199 903
200 903
201 903
202 903
203 903
204 903
205 903
206 903
207 903
208 903
209 903
210 903
211 903
212 903
213 903
214 903
215 903
216 903
217 903
218 903
219 903
220 903
221 903
222 903
223 903
224 903
225 903
226 903
227 903
228 903
229 903
230 903
231 903
232 903
233 903
234 903
235 903
236 903
237 903
238 903
239 903
240 903
241 903
242 903
243 903
244 903
245 903
246 903
247 903
248 903
249 903
250 903
251 903
252 903
253 903
254 903
255 903
256 903
257 903
258 903
259 903
260 903
261 903
262 903
263 903
264 903
265 903
266 903
267 903
268 903
269 903
270 903
271 903
272 903
273 903
274 903
275 903
276 903
277 903
278 903
279 903
280 903
281 903
282 903
283 903
284 903
285 903
286 903
287 903
288 903
289 903
290 903
291 903
292 903
293 903
294 903
295 903
296 903
297 903
298 903
299 903
300 903
301 903
302 903
303 903
304 903
305 903
306 903
307 903
308 903
309 903
310 903
311 903
312 903
313 903
314 903
315 903
316 903
317 903
318 903
319 903
320 903
321 903
322 903
323 903
324 903
325 903
326 903
327 903
328 903
329 903
330 903
331 903
332 903
333 903
334 903
335 903
336 903
337 903
338 903
339 903
340 903
341 903
342 903
343 903
344 903
345 903
346 903
347 903
348 903
349 903
350 903
351 903
352 903
353 903
354 903
355 903
356 903
357 903
358 903
359 903
360 903
361 903
362 903
363 903
364 903
365 903
366 903
367 903
368 903
369 903
370 903
371 903
372 903
373 903
374 903
375 903
376 903
377 903
378 903
379 903
380 903
381 903
382 903
383 903
384 903
385 903
386 903
387 903
388 903
389 903
390 903
391 903
392 903
393 903
394 903
395 903
396 903
397 903
398 903
399 903
400 903
401 903
402 903
403 903
404 903
405 903
406 903
407 903
408 903
409 903
410 903
411 903
412 903
413 903
414 903
415 903
416 903
417 903
418 903
419 903
420 903
421 903
422 903
423 903
424 903
425 903
426 903
427 903
428 903
429 903
430 903
431 903
432 903
433 903
434 903
435 903
436 903
437 903
438 903
439 903
440 903
441 903
442 903
443 903
444 903
445 903
446 903
447 903
448 903
449 903
450 903
451 903
452 903
453 903
454 903
455 903
456 903
457 903
458 903
459 903
460 903
461 903
462 903
463 903
464 903
465 903
466 903
467 903
468 903
469 903
470 903
471 903
472 903
473 903
474 903
475 903
476 903
477 903
478 903
479 903
480 903
481 903
482 903
483 903
484 903
485 903
486 903
487 903
488 903
489 903
490 903
491 903
492 903
493 903
494 903
495 903
496 903
497 903
498 903
499 903
500 903
501 903
502 903
503 903
504 903
505 903
506 903
507 903
508 903
509 903
510 903
511 903
512 903
513 903
514 903
515 903
516 903
517 903
518 903
519 903
520 903
521 903
522 903
523 903
524 903
525 903
526 903
527 903
528 903
529 903
530 903
531 903
532 903
533 903
534 903
535 903
536 903
537 903
538 903
539 903
540 903
541 903
542 903
543 903
544 903
545 903
546 903
547 903
548 903
549 903
550 903
551 903
552 903
553 903
554 903
555 903
556 903
557 903
558 903
559 903
560 903
561 903
562 903
563 903
564 903
565 903
566 903
567 903
568 903
569 903
570 903
571 903
572 903
573 903
574 903
575 903
576 903
577 903
578 903
579 903
580 903
581 903
582 903
583 903
584 903
585 903
586 903
587 903
588 903
589 903
590 903
591 903
592 903
593 903
594 903
595 903
596 903
597 903
598 903
599 903
600 903
601 903
602 903
603 903
604 903
605 903
606 903
607 903
608 903
609 903
610 903
611 903
612 903
613 903
614 903
615 903
616 903
617 903
618 903
619 903
620 903
621 903
622 903
623 903
624 903
625 903
626 903
627 903
628 903
629 903
630 903
631 903
632 903
633 903
634 903
635 903
636 903
637 903
638 903
639 903
640 903
641 903
642 903
643 903
644 903
645 903
646 903
647 903
648 903
649 903
650 903
651 903
652 903
653 903
654 903
655 903
656 903
657 903
658 903
659 903
660 903
661 903
662 903
663 903
664 903
665 903
666 903
667 903
668 903
669 903
670 903
671 903
672 903
673 903
674 903
675 903
676 903
677 903
678 903
679 903
680 903
681 903
682 903
683 903
684 903
685 903
686 903
687 903
688 903
689 903
690 903
691 903
692 903
693 903
694 903
695 903
696 903
697 903
698 903
699 903
700 903
701 903
702 903
703 903
704 903
705 903
706 903
707 903
708 903
709 903
710 903
711 903
712 903
713 903
714 903
715 903
716 903
717 903
718 903
719 903
720 903
721 903
722 903
723 903
724 903
725 903
726 903
727 903
728 903
729 903
730 903
731 903
732 903
733 903
734 903
735 903
736 903
737 903
738 903
739 903
740 903
741 903
742 903
743 903
744 903
745 903
746 903
747 903
748 903
749 903
750 903
751 903
752 903
753 903
754 903
755 903
756 903
757 903
758 903
759 903
760 903
761 903
762 903
763 903
764 903
765 903
766 903
767 903
768 903
769 903
770 903
771 903
772 903
773 903
774 903
775 903
776 903
777 903
778 903
779 903
780 903
781 903
782 903
783 903
784 903
785 903
786 903
787 903
788 903
789 903
790 903
791 903
792 903
793 903
794 903
795 903
796 903
797 903
798 903
799 903
800 903
801 903
802 903
803 903
804 903
805 903
806 903
807 903
808 903
809 903
810 903
811 903
812 903
813 903
814 903
815 903
816 903
817 903
818 903
819 903
820 903
821 903
822 903
823 903
824 903
825 903
826 903
827 903
828 903
829 903
830 903
831 903
832 903
833 903
834 903
835 903
836 903
837 903
838 903
839 903
840 903
841 903
842 903
843 903
844 903
845 903
846 903
847 903
848 903
849 903
850 903
851 903
852 903
853 903
854 903
855 903
856 903
857 903
858 903
859 903
860 903
861 903
862 903
863 903
864 903
865 903
866 903
867 903
868 903
869 903
870 903
871 903
872 903
873 903
874 903
875 903
876 903
877 903
878 903
879 903
880 903
881 903
882 903
883 903
884 903
885 903
886 903
887 903
888 903
889 903
890 903
891 903
892 903
893 903
894 903
895 903
896 903
897 903
898 903
899 903
900 903
901 903
902 903
903 904
