480
479
1 479
2 479
3 479
4 479
5 479
6 479
7 479
8 479
9 479
10 479
11 479
12 479
13 479
14 479
15 479
16 479
17 479
18 479
19 479
20 479
21 479
22 479
23 479
24 479
25 479
26 479
27 479
28 479
29 479
30 479
31 479
32 479
33 479
34 479
35 479
36 479
37 479
38 479
39 479
40 479
41 479
42 479
43 479
44 479
45 479
46 479
47 479
48 479
49 479
50 479
51 479
52 479
53 479
54 479
55 479
56 479
57 479
58 479
59 479
60 479
61 479
62 479
63 479
64 479
65 479
66 479
67 479
68 479
69 479
70 479
71 479
72 479
73 479
74 479
75 479
76 479
77 479
78 479
79 479
80 479
81 479
82 479
83 479
84 479
85 479
86 479
87 479
88 479
89 479
90 479
91 479
92 479
93 479
94 479
95 479
96 479
97 479
98 479
99 479
100 479
101 479
102 479
103 479
104 479
105 479
106 479
107 479
108 479
109 479
110 479
111 479
112 479
113 479
114 479
115 479
116 479
117 479
118 479
119 479
120 479
121 479
122 479
123 479
124 479
125 479
126 479
127 479
128 479
129 479
130 479
131 479
132 479
133 479
134 479
135 479
136 479
137 479
138 479
139 479
140 479
141 479
142 479
143 479
144 479
145 479
146 479
147 479
148 479
149 479
150 479
151 479
152 479
153 479
154 479
155 479
156 479
157 479
158 479
159 479
160 479
161 479
162 479
163 479
164 479
165 479
166 479
167 479
168 479
169 479
170 479
171 479
172 479
173 479
174 479
175 479
176 479
177 479
178 479
179 479
180 479
181 479
182 479
183 479
184 479
185 479
186 479
187 479
188 479
189 479
190 479
191 479
192 479
193 479
194 479
195 479
196 479
197 479
198 479
199 479
200 479
201 479
202 479
203 479
204 479
205 479
206 479
207 479
208 479
209 479
210 479
211 479
212 479
213 479
214 479
215 479
216 479
217 479
218 479
219 479
220 479
221 479
222 479
223 479
224 479
225 479
226 479
227 479
228 479
229 479
230 479
231 479
232 479
233 479
234 479
235 479
236 479
237 479
238 479
239 479
240 479
241 479
242 479
243 479
244 479
245 479
246 479
247 479
248 479
249 479
250 479
251 479
252 479
253 479
254 479
255 479
256 479
257 479
258 479
259 479
260 479
261 479
262 479
263 479
264 479
265 479
266 479
267 479
268 479
269 479
270 479
271 479
272 479
273 479
274 479
275 479
276 479
277 479
278 479
279 479
280 479
281 479
282 479
283 479
284 479
285 479
286 479
287 479
288 479
289 479
290 479
291 479
292 479
293 479
294 479
295 479
296 479
297 479
298 479
299 479
300 479
301 479
302 479
303 479
304 479
305 479
306 479
307 479
308 479
309 479
310 479
311 479
312 479
313 479
314 479
315 479
316 479
317 479
318 479
319 479
320 479
321 479
322 479
323 479
324 479
325 479
326 479
327 479
328 479
329 479
330 479
331 479
332 479
333 479
334 479
335 479
336 479
337 479
338 479
339 479
340 479
341 479
342 479
343 479
344 479
345 479
346 479
347 479
348 479
349 479
350 479
351 479
352 479
353 479
354 479
355 479
356 479
357 479
358 479
359 479
360 479
361 479
362 479
363 479
364 479
365 479
366 479
367 479
368 479
369 479
370 479
371 479
372 479
373 479
374 479
375 479
376 479
377 479
378 479
379 479
380 479
381 479
382 479
383 479
384 479
385 479
386 479
387 479
388 479
389 479
390 479
391 479
392 479
393 479
394 479
395 479
396 479
397 479
398 479
399 479
400 479
401 479
402 479
403 479
404 479
405 479
406 479
407 479
408 479
409 479
410 479
411 479
412 479
413 479
414 479
415 479
416 479
417 479
418 479
419 479
420 479
421 479
422 479
423 479
424 479
425 479
426 479
427 479
428 479
429 479
430 479
431 479
432 479
433 479
434 479
435 479
436 479
437 479
438 479
439 479
440 479
441 479
442 479
443 479
444 479
445 479
446 479
447 479
448 479
449 479
450 479
451 479
452 479
453 479
454 479
455 479
456 479
457 479
458 479
459 479
460 479
461 479
462 479
463 479
464 479
465 479
466 479
467 479
468 479
469 479
470 479
471 479
472 479
473 479
474 479
475 479
476 479
477 479
478 479
479 480
