871
870
1 870
2 870
3 870
4 870
5 870
6 870
7 870
8 870
9 870
10 870
11 870
12 870
13 870
14 870
15 870
16 870
17 870
18 870
19 870
20 870
21 870
22 870
23 870
24 870
25 870
26 870
27 870
28 870
29 870
30 870
31 870
32 870
33 870
34 870
35 870
36 870
37 870
38 870
39 870
40 870
41 870
42 870
43 870
44 870
45 870
46 870
47 870
48 870
49 870
50 870
51 870
52 870
53 870
54 870
55 870
56 870
57 870
58 870
59 870
60 870
61 870
62 870
63 870
64 870
65 870
66 870
67 870
68 870
69 870
70 870
71 870
72 870
73 870
74 870
75 870
76 870
77 870
78 870
79 870
80 870
81 870
82 870
83 870
84 870
85 870
86 870
87 870
88 870
89 870
90 870
91 870
92 870
93 870
94 870
95 870
96 870
97 870
98 870
99 870
100 870
101 870
102 870
103 870
104 870
105 870
106 870
107 870
108 870
109 870
110 870
111 870
112 870
113 870
114 870
115 870
116 870
117 870
118 870
119 870
120 870
121 870
122 870
123 870
124 870
125 870
126 870
127 870
128 870
129 870
130 870
131 870
132 870
133 870
134 870
135 870
136 870
137 870
138 870
139 870
140 870
141 870
142 870
143 870
144 870
145 870
146 870
147 870
148 870
149 870
150 870
151 870
152 870
153 870
154 870
155 870
156 870
157 870
158 870
159 870
160 870
161 870
162 870
163 870
164 870
165 870
166 870
167 870
168 870
169 870
170 870
171 870
172 870
173 870
174 870
175 870
176 870
177 870
178 870
179 870
180 870
181 870
182 870
183 870
184 870
185 870
186 870
187 870
188 870
189 870
190 870
191 870
192 870
193 870
194 870
195 870
196 870
197 870
198 870
199 870
200 870
201 870
202 870
203 870
204 870
205 870
206 870
207 870
208 870
209 870
210 870
211 870
212 870
213 870
214 870
215 870
216 870
217 870
218 870
219 870
220 870
221 870
222 870
223 870
224 870
225 870
226 870
227 870
228 870
229 870
230 870
231 870
232 870
233 870
234 870
235 870
236 870
237 870
238 870
239 870
240 870
241 870
242 870
243 870
244 870
245 870
246 870
247 870
248 870
249 870
250 870
251 870
252 870
253 870
254 870
255 870
256 870
257 870
258 870
259 870
260 870
261 870
262 870
263 870
264 870
265 870
266 870
267 870
268 870
269 870
270 870
271 870
272 870
273 870
274 870
275 870
276 870
277 870
278 870
279 870
280 870
281 870
282 870
283 870
284 870
285 870
286 870
287 870
288 870
289 870
290 870
291 870
292 870
293 870
294 870
295 870
296 870
297 870
298 870
299 870
300 870
301 870
302 870
303 870
304 870
305 870
306 870
307 870
308 870
309 870
310 870
311 870
312 870
313 870
314 870
315 870
316 870
317 870
318 870
319 870
320 870
321 870
322 870
323 870
324 870
325 870
326 870
327 870
328 870
329 870
330 870
331 870
332 870
333 870
334 870
335 870
336 870
337 870
338 870
339 870
340 870
341 870
342 870
343 870
344 870
345 870
346 870
347 870
348 870
349 870
350 870
351 870
352 870
353 870
354 870
355 870
356 870
357 870
358 870
359 870
360 870
361 870
362 870
363 870
364 870
365 870
366 870
367 870
368 870
369 870
370 870
371 870
372 870
373 870
374 870
375 870
376 870
377 870
378 870
379 870
380 870
381 870
382 870
383 870
384 870
385 870
386 870
387 870
388 870
389 870
390 870
391 870
392 870
393 870
394 870
395 870
396 870
397 870
398 870
399 870
400 870
401 870
402 870
403 870
404 870
405 870
406 870
407 870
408 870
409 870
410 870
411 870
412 870
413 870
414 870
415 870
416 870
417 870
418 870
419 870
420 870
421 870
422 870
423 870
424 870
425 870
426 870
427 870
428 870
429 870
430 870
431 870
432 870
433 870
434 870
435 870
436 870
437 870
438 870
439 870
440 870
441 870
442 870
443 870
444 870
445 870
446 870
447 870
448 870
449 870
450 870
451 870
452 870
453 870
454 870
455 870
456 870
457 870
458 870
459 870
460 870
461 870
462 870
463 870
464 870
465 870
466 870
467 870
468 870
469 870
470 870
471 870
472 870
473 870
474 870
475 870
476 870
477 870
478 870
479 870
480 870
481 870
482 870
483 870
484 870
485 870
486 870
487 870
488 870
489 870
490 870
491 870
492 870
493 870
494 870
495 870
496 870
497 870
498 870
499 870
500 870
501 870
502 870
503 870
504 870
505 870
506 870
507 870
508 870
509 870
510 870
511 870
512 870
513 870
514 870
515 870
516 870
517 870
518 870
519 870
520 870
521 870
522 870
523 870
524 870
525 870
526 870
527 870
528 870
529 870
530 870
531 870
532 870
533 870
534 870
535 870
536 870
537 870
538 870
539 870
540 870
541 870
542 870
543 870
544 870
545 870
546 870
547 870
548 870
549 870
550 870
551 870
552 870
553 870
554 870
555 870
556 870
557 870
558 870
559 870
560 870
561 870
562 870
563 870
564 870
565 870
566 870
567 870
568 870
569 870
570 870
571 870
572 870
573 870
574 870
575 870
576 870
577 870
578 870
579 870
580 870
581 870
582 870
583 870
584 870
585 870
586 870
587 870
588 870
589 870
590 870
591 870
592 870
593 870
594 870
595 870
596 870
597 870
598 870
599 870
600 870
601 870
602 870
603 870
604 870
605 870
606 870
607 870
608 870
609 870
610 870
611 870
612 870
613 870
614 870
615 870
616 870
617 870
618 870
619 870
620 870
621 870
622 870
623 870
624 870
625 870
626 870
627 870
628 870
629 870
630 870
631 870
632 870
633 870
634 870
635 870
636 870
637 870
638 870
639 870
640 870
641 870
642 870
643 870
644 870
645 870
646 870
647 870
648 870
649 870
650 870
651 870
652 870
653 870
654 870
655 870
656 870
657 870
658 870
659 870
660 870
661 870
662 870
663 870
664 870
665 870
666 870
667 870
668 870
669 870
670 870
671 870
672 870
673 870
674 870
675 870
676 870
677 870
678 870
679 870
680 870
681 870
682 870
683 870
684 870
685 870
686 870
687 870
688 870
689 870
690 870
691 870
692 870
693 870
694 870
695 870
696 870
697 870
698 870
699 870
700 870
701 870
702 870
703 870
704 870
705 870
706 870
707 870
708 870
709 870
710 870
711 870
712 870
713 870
714 870
715 870
716 870
717 870
718 870
719 870
720 870
721 870
722 870
723 870
724 870
725 870
726 870
727 870
728 870
729 870
730 870
731 870
732 870
733 870
734 870
735 870
736 870
737 870
738 870
739 870
740 870
741 870
742 870
743 870
744 870
745 870
746 870
747 870
748 870
749 870
750 870
751 870
752 870
753 870
754 870
755 870
756 870
757 870
758 870
759 870
760 870
761 870
762 870
763 870
764 870
765 870
766 870
767 870
768 870
769 870
770 870
771 870
772 870
773 870
774 870
775 870
776 870
777 870
778 870
779 870
780 870
781 870
782 870
783 870
784 870
785 870
786 870
787 870
788 870
789 870
790 870
791 870
792 870
793 870
794 870
795 870
796 870
797 870
798 870
799 870
800 870
801 870
802 870
803 870
804 870
805 870
806 870
807 870
808 870
809 870
810 870
811 870
812 870
813 870
814 870
815 870
816 870
817 870
818 870
819 870
820 870
821 870
822 870
823 870
824 870
825 870
826 870
827 870
828 870
829 870
830 870
831 870
832 870
833 870
834 870
835 870
836 870
837 870
838 870
839 870
840 870
841 870
842 870
843 870
844 870
845 870
846 870
847 870
848 870
849 870
850 870
851 870
852 870
853 870
854 870
855 870
856 870
857 870
858 870
859 870
860 870
861 870
862 870
863 870
864 870
865 870
866 870
867 870
868 870
869 870
870 871
