623
622
1 622
2 622
3 622
4 622
5 622
6 622
7 622
8 622
9 622
10 622
11 622
12 622
13 622
14 622
15 622
16 622
17 622
18 622
19 622
20 622
21 622
22 622
23 622
24 622
25 622
26 622
27 622
28 622
29 622
30 622
31 622
32 622
33 622
34 622
35 622
36 622
37 622
38 622
39 622
40 622
41 622
42 622
43 622
44 622
45 622
46 622
47 622
48 622
49 622
50 622
51 622
52 622
53 622
54 622
55 622
56 622
57 622
58 622
59 622
60 622
61 622
62 622
63 622
64 622
65 622
66 622
67 622
68 622
69 622
70 622
71 622
72 622
73 622
74 622
75 622
76 622
77 622
78 622
79 622
80 622
81 622
82 622
83 622
84 622
85 622
86 622
87 622
88 622
89 622
90 622
91 622
92 622
93 622
94 622
95 622
96 622
97 622
98 622
99 622
100 622
101 622
102 622
103 622
104 622
105 622
106 622
107 622
108 622
109 622
110 622
111 622
112 622
113 622
114 622
115 622
116 622
117 622
118 622
119 622
120 622
121 622
122 622
123 622
124 622
125 622
126 622
127 622
128 622
129 622
130 622
131 622
132 622
133 622
134 622
135 622
136 622
137 622
138 622
139 622
140 622
141 622
142 622
143 622
144 622
145 622
146 622
147 622
148 622
149 622
150 622
151 622
152 622
153 622
154 622
155 622
156 622
157 622
158 622
159 622
160 622
161 622
162 622
163 622
164 622
165 622
166 622
167 622
168 622
169 622
170 622
171 622
172 622
173 622
174 622
175 622
176 622
177 622
178 622
179 622
180 622
181 622
182 622
183 622
184 622
185 622
186 622
187 622
188 622
189 622
190 622
191 622
192 622
193 622
194 622
195 622
196 622
197 622
198 622
199 622
200 622
201 622
202 622
203 622
204 622
205 622
206 622
207 622
208 622
209 622
210 622
211 622
212 622
213 622
214 622
215 622
216 622
217 622
218 622
219 622
220 622
221 622
222 622
223 622
224 622
225 622
226 622
227 622
228 622
229 622
230 622
231 622
232 622
233 622
234 622
235 622
236 622
237 622
238 622
239 622
240 622
241 622
242 622
243 622
244 622
245 622
246 622
247 622
248 622
249 622
250 622
251 622
252 622
253 622
254 622
255 622
256 622
257 622
258 622
259 622
260 622
261 622
262 622
263 622
264 622
265 622
266 622
267 622
268 622
269 622
270 622
271 622
272 622
273 622
274 622
275 622
276 622
277 622
278 622
279 622
280 622
281 622
282 622
283 622
284 622
285 622
286 622
287 622
288 622
289 622
290 622
291 622
292 622
293 622
294 622
295 622
296 622
297 622
298 622
299 622
300 622
301 622
302 622
303 622
304 622
305 622
306 622
307 622
308 622
309 622
310 622
311 622
312 622
313 622
314 622
315 622
316 622
317 622
318 622
319 622
320 622
321 622
322 622
323 622
324 622
325 622
326 622
327 622
328 622
329 622
330 622
331 622
332 622
333 622
334 622
335 622
336 622
337 622
338 622
339 622
340 622
341 622
342 622
343 622
344 622
345 622
346 622
347 622
348 622
349 622
350 622
351 622
352 622
353 622
354 622
355 622
356 622
357 622
358 622
359 622
360 622
361 622
362 622
363 622
364 622
365 622
366 622
367 622
368 622
369 622
370 622
371 622
372 622
373 622
374 622
375 622
376 622
377 622
378 622
379 622
380 622
381 622
382 622
383 622
384 622
385 622
386 622
387 622
388 622
389 622
390 622
391 622
392 622
393 622
394 622
395 622
396 622
397 622
398 622
399 622
400 622
401 622
402 622
403 622
404 622
405 622
406 622
407 622
408 622
409 622
410 622
411 622
412 622
413 622
414 622
415 622
416 622
417 622
418 622
419 622
420 622
421 622
422 622
423 622
424 622
425 622
426 622
427 622
428 622
429 622
430 622
431 622
432 622
433 622
434 622
435 622
436 622
437 622
438 622
439 622
440 622
441 622
442 622
443 622
444 622
445 622
446 622
447 622
448 622
449 622
450 622
451 622
452 622
453 622
454 622
455 622
456 622
457 622
458 622
459 622
460 622
461 622
462 622
463 622
464 622
465 622
466 622
467 622
468 622
469 622
470 622
471 622
472 622
473 622
474 622
475 622
476 622
477 622
478 622
479 622
480 622
481 622
482 622
483 622
484 622
485 622
486 622
487 622
488 622
489 622
490 622
491 622
492 622
493 622
494 622
495 622
496 622
497 622
498 622
499 622
500 622
501 622
502 622
503 622
504 622
505 622
506 622
507 622
508 622
509 622
510 622
511 622
512 622
513 622
514 622
515 622
516 622
517 622
518 622
519 622
520 622
521 622
522 622
523 622
524 622
525 622
526 622
527 622
528 622
529 622
530 622
531 622
532 622
533 622
534 622
535 622
536 622
537 622
538 622
539 622
540 622
541 622
542 622
543 622
544 622
545 622
546 622
547 622
548 622
549 622
550 622
551 622
552 622
553 622
554 622
555 622
556 622
557 622
558 622
559 622
560 622
561 622
562 622
563 622
564 622
565 622
566 622
567 622
568 622
569 622
570 622
571 622
572 622
573 622
574 622
575 622
576 622
577 622
578 622
579 622
580 622
581 622
582 622
583 622
584 622
585 622
586 622
587 622
588 622
589 622
590 622
591 622
592 622
593 622
594 622
595 622
596 622
597 622
598 622
599 622
600 622
601 622
602 622
603 622
604 622
605 622
606 622
607 622
608 622
609 622
610 622
611 622
612 622
613 622
614 622
615 622
616 622
617 622
618 622
619 622
620 622
621 622
622 623
