165
164
1 164
2 164
3 164
4 164
5 164
6 164
7 164
8 164
9 164
10 164
11 164
12 164
13 164
14 164
15 164
16 164
17 164
18 164
19 164
20 164
21 164
22 164
23 164
24 164
25 164
26 164
27 164
28 164
29 164
30 164
31 164
32 164
33 164
34 164
35 164
36 164
37 164
38 164
39 164
40 164
41 164
42 164
43 164
44 164
45 164
46 164
47 164
48 164
49 164
50 164
51 164
52 164
53 164
54 164
55 164
56 164
57 164
58 164
59 164
60 164
61 164
62 164
63 164
64 164
65 164
66 164
67 164
68 164
69 164
70 164
71 164
72 164
73 164
74 164
75 164
76 164
77 164
78 164
79 164
80 164
81 164
82 164
83 164
84 164
85 164
86 164
87 164
88 164
89 164
90 164
91 164
92 164
93 164
94 164
95 164
96 164
97 164
98 164
99 164
100 164
101 164
102 164
103 164
104 164
105 164
106 164
107 164
108 164
109 164
110 164
111 164
112 164
113 164
114 164
115 164
116 164
117 164
118 164
119 164
120 164
121 164
122 164
123 164
124 164
125 164
126 164
127 164
128 164
129 164
130 164
131 164
132 164
133 164
134 164
135 164
136 164
137 164
138 164
139 164
140 164
141 164
142 164
143 164
144 164
145 164
146 164
147 164
148 164
149 164
150 164
151 164
152 164
153 164
154 164
155 164
156 164
157 164
158 164
159 164
160 164
161 164
162 164
163 164
164 165
