611
610
1 610
2 610
3 610
4 610
5 610
6 610
7 610
8 610
9 610
10 610
11 610
12 610
13 610
14 610
15 610
16 610
17 610
18 610
19 610
20 610
21 610
22 610
23 610
24 610
25 610
26 610
27 610
28 610
29 610
30 610
31 610
32 610
33 610
34 610
35 610
36 610
37 610
38 610
39 610
40 610
41 610
42 610
43 610
44 610
45 610
46 610
47 610
48 610
49 610
50 610
51 610
52 610
53 610
54 610
55 610
56 610
57 610
58 610
59 610
60 610
61 610
62 610
63 610
64 610
65 610
66 610
67 610
68 610
69 610
70 610
71 610
72 610
73 610
74 610
75 610
76 610
77 610
78 610
79 610
80 610
81 610
82 610
83 610
84 610
85 610
86 610
87 610
88 610
89 610
90 610
91 610
92 610
93 610
94 610
95 610
96 610
97 610
98 610
99 610
100 610
101 610
102 610
103 610
104 610
105 610
106 610
107 610
108 610
109 610
110 610
111 610
112 610
113 610
114 610
115 610
116 610
117 610
118 610
119 610
120 610
121 610
122 610
123 610
124 610
125 610
126 610
127 610
128 610
129 610
130 610
131 610
132 610
133 610
134 610
135 610
136 610
137 610
138 610
139 610
140 610
141 610
142 610
143 610
144 610
145 610
146 610
147 610
148 610
149 610
150 610
151 610
152 610
153 610
154 610
155 610
156 610
157 610
158 610
159 610
160 610
161 610
162 610
163 610
164 610
165 610
166 610
167 610
168 610
169 610
170 610
171 610
172 610
173 610
174 610
175 610
176 610
177 610
178 610
179 610
180 610
181 610
182 610
183 610
184 610
185 610
186 610
187 610
188 610
189 610
190 610
191 610
192 610
193 610
194 610
195 610
196 610
197 610
198 610
199 610
200 610
201 610
202 610
203 610
204 610
205 610
206 610
207 610
208 610
209 610
210 610
211 610
212 610
213 610
214 610
215 610
216 610
217 610
218 610
219 610
220 610
221 610
222 610
223 610
224 610
225 610
226 610
227 610
228 610
229 610
230 610
231 610
232 610
233 610
234 610
235 610
236 610
237 610
238 610
239 610
240 610
241 610
242 610
243 610
244 610
245 610
246 610
247 610
248 610
249 610
250 610
251 610
252 610
253 610
254 610
255 610
256 610
257 610
258 610
259 610
260 610
261 610
262 610
263 610
264 610
265 610
266 610
267 610
268 610
269 610
270 610
271 610
272 610
273 610
274 610
275 610
276 610
277 610
278 610
279 610
280 610
281 610
282 610
283 610
284 610
285 610
286 610
287 610
288 610
289 610
290 610
291 610
292 610
293 610
294 610
295 610
296 610
297 610
298 610
299 610
300 610
301 610
302 610
303 610
304 610
305 610
306 610
307 610
308 610
309 610
310 610
311 610
312 610
313 610
314 610
315 610
316 610
317 610
318 610
319 610
320 610
321 610
322 610
323 610
324 610
325 610
326 610
327 610
328 610
329 610
330 610
331 610
332 610
333 610
334 610
335 610
336 610
337 610
338 610
339 610
340 610
341 610
342 610
343 610
344 610
345 610
346 610
347 610
348 610
349 610
350 610
351 610
352 610
353 610
354 610
355 610
356 610
357 610
358 610
359 610
360 610
361 610
362 610
363 610
364 610
365 610
366 610
367 610
368 610
369 610
370 610
371 610
372 610
373 610
374 610
375 610
376 610
377 610
378 610
379 610
380 610
381 610
382 610
383 610
384 610
385 610
386 610
387 610
388 610
389 610
390 610
391 610
392 610
393 610
394 610
395 610
396 610
397 610
398 610
399 610
400 610
401 610
402 610
403 610
404 610
405 610
406 610
407 610
408 610
409 610
410 610
411 610
412 610
413 610
414 610
415 610
416 610
417 610
418 610
419 610
420 610
421 610
422 610
423 610
424 610
425 610
426 610
427 610
428 610
429 610
430 610
431 610
432 610
433 610
434 610
435 610
436 610
437 610
438 610
439 610
440 610
441 610
442 610
443 610
444 610
445 610
446 610
447 610
448 610
449 610
450 610
451 610
452 610
453 610
454 610
455 610
456 610
457 610
458 610
459 610
460 610
461 610
462 610
463 610
464 610
465 610
466 610
467 610
468 610
469 610
470 610
471 610
472 610
473 610
474 610
475 610
476 610
477 610
478 610
479 610
480 610
481 610
482 610
483 610
484 610
485 610
486 610
487 610
488 610
489 610
490 610
491 610
492 610
493 610
494 610
495 610
496 610
497 610
498 610
499 610
500 610
501 610
502 610
503 610
504 610
505 610
506 610
507 610
508 610
509 610
510 610
511 610
512 610
513 610
514 610
515 610
516 610
517 610
518 610
519 610
520 610
521 610
522 610
523 610
524 610
525 610
526 610
527 610
528 610
529 610
530 610
531 610
532 610
533 610
534 610
535 610
536 610
537 610
538 610
539 610
540 610
541 610
542 610
543 610
544 610
545 610
546 610
547 610
548 610
549 610
550 610
551 610
552 610
553 610
554 610
555 610
556 610
557 610
558 610
559 610
560 610
561 610
562 610
563 610
564 610
565 610
566 610
567 610
568 610
569 610
570 610
571 610
572 610
573 610
574 610
575 610
576 610
577 610
578 610
579 610
580 610
581 610
582 610
583 610
584 610
585 610
586 610
587 610
588 610
589 610
590 610
591 610
592 610
593 610
594 610
595 610
596 610
597 610
598 610
599 610
600 610
601 610
602 610
603 610
604 610
605 610
606 610
607 610
608 610
609 610
610 611
