486
485
1 485
2 485
3 485
4 485
5 485
6 485
7 485
8 485
9 485
10 485
11 485
12 485
13 485
14 485
15 485
16 485
17 485
18 485
19 485
20 485
21 485
22 485
23 485
24 485
25 485
26 485
27 485
28 485
29 485
30 485
31 485
32 485
33 485
34 485
35 485
36 485
37 485
38 485
39 485
40 485
41 485
42 485
43 485
44 485
45 485
46 485
47 485
48 485
49 485
50 485
51 485
52 485
53 485
54 485
55 485
56 485
57 485
58 485
59 485
60 485
61 485
62 485
63 485
64 485
65 485
66 485
67 485
68 485
69 485
70 485
71 485
72 485
73 485
74 485
75 485
76 485
77 485
78 485
79 485
80 485
81 485
82 485
83 485
84 485
85 485
86 485
87 485
88 485
89 485
90 485
91 485
92 485
93 485
94 485
95 485
96 485
97 485
98 485
99 485
100 485
101 485
102 485
103 485
104 485
105 485
106 485
107 485
108 485
109 485
110 485
111 485
112 485
113 485
114 485
115 485
116 485
117 485
118 485
119 485
120 485
121 485
122 485
123 485
124 485
125 485
126 485
127 485
128 485
129 485
130 485
131 485
132 485
133 485
134 485
135 485
136 485
137 485
138 485
139 485
140 485
141 485
142 485
143 485
144 485
145 485
146 485
147 485
148 485
149 485
150 485
151 485
152 485
153 485
154 485
155 485
156 485
157 485
158 485
159 485
160 485
161 485
162 485
163 485
164 485
165 485
166 485
167 485
168 485
169 485
170 485
171 485
172 485
173 485
174 485
175 485
176 485
177 485
178 485
179 485
180 485
181 485
182 485
183 485
184 485
185 485
186 485
187 485
188 485
189 485
190 485
191 485
192 485
193 485
194 485
195 485
196 485
197 485
198 485
199 485
200 485
201 485
202 485
203 485
204 485
205 485
206 485
207 485
208 485
209 485
210 485
211 485
212 485
213 485
214 485
215 485
216 485
217 485
218 485
219 485
220 485
221 485
222 485
223 485
224 485
225 485
226 485
227 485
228 485
229 485
230 485
231 485
232 485
233 485
234 485
235 485
236 485
237 485
238 485
239 485
240 485
241 485
242 485
243 485
244 485
245 485
246 485
247 485
248 485
249 485
250 485
251 485
252 485
253 485
254 485
255 485
256 485
257 485
258 485
259 485
260 485
261 485
262 485
263 485
264 485
265 485
266 485
267 485
268 485
269 485
270 485
271 485
272 485
273 485
274 485
275 485
276 485
277 485
278 485
279 485
280 485
281 485
282 485
283 485
284 485
285 485
286 485
287 485
288 485
289 485
290 485
291 485
292 485
293 485
294 485
295 485
296 485
297 485
298 485
299 485
300 485
301 485
302 485
303 485
304 485
305 485
306 485
307 485
308 485
309 485
310 485
311 485
312 485
313 485
314 485
315 485
316 485
317 485
318 485
319 485
320 485
321 485
322 485
323 485
324 485
325 485
326 485
327 485
328 485
329 485
330 485
331 485
332 485
333 485
334 485
335 485
336 485
337 485
338 485
339 485
340 485
341 485
342 485
343 485
344 485
345 485
346 485
347 485
348 485
349 485
350 485
351 485
352 485
353 485
354 485
355 485
356 485
357 485
358 485
359 485
360 485
361 485
362 485
363 485
364 485
365 485
366 485
367 485
368 485
369 485
370 485
371 485
372 485
373 485
374 485
375 485
376 485
377 485
378 485
379 485
380 485
381 485
382 485
383 485
384 485
385 485
386 485
387 485
388 485
389 485
390 485
391 485
392 485
393 485
394 485
395 485
396 485
397 485
398 485
399 485
400 485
401 485
402 485
403 485
404 485
405 485
406 485
407 485
408 485
409 485
410 485
411 485
412 485
413 485
414 485
415 485
416 485
417 485
418 485
419 485
420 485
421 485
422 485
423 485
424 485
425 485
426 485
427 485
428 485
429 485
430 485
431 485
432 485
433 485
434 485
435 485
436 485
437 485
438 485
439 485
440 485
441 485
442 485
443 485
444 485
445 485
446 485
447 485
448 485
449 485
450 485
451 485
452 485
453 485
454 485
455 485
456 485
457 485
458 485
459 485
460 485
461 485
462 485
463 485
464 485
465 485
466 485
467 485
468 485
469 485
470 485
471 485
472 485
473 485
474 485
475 485
476 485
477 485
478 485
479 485
480 485
481 485
482 485
483 485
484 485
485 486
