895
894
1 894
2 894
3 894
4 894
5 894
6 894
7 894
8 894
9 894
10 894
11 894
12 894
13 894
14 894
15 894
16 894
17 894
18 894
19 894
20 894
21 894
22 894
23 894
24 894
25 894
26 894
27 894
28 894
29 894
30 894
31 894
32 894
33 894
34 894
35 894
36 894
37 894
38 894
39 894
40 894
41 894
42 894
43 894
44 894
45 894
46 894
47 894
48 894
49 894
50 894
51 894
52 894
53 894
54 894
55 894
56 894
57 894
58 894
59 894
60 894
61 894
62 894
63 894
64 894
65 894
66 894
67 894
68 894
69 894
70 894
71 894
72 894
73 894
74 894
75 894
76 894
77 894
78 894
79 894
80 894
81 894
82 894
83 894
84 894
85 894
86 894
87 894
88 894
89 894
90 894
91 894
92 894
93 894
94 894
95 894
96 894
97 894
98 894
99 894
100 894
101 894
102 894
103 894
104 894
105 894
106 894
107 894
108 894
109 894
110 894
111 894
112 894
113 894
114 894
115 894
116 894
117 894
118 894
119 894
120 894
121 894
122 894
123 894
124 894
125 894
126 894
127 894
128 894
129 894
130 894
131 894
132 894
133 894
134 894
135 894
136 894
137 894
138 894
139 894
140 894
141 894
142 894
143 894
144 894
145 894
146 894
147 894
148 894
149 894
150 894
151 894
152 894
153 894
154 894
155 894
156 894
157 894
158 894
159 894
160 894
161 894
162 894
163 894
164 894
165 894
166 894
167 894
168 894
169 894
170 894
171 894
172 894
173 894
174 894
175 894
176 894
177 894
178 894
179 894
180 894
181 894
182 894
183 894
184 894
185 894
186 894
187 894
188 894
189 894
190 894
191 894
192 894
193 894
194 894
195 894
196 894
197 894
198 894
199 894
200 894
201 894
202 894
203 894
204 894
205 894
206 894
207 894
208 894
209 894
210 894
211 894
212 894
213 894
214 894
215 894
216 894
217 894
218 894
219 894
220 894
221 894
222 894
223 894
224 894
225 894
226 894
227 894
228 894
229 894
230 894
231 894
232 894
233 894
234 894
235 894
236 894
237 894
238 894
239 894
240 894
241 894
242 894
243 894
244 894
245 894
246 894
247 894
248 894
249 894
250 894
251 894
252 894
253 894
254 894
255 894
256 894
257 894
258 894
259 894
260 894
261 894
262 894
263 894
264 894
265 894
266 894
267 894
268 894
269 894
270 894
271 894
272 894
273 894
274 894
275 894
276 894
277 894
278 894
279 894
280 894
281 894
282 894
283 894
284 894
285 894
286 894
287 894
288 894
289 894
290 894
291 894
292 894
293 894
294 894
295 894
296 894
297 894
298 894
299 894
300 894
301 894
302 894
303 894
304 894
305 894
306 894
307 894
308 894
309 894
310 894
311 894
312 894
313 894
314 894
315 894
316 894
317 894
318 894
319 894
320 894
321 894
322 894
323 894
324 894
325 894
326 894
327 894
328 894
329 894
330 894
331 894
332 894
333 894
334 894
335 894
336 894
337 894
338 894
339 894
340 894
341 894
342 894
343 894
344 894
345 894
346 894
347 894
348 894
349 894
350 894
351 894
352 894
353 894
354 894
355 894
356 894
357 894
358 894
359 894
360 894
361 894
362 894
363 894
364 894
365 894
366 894
367 894
368 894
369 894
370 894
371 894
372 894
373 894
374 894
375 894
376 894
377 894
378 894
379 894
380 894
381 894
382 894
383 894
384 894
385 894
386 894
387 894
388 894
389 894
390 894
391 894
392 894
393 894
394 894
395 894
396 894
397 894
398 894
399 894
400 894
401 894
402 894
403 894
404 894
405 894
406 894
407 894
408 894
409 894
410 894
411 894
412 894
413 894
414 894
415 894
416 894
417 894
418 894
419 894
420 894
421 894
422 894
423 894
424 894
425 894
426 894
427 894
428 894
429 894
430 894
431 894
432 894
433 894
434 894
435 894
436 894
437 894
438 894
439 894
440 894
441 894
442 894
443 894
444 894
445 894
446 894
447 894
448 894
449 894
450 894
451 894
452 894
453 894
454 894
455 894
456 894
457 894
458 894
459 894
460 894
461 894
462 894
463 894
464 894
465 894
466 894
467 894
468 894
469 894
470 894
471 894
472 894
473 894
474 894
475 894
476 894
477 894
478 894
479 894
480 894
481 894
482 894
483 894
484 894
485 894
486 894
487 894
488 894
489 894
490 894
491 894
492 894
493 894
494 894
495 894
496 894
497 894
498 894
499 894
500 894
501 894
502 894
503 894
504 894
505 894
506 894
507 894
508 894
509 894
510 894
511 894
512 894
513 894
514 894
515 894
516 894
517 894
518 894
519 894
520 894
521 894
522 894
523 894
524 894
525 894
526 894
527 894
528 894
529 894
530 894
531 894
532 894
533 894
534 894
535 894
536 894
537 894
538 894
539 894
540 894
541 894
542 894
543 894
544 894
545 894
546 894
547 894
548 894
549 894
550 894
551 894
552 894
553 894
554 894
555 894
556 894
557 894
558 894
559 894
560 894
561 894
562 894
563 894
564 894
565 894
566 894
567 894
568 894
569 894
570 894
571 894
572 894
573 894
574 894
575 894
576 894
577 894
578 894
579 894
580 894
581 894
582 894
583 894
584 894
585 894
586 894
587 894
588 894
589 894
590 894
591 894
592 894
593 894
594 894
595 894
596 894
597 894
598 894
599 894
600 894
601 894
602 894
603 894
604 894
605 894
606 894
607 894
608 894
609 894
610 894
611 894
612 894
613 894
614 894
615 894
616 894
617 894
618 894
619 894
620 894
621 894
622 894
623 894
624 894
625 894
626 894
627 894
628 894
629 894
630 894
631 894
632 894
633 894
634 894
635 894
636 894
637 894
638 894
639 894
640 894
641 894
642 894
643 894
644 894
645 894
646 894
647 894
648 894
649 894
650 894
651 894
652 894
653 894
654 894
655 894
656 894
657 894
658 894
659 894
660 894
661 894
662 894
663 894
664 894
665 894
666 894
667 894
668 894
669 894
670 894
671 894
672 894
673 894
674 894
675 894
676 894
677 894
678 894
679 894
680 894
681 894
682 894
683 894
684 894
685 894
686 894
687 894
688 894
689 894
690 894
691 894
692 894
693 894
694 894
695 894
696 894
697 894
698 894
699 894
700 894
701 894
702 894
703 894
704 894
705 894
706 894
707 894
708 894
709 894
710 894
711 894
712 894
713 894
714 894
715 894
716 894
717 894
718 894
719 894
720 894
721 894
722 894
723 894
724 894
725 894
726 894
727 894
728 894
729 894
730 894
731 894
732 894
733 894
734 894
735 894
736 894
737 894
738 894
739 894
740 894
741 894
742 894
743 894
744 894
745 894
746 894
747 894
748 894
749 894
750 894
751 894
752 894
753 894
754 894
755 894
756 894
757 894
758 894
759 894
760 894
761 894
762 894
763 894
764 894
765 894
766 894
767 894
768 894
769 894
770 894
771 894
772 894
773 894
774 894
775 894
776 894
777 894
778 894
779 894
780 894
781 894
782 894
783 894
784 894
785 894
786 894
787 894
788 894
789 894
790 894
791 894
792 894
793 894
794 894
795 894
796 894
797 894
798 894
799 894
800 894
801 894
802 894
803 894
804 894
805 894
806 894
807 894
808 894
809 894
810 894
811 894
812 894
813 894
814 894
815 894
816 894
817 894
818 894
819 894
820 894
821 894
822 894
823 894
824 894
825 894
826 894
827 894
828 894
829 894
830 894
831 894
832 894
833 894
834 894
835 894
836 894
837 894
838 894
839 894
840 894
841 894
842 894
843 894
844 894
845 894
846 894
847 894
848 894
849 894
850 894
851 894
852 894
853 894
854 894
855 894
856 894
857 894
858 894
859 894
860 894
861 894
862 894
863 894
864 894
865 894
866 894
867 894
868 894
869 894
870 894
871 894
872 894
873 894
874 894
875 894
876 894
877 894
878 894
879 894
880 894
881 894
882 894
883 894
884 894
885 894
886 894
887 894
888 894
889 894
890 894
891 894
892 894
893 894
894 895
