411
410
1 410
2 410
3 410
4 410
5 410
6 410
7 410
8 410
9 410
10 410
11 410
12 410
13 410
14 410
15 410
16 410
17 410
18 410
19 410
20 410
21 410
22 410
23 410
24 410
25 410
26 410
27 410
28 410
29 410
30 410
31 410
32 410
33 410
34 410
35 410
36 410
37 410
38 410
39 410
40 410
41 410
42 410
43 410
44 410
45 410
46 410
47 410
48 410
49 410
50 410
51 410
52 410
53 410
54 410
55 410
56 410
57 410
58 410
59 410
60 410
61 410
62 410
63 410
64 410
65 410
66 410
67 410
68 410
69 410
70 410
71 410
72 410
73 410
74 410
75 410
76 410
77 410
78 410
79 410
80 410
81 410
82 410
83 410
84 410
85 410
86 410
87 410
88 410
89 410
90 410
91 410
92 410
93 410
94 410
95 410
96 410
97 410
98 410
99 410
100 410
101 410
102 410
103 410
104 410
105 410
106 410
107 410
108 410
109 410
110 410
111 410
112 410
113 410
114 410
115 410
116 410
117 410
118 410
119 410
120 410
121 410
122 410
123 410
124 410
125 410
126 410
127 410
128 410
129 410
130 410
131 410
132 410
133 410
134 410
135 410
136 410
137 410
138 410
139 410
140 410
141 410
142 410
143 410
144 410
145 410
146 410
147 410
148 410
149 410
150 410
151 410
152 410
153 410
154 410
155 410
156 410
157 410
158 410
159 410
160 410
161 410
162 410
163 410
164 410
165 410
166 410
167 410
168 410
169 410
170 410
171 410
172 410
173 410
174 410
175 410
176 410
177 410
178 410
179 410
180 410
181 410
182 410
183 410
184 410
185 410
186 410
187 410
188 410
189 410
190 410
191 410
192 410
193 410
194 410
195 410
196 410
197 410
198 410
199 410
200 410
201 410
202 410
203 410
204 410
205 410
206 410
207 410
208 410
209 410
210 410
211 410
212 410
213 410
214 410
215 410
216 410
217 410
218 410
219 410
220 410
221 410
222 410
223 410
224 410
225 410
226 410
227 410
228 410
229 410
230 410
231 410
232 410
233 410
234 410
235 410
236 410
237 410
238 410
239 410
240 410
241 410
242 410
243 410
244 410
245 410
246 410
247 410
248 410
249 410
250 410
251 410
252 410
253 410
254 410
255 410
256 410
257 410
258 410
259 410
260 410
261 410
262 410
263 410
264 410
265 410
266 410
267 410
268 410
269 410
270 410
271 410
272 410
273 410
274 410
275 410
276 410
277 410
278 410
279 410
280 410
281 410
282 410
283 410
284 410
285 410
286 410
287 410
288 410
289 410
290 410
291 410
292 410
293 410
294 410
295 410
296 410
297 410
298 410
299 410
300 410
301 410
302 410
303 410
304 410
305 410
306 410
307 410
308 410
309 410
310 410
311 410
312 410
313 410
314 410
315 410
316 410
317 410
318 410
319 410
320 410
321 410
322 410
323 410
324 410
325 410
326 410
327 410
328 410
329 410
330 410
331 410
332 410
333 410
334 410
335 410
336 410
337 410
338 410
339 410
340 410
341 410
342 410
343 410
344 410
345 410
346 410
347 410
348 410
349 410
350 410
351 410
352 410
353 410
354 410
355 410
356 410
357 410
358 410
359 410
360 410
361 410
362 410
363 410
364 410
365 410
366 410
367 410
368 410
369 410
370 410
371 410
372 410
373 410
374 410
375 410
376 410
377 410
378 410
379 410
380 410
381 410
382 410
383 410
384 410
385 410
386 410
387 410
388 410
389 410
390 410
391 410
392 410
393 410
394 410
395 410
396 410
397 410
398 410
399 410
400 410
401 410
402 410
403 410
404 410
405 410
406 410
407 410
408 410
409 410
410 411
