762
761
1 761
2 761
3 761
4 761
5 761
6 761
7 761
8 761
9 761
10 761
11 761
12 761
13 761
14 761
15 761
16 761
17 761
18 761
19 761
20 761
21 761
22 761
23 761
24 761
25 761
26 761
27 761
28 761
29 761
30 761
31 761
32 761
33 761
34 761
35 761
36 761
37 761
38 761
39 761
40 761
41 761
42 761
43 761
44 761
45 761
46 761
47 761
48 761
49 761
50 761
51 761
52 761
53 761
54 761
55 761
56 761
57 761
58 761
59 761
60 761
61 761
62 761
63 761
64 761
65 761
66 761
67 761
68 761
69 761
70 761
71 761
72 761
73 761
74 761
75 761
76 761
77 761
78 761
79 761
80 761
81 761
82 761
83 761
84 761
85 761
86 761
87 761
88 761
89 761
90 761
91 761
92 761
93 761
94 761
95 761
96 761
97 761
98 761
99 761
100 761
101 761
102 761
103 761
104 761
105 761
106 761
107 761
108 761
109 761
110 761
111 761
112 761
113 761
114 761
115 761
116 761
117 761
118 761
119 761
120 761
121 761
122 761
123 761
124 761
125 761
126 761
127 761
128 761
129 761
130 761
131 761
132 761
133 761
134 761
135 761
136 761
137 761
138 761
139 761
140 761
141 761
142 761
143 761
144 761
145 761
146 761
147 761
148 761
149 761
150 761
151 761
152 761
153 761
154 761
155 761
156 761
157 761
158 761
159 761
160 761
161 761
162 761
163 761
164 761
165 761
166 761
167 761
168 761
169 761
170 761
171 761
172 761
173 761
174 761
175 761
176 761
177 761
178 761
179 761
180 761
181 761
182 761
183 761
184 761
185 761
186 761
187 761
188 761
189 761
190 761
191 761
192 761
193 761
194 761
195 761
196 761
197 761
198 761
199 761
200 761
201 761
202 761
203 761
204 761
205 761
206 761
207 761
208 761
209 761
210 761
211 761
212 761
213 761
214 761
215 761
216 761
217 761
218 761
219 761
220 761
221 761
222 761
223 761
224 761
225 761
226 761
227 761
228 761
229 761
230 761
231 761
232 761
233 761
234 761
235 761
236 761
237 761
238 761
239 761
240 761
241 761
242 761
243 761
244 761
245 761
246 761
247 761
248 761
249 761
250 761
251 761
252 761
253 761
254 761
255 761
256 761
257 761
258 761
259 761
260 761
261 761
262 761
263 761
264 761
265 761
266 761
267 761
268 761
269 761
270 761
271 761
272 761
273 761
274 761
275 761
276 761
277 761
278 761
279 761
280 761
281 761
282 761
283 761
284 761
285 761
286 761
287 761
288 761
289 761
290 761
291 761
292 761
293 761
294 761
295 761
296 761
297 761
298 761
299 761
300 761
301 761
302 761
303 761
304 761
305 761
306 761
307 761
308 761
309 761
310 761
311 761
312 761
313 761
314 761
315 761
316 761
317 761
318 761
319 761
320 761
321 761
322 761
323 761
324 761
325 761
326 761
327 761
328 761
329 761
330 761
331 761
332 761
333 761
334 761
335 761
336 761
337 761
338 761
339 761
340 761
341 761
342 761
343 761
344 761
345 761
346 761
347 761
348 761
349 761
350 761
351 761
352 761
353 761
354 761
355 761
356 761
357 761
358 761
359 761
360 761
361 761
362 761
363 761
364 761
365 761
366 761
367 761
368 761
369 761
370 761
371 761
372 761
373 761
374 761
375 761
376 761
377 761
378 761
379 761
380 761
381 761
382 761
383 761
384 761
385 761
386 761
387 761
388 761
389 761
390 761
391 761
392 761
393 761
394 761
395 761
396 761
397 761
398 761
399 761
400 761
401 761
402 761
403 761
404 761
405 761
406 761
407 761
408 761
409 761
410 761
411 761
412 761
413 761
414 761
415 761
416 761
417 761
418 761
419 761
420 761
421 761
422 761
423 761
424 761
425 761
426 761
427 761
428 761
429 761
430 761
431 761
432 761
433 761
434 761
435 761
436 761
437 761
438 761
439 761
440 761
441 761
442 761
443 761
444 761
445 761
446 761
447 761
448 761
449 761
450 761
451 761
452 761
453 761
454 761
455 761
456 761
457 761
458 761
459 761
460 761
461 761
462 761
463 761
464 761
465 761
466 761
467 761
468 761
469 761
470 761
471 761
472 761
473 761
474 761
475 761
476 761
477 761
478 761
479 761
480 761
481 761
482 761
483 761
484 761
485 761
486 761
487 761
488 761
489 761
490 761
491 761
492 761
493 761
494 761
495 761
496 761
497 761
498 761
499 761
500 761
501 761
502 761
503 761
504 761
505 761
506 761
507 761
508 761
509 761
510 761
511 761
512 761
513 761
514 761
515 761
516 761
517 761
518 761
519 761
520 761
521 761
522 761
523 761
524 761
525 761
526 761
527 761
528 761
529 761
530 761
531 761
532 761
533 761
534 761
535 761
536 761
537 761
538 761
539 761
540 761
541 761
542 761
543 761
544 761
545 761
546 761
547 761
548 761
549 761
550 761
551 761
552 761
553 761
554 761
555 761
556 761
557 761
558 761
559 761
560 761
561 761
562 761
563 761
564 761
565 761
566 761
567 761
568 761
569 761
570 761
571 761
572 761
573 761
574 761
575 761
576 761
577 761
578 761
579 761
580 761
581 761
582 761
583 761
584 761
585 761
586 761
587 761
588 761
589 761
590 761
591 761
592 761
593 761
594 761
595 761
596 761
597 761
598 761
599 761
600 761
601 761
602 761
603 761
604 761
605 761
606 761
607 761
608 761
609 761
610 761
611 761
612 761
613 761
614 761
615 761
616 761
617 761
618 761
619 761
620 761
621 761
622 761
623 761
624 761
625 761
626 761
627 761
628 761
629 761
630 761
631 761
632 761
633 761
634 761
635 761
636 761
637 761
638 761
639 761
640 761
641 761
642 761
643 761
644 761
645 761
646 761
647 761
648 761
649 761
650 761
651 761
652 761
653 761
654 761
655 761
656 761
657 761
658 761
659 761
660 761
661 761
662 761
663 761
664 761
665 761
666 761
667 761
668 761
669 761
670 761
671 761
672 761
673 761
674 761
675 761
676 761
677 761
678 761
679 761
680 761
681 761
682 761
683 761
684 761
685 761
686 761
687 761
688 761
689 761
690 761
691 761
692 761
693 761
694 761
695 761
696 761
697 761
698 761
699 761
700 761
701 761
702 761
703 761
704 761
705 761
706 761
707 761
708 761
709 761
710 761
711 761
712 761
713 761
714 761
715 761
716 761
717 761
718 761
719 761
720 761
721 761
722 761
723 761
724 761
725 761
726 761
727 761
728 761
729 761
730 761
731 761
732 761
733 761
734 761
735 761
736 761
737 761
738 761
739 761
740 761
741 761
742 761
743 761
744 761
745 761
746 761
747 761
748 761
749 761
750 761
751 761
752 761
753 761
754 761
755 761
756 761
757 761
758 761
759 761
760 761
761 762
