846
845
1 845
2 845
3 845
4 845
5 845
6 845
7 845
8 845
9 845
10 845
11 845
12 845
13 845
14 845
15 845
16 845
17 845
18 845
19 845
20 845
21 845
22 845
23 845
24 845
25 845
26 845
27 845
28 845
29 845
30 845
31 845
32 845
33 845
34 845
35 845
36 845
37 845
38 845
39 845
40 845
41 845
42 845
43 845
44 845
45 845
46 845
47 845
48 845
49 845
50 845
51 845
52 845
53 845
54 845
55 845
56 845
57 845
58 845
59 845
60 845
61 845
62 845
63 845
64 845
65 845
66 845
67 845
68 845
69 845
70 845
71 845
72 845
73 845
74 845
75 845
76 845
77 845
78 845
79 845
80 845
81 845
82 845
83 845
84 845
85 845
86 845
87 845
88 845
89 845
90 845
91 845
92 845
93 845
94 845
95 845
96 845
97 845
98 845
99 845
100 845
101 845
102 845
103 845
104 845
105 845
106 845
107 845
108 845
109 845
110 845
111 845
112 845
113 845
114 845
115 845
116 845
117 845
118 845
119 845
120 845
121 845
122 845
123 845
124 845
125 845
126 845
127 845
128 845
129 845
130 845
131 845
132 845
133 845
134 845
135 845
136 845
137 845
138 845
139 845
140 845
141 845
142 845
143 845
144 845
145 845
146 845
147 845
148 845
149 845
150 845
151 845
152 845
153 845
154 845
155 845
156 845
157 845
158 845
159 845
160 845
161 845
162 845
163 845
164 845
165 845
166 845
167 845
168 845
169 845
170 845
171 845
172 845
173 845
174 845
175 845
176 845
177 845
178 845
179 845
180 845
181 845
182 845
183 845
184 845
185 845
186 845
187 845
188 845
189 845
190 845
191 845
192 845
193 845
194 845
195 845
196 845
197 845
198 845
199 845
200 845
201 845
202 845
203 845
204 845
205 845
206 845
207 845
208 845
209 845
210 845
211 845
212 845
213 845
214 845
215 845
216 845
217 845
218 845
219 845
220 845
221 845
222 845
223 845
224 845
225 845
226 845
227 845
228 845
229 845
230 845
231 845
232 845
233 845
234 845
235 845
236 845
237 845
238 845
239 845
240 845
241 845
242 845
243 845
244 845
245 845
246 845
247 845
248 845
249 845
250 845
251 845
252 845
253 845
254 845
255 845
256 845
257 845
258 845
259 845
260 845
261 845
262 845
263 845
264 845
265 845
266 845
267 845
268 845
269 845
270 845
271 845
272 845
273 845
274 845
275 845
276 845
277 845
278 845
279 845
280 845
281 845
282 845
283 845
284 845
285 845
286 845
287 845
288 845
289 845
290 845
291 845
292 845
293 845
294 845
295 845
296 845
297 845
298 845
299 845
300 845
301 845
302 845
303 845
304 845
305 845
306 845
307 845
308 845
309 845
310 845
311 845
312 845
313 845
314 845
315 845
316 845
317 845
318 845
319 845
320 845
321 845
322 845
323 845
324 845
325 845
326 845
327 845
328 845
329 845
330 845
331 845
332 845
333 845
334 845
335 845
336 845
337 845
338 845
339 845
340 845
341 845
342 845
343 845
344 845
345 845
346 845
347 845
348 845
349 845
350 845
351 845
352 845
353 845
354 845
355 845
356 845
357 845
358 845
359 845
360 845
361 845
362 845
363 845
364 845
365 845
366 845
367 845
368 845
369 845
370 845
371 845
372 845
373 845
374 845
375 845
376 845
377 845
378 845
379 845
380 845
381 845
382 845
383 845
384 845
385 845
386 845
387 845
388 845
389 845
390 845
391 845
392 845
393 845
394 845
395 845
396 845
397 845
398 845
399 845
400 845
401 845
402 845
403 845
404 845
405 845
406 845
407 845
408 845
409 845
410 845
411 845
412 845
413 845
414 845
415 845
416 845
417 845
418 845
419 845
420 845
421 845
422 845
423 845
424 845
425 845
426 845
427 845
428 845
429 845
430 845
431 845
432 845
433 845
434 845
435 845
436 845
437 845
438 845
439 845
440 845
441 845
442 845
443 845
444 845
445 845
446 845
447 845
448 845
449 845
450 845
451 845
452 845
453 845
454 845
455 845
456 845
457 845
458 845
459 845
460 845
461 845
462 845
463 845
464 845
465 845
466 845
467 845
468 845
469 845
470 845
471 845
472 845
473 845
474 845
475 845
476 845
477 845
478 845
479 845
480 845
481 845
482 845
483 845
484 845
485 845
486 845
487 845
488 845
489 845
490 845
491 845
492 845
493 845
494 845
495 845
496 845
497 845
498 845
499 845
500 845
501 845
502 845
503 845
504 845
505 845
506 845
507 845
508 845
509 845
510 845
511 845
512 845
513 845
514 845
515 845
516 845
517 845
518 845
519 845
520 845
521 845
522 845
523 845
524 845
525 845
526 845
527 845
528 845
529 845
530 845
531 845
532 845
533 845
534 845
535 845
536 845
537 845
538 845
539 845
540 845
541 845
542 845
543 845
544 845
545 845
546 845
547 845
548 845
549 845
550 845
551 845
552 845
553 845
554 845
555 845
556 845
557 845
558 845
559 845
560 845
561 845
562 845
563 845
564 845
565 845
566 845
567 845
568 845
569 845
570 845
571 845
572 845
573 845
574 845
575 845
576 845
577 845
578 845
579 845
580 845
581 845
582 845
583 845
584 845
585 845
586 845
587 845
588 845
589 845
590 845
591 845
592 845
593 845
594 845
595 845
596 845
597 845
598 845
599 845
600 845
601 845
602 845
603 845
604 845
605 845
606 845
607 845
608 845
609 845
610 845
611 845
612 845
613 845
614 845
615 845
616 845
617 845
618 845
619 845
620 845
621 845
622 845
623 845
624 845
625 845
626 845
627 845
628 845
629 845
630 845
631 845
632 845
633 845
634 845
635 845
636 845
637 845
638 845
639 845
640 845
641 845
642 845
643 845
644 845
645 845
646 845
647 845
648 845
649 845
650 845
651 845
652 845
653 845
654 845
655 845
656 845
657 845
658 845
659 845
660 845
661 845
662 845
663 845
664 845
665 845
666 845
667 845
668 845
669 845
670 845
671 845
672 845
673 845
674 845
675 845
676 845
677 845
678 845
679 845
680 845
681 845
682 845
683 845
684 845
685 845
686 845
687 845
688 845
689 845
690 845
691 845
692 845
693 845
694 845
695 845
696 845
697 845
698 845
699 845
700 845
701 845
702 845
703 845
704 845
705 845
706 845
707 845
708 845
709 845
710 845
711 845
712 845
713 845
714 845
715 845
716 845
717 845
718 845
719 845
720 845
721 845
722 845
723 845
724 845
725 845
726 845
727 845
728 845
729 845
730 845
731 845
732 845
733 845
734 845
735 845
736 845
737 845
738 845
739 845
740 845
741 845
742 845
743 845
744 845
745 845
746 845
747 845
748 845
749 845
750 845
751 845
752 845
753 845
754 845
755 845
756 845
757 845
758 845
759 845
760 845
761 845
762 845
763 845
764 845
765 845
766 845
767 845
768 845
769 845
770 845
771 845
772 845
773 845
774 845
775 845
776 845
777 845
778 845
779 845
780 845
781 845
782 845
783 845
784 845
785 845
786 845
787 845
788 845
789 845
790 845
791 845
792 845
793 845
794 845
795 845
796 845
797 845
798 845
799 845
800 845
801 845
802 845
803 845
804 845
805 845
806 845
807 845
808 845
809 845
810 845
811 845
812 845
813 845
814 845
815 845
816 845
817 845
818 845
819 845
820 845
821 845
822 845
823 845
824 845
825 845
826 845
827 845
828 845
829 845
830 845
831 845
832 845
833 845
834 845
835 845
836 845
837 845
838 845
839 845
840 845
841 845
842 845
843 845
844 845
845 846
