731
730
1 730
2 730
3 730
4 730
5 730
6 730
7 730
8 730
9 730
10 730
11 730
12 730
13 730
14 730
15 730
16 730
17 730
18 730
19 730
20 730
21 730
22 730
23 730
24 730
25 730
26 730
27 730
28 730
29 730
30 730
31 730
32 730
33 730
34 730
35 730
36 730
37 730
38 730
39 730
40 730
41 730
42 730
43 730
44 730
45 730
46 730
47 730
48 730
49 730
50 730
51 730
52 730
53 730
54 730
55 730
56 730
57 730
58 730
59 730
60 730
61 730
62 730
63 730
64 730
65 730
66 730
67 730
68 730
69 730
70 730
71 730
72 730
73 730
74 730
75 730
76 730
77 730
78 730
79 730
80 730
81 730
82 730
83 730
84 730
85 730
86 730
87 730
88 730
89 730
90 730
91 730
92 730
93 730
94 730
95 730
96 730
97 730
98 730
99 730
100 730
101 730
102 730
103 730
104 730
105 730
106 730
107 730
108 730
109 730
110 730
111 730
112 730
113 730
114 730
115 730
116 730
117 730
118 730
119 730
120 730
121 730
122 730
123 730
124 730
125 730
126 730
127 730
128 730
129 730
130 730
131 730
132 730
133 730
134 730
135 730
136 730
137 730
138 730
139 730
140 730
141 730
142 730
143 730
144 730
145 730
146 730
147 730
148 730
149 730
150 730
151 730
152 730
153 730
154 730
155 730
156 730
157 730
158 730
159 730
160 730
161 730
162 730
163 730
164 730
165 730
166 730
167 730
168 730
169 730
170 730
171 730
172 730
173 730
174 730
175 730
176 730
177 730
178 730
179 730
180 730
181 730
182 730
183 730
184 730
185 730
186 730
187 730
188 730
189 730
190 730
191 730
192 730
193 730
194 730
195 730
196 730
197 730
198 730
199 730
200 730
201 730
202 730
203 730
204 730
205 730
206 730
207 730
208 730
209 730
210 730
211 730
212 730
213 730
214 730
215 730
216 730
217 730
218 730
219 730
220 730
221 730
222 730
223 730
224 730
225 730
226 730
227 730
228 730
229 730
230 730
231 730
232 730
233 730
234 730
235 730
236 730
237 730
238 730
239 730
240 730
241 730
242 730
243 730
244 730
245 730
246 730
247 730
248 730
249 730
250 730
251 730
252 730
253 730
254 730
255 730
256 730
257 730
258 730
259 730
260 730
261 730
262 730
263 730
264 730
265 730
266 730
267 730
268 730
269 730
270 730
271 730
272 730
273 730
274 730
275 730
276 730
277 730
278 730
279 730
280 730
281 730
282 730
283 730
284 730
285 730
286 730
287 730
288 730
289 730
290 730
291 730
292 730
293 730
294 730
295 730
296 730
297 730
298 730
299 730
300 730
301 730
302 730
303 730
304 730
305 730
306 730
307 730
308 730
309 730
310 730
311 730
312 730
313 730
314 730
315 730
316 730
317 730
318 730
319 730
320 730
321 730
322 730
323 730
324 730
325 730
326 730
327 730
328 730
329 730
330 730
331 730
332 730
333 730
334 730
335 730
336 730
337 730
338 730
339 730
340 730
341 730
342 730
343 730
344 730
345 730
346 730
347 730
348 730
349 730
350 730
351 730
352 730
353 730
354 730
355 730
356 730
357 730
358 730
359 730
360 730
361 730
362 730
363 730
364 730
365 730
366 730
367 730
368 730
369 730
370 730
371 730
372 730
373 730
374 730
375 730
376 730
377 730
378 730
379 730
380 730
381 730
382 730
383 730
384 730
385 730
386 730
387 730
388 730
389 730
390 730
391 730
392 730
393 730
394 730
395 730
396 730
397 730
398 730
399 730
400 730
401 730
402 730
403 730
404 730
405 730
406 730
407 730
408 730
409 730
410 730
411 730
412 730
413 730
414 730
415 730
416 730
417 730
418 730
419 730
420 730
421 730
422 730
423 730
424 730
425 730
426 730
427 730
428 730
429 730
430 730
431 730
432 730
433 730
434 730
435 730
436 730
437 730
438 730
439 730
440 730
441 730
442 730
443 730
444 730
445 730
446 730
447 730
448 730
449 730
450 730
451 730
452 730
453 730
454 730
455 730
456 730
457 730
458 730
459 730
460 730
461 730
462 730
463 730
464 730
465 730
466 730
467 730
468 730
469 730
470 730
471 730
472 730
473 730
474 730
475 730
476 730
477 730
478 730
479 730
480 730
481 730
482 730
483 730
484 730
485 730
486 730
487 730
488 730
489 730
490 730
491 730
492 730
493 730
494 730
495 730
496 730
497 730
498 730
499 730
500 730
501 730
502 730
503 730
504 730
505 730
506 730
507 730
508 730
509 730
510 730
511 730
512 730
513 730
514 730
515 730
516 730
517 730
518 730
519 730
520 730
521 730
522 730
523 730
524 730
525 730
526 730
527 730
528 730
529 730
530 730
531 730
532 730
533 730
534 730
535 730
536 730
537 730
538 730
539 730
540 730
541 730
542 730
543 730
544 730
545 730
546 730
547 730
548 730
549 730
550 730
551 730
552 730
553 730
554 730
555 730
556 730
557 730
558 730
559 730
560 730
561 730
562 730
563 730
564 730
565 730
566 730
567 730
568 730
569 730
570 730
571 730
572 730
573 730
574 730
575 730
576 730
577 730
578 730
579 730
580 730
581 730
582 730
583 730
584 730
585 730
586 730
587 730
588 730
589 730
590 730
591 730
592 730
593 730
594 730
595 730
596 730
597 730
598 730
599 730
600 730
601 730
602 730
603 730
604 730
605 730
606 730
607 730
608 730
609 730
610 730
611 730
612 730
613 730
614 730
615 730
616 730
617 730
618 730
619 730
620 730
621 730
622 730
623 730
624 730
625 730
626 730
627 730
628 730
629 730
630 730
631 730
632 730
633 730
634 730
635 730
636 730
637 730
638 730
639 730
640 730
641 730
642 730
643 730
644 730
645 730
646 730
647 730
648 730
649 730
650 730
651 730
652 730
653 730
654 730
655 730
656 730
657 730
658 730
659 730
660 730
661 730
662 730
663 730
664 730
665 730
666 730
667 730
668 730
669 730
670 730
671 730
672 730
673 730
674 730
675 730
676 730
677 730
678 730
679 730
680 730
681 730
682 730
683 730
684 730
685 730
686 730
687 730
688 730
689 730
690 730
691 730
692 730
693 730
694 730
695 730
696 730
697 730
698 730
699 730
700 730
701 730
702 730
703 730
704 730
705 730
706 730
707 730
708 730
709 730
710 730
711 730
712 730
713 730
714 730
715 730
716 730
717 730
718 730
719 730
720 730
721 730
722 730
723 730
724 730
725 730
726 730
727 730
728 730
729 730
730 731
