710
709
1 709
2 709
3 709
4 709
5 709
6 709
7 709
8 709
9 709
10 709
11 709
12 709
13 709
14 709
15 709
16 709
17 709
18 709
19 709
20 709
21 709
22 709
23 709
24 709
25 709
26 709
27 709
28 709
29 709
30 709
31 709
32 709
33 709
34 709
35 709
36 709
37 709
38 709
39 709
40 709
41 709
42 709
43 709
44 709
45 709
46 709
47 709
48 709
49 709
50 709
51 709
52 709
53 709
54 709
55 709
56 709
57 709
58 709
59 709
60 709
61 709
62 709
63 709
64 709
65 709
66 709
67 709
68 709
69 709
70 709
71 709
72 709
73 709
74 709
75 709
76 709
77 709
78 709
79 709
80 709
81 709
82 709
83 709
84 709
85 709
86 709
87 709
88 709
89 709
90 709
91 709
92 709
93 709
94 709
95 709
96 709
97 709
98 709
99 709
100 709
101 709
102 709
103 709
104 709
105 709
106 709
107 709
108 709
109 709
110 709
111 709
112 709
113 709
114 709
115 709
116 709
117 709
118 709
119 709
120 709
121 709
122 709
123 709
124 709
125 709
126 709
127 709
128 709
129 709
130 709
131 709
132 709
133 709
134 709
135 709
136 709
137 709
138 709
139 709
140 709
141 709
142 709
143 709
144 709
145 709
146 709
147 709
148 709
149 709
150 709
151 709
152 709
153 709
154 709
155 709
156 709
157 709
158 709
159 709
160 709
161 709
162 709
163 709
164 709
165 709
166 709
167 709
168 709
169 709
170 709
171 709
172 709
173 709
174 709
175 709
176 709
177 709
178 709
179 709
180 709
181 709
182 709
183 709
184 709
185 709
186 709
187 709
188 709
189 709
190 709
191 709
192 709
193 709
194 709
195 709
196 709
197 709
198 709
199 709
200 709
201 709
202 709
203 709
204 709
205 709
206 709
207 709
208 709
209 709
210 709
211 709
212 709
213 709
214 709
215 709
216 709
217 709
218 709
219 709
220 709
221 709
222 709
223 709
224 709
225 709
226 709
227 709
228 709
229 709
230 709
231 709
232 709
233 709
234 709
235 709
236 709
237 709
238 709
239 709
240 709
241 709
242 709
243 709
244 709
245 709
246 709
247 709
248 709
249 709
250 709
251 709
252 709
253 709
254 709
255 709
256 709
257 709
258 709
259 709
260 709
261 709
262 709
263 709
264 709
265 709
266 709
267 709
268 709
269 709
270 709
271 709
272 709
273 709
274 709
275 709
276 709
277 709
278 709
279 709
280 709
281 709
282 709
283 709
284 709
285 709
286 709
287 709
288 709
289 709
290 709
291 709
292 709
293 709
294 709
295 709
296 709
297 709
298 709
299 709
300 709
301 709
302 709
303 709
304 709
305 709
306 709
307 709
308 709
309 709
310 709
311 709
312 709
313 709
314 709
315 709
316 709
317 709
318 709
319 709
320 709
321 709
322 709
323 709
324 709
325 709
326 709
327 709
328 709
329 709
330 709
331 709
332 709
333 709
334 709
335 709
336 709
337 709
338 709
339 709
340 709
341 709
342 709
343 709
344 709
345 709
346 709
347 709
348 709
349 709
350 709
351 709
352 709
353 709
354 709
355 709
356 709
357 709
358 709
359 709
360 709
361 709
362 709
363 709
364 709
365 709
366 709
367 709
368 709
369 709
370 709
371 709
372 709
373 709
374 709
375 709
376 709
377 709
378 709
379 709
380 709
381 709
382 709
383 709
384 709
385 709
386 709
387 709
388 709
389 709
390 709
391 709
392 709
393 709
394 709
395 709
396 709
397 709
398 709
399 709
400 709
401 709
402 709
403 709
404 709
405 709
406 709
407 709
408 709
409 709
410 709
411 709
412 709
413 709
414 709
415 709
416 709
417 709
418 709
419 709
420 709
421 709
422 709
423 709
424 709
425 709
426 709
427 709
428 709
429 709
430 709
431 709
432 709
433 709
434 709
435 709
436 709
437 709
438 709
439 709
440 709
441 709
442 709
443 709
444 709
445 709
446 709
447 709
448 709
449 709
450 709
451 709
452 709
453 709
454 709
455 709
456 709
457 709
458 709
459 709
460 709
461 709
462 709
463 709
464 709
465 709
466 709
467 709
468 709
469 709
470 709
471 709
472 709
473 709
474 709
475 709
476 709
477 709
478 709
479 709
480 709
481 709
482 709
483 709
484 709
485 709
486 709
487 709
488 709
489 709
490 709
491 709
492 709
493 709
494 709
495 709
496 709
497 709
498 709
499 709
500 709
501 709
502 709
503 709
504 709
505 709
506 709
507 709
508 709
509 709
510 709
511 709
512 709
513 709
514 709
515 709
516 709
517 709
518 709
519 709
520 709
521 709
522 709
523 709
524 709
525 709
526 709
527 709
528 709
529 709
530 709
531 709
532 709
533 709
534 709
535 709
536 709
537 709
538 709
539 709
540 709
541 709
542 709
543 709
544 709
545 709
546 709
547 709
548 709
549 709
550 709
551 709
552 709
553 709
554 709
555 709
556 709
557 709
558 709
559 709
560 709
561 709
562 709
563 709
564 709
565 709
566 709
567 709
568 709
569 709
570 709
571 709
572 709
573 709
574 709
575 709
576 709
577 709
578 709
579 709
580 709
581 709
582 709
583 709
584 709
585 709
586 709
587 709
588 709
589 709
590 709
591 709
592 709
593 709
594 709
595 709
596 709
597 709
598 709
599 709
600 709
601 709
602 709
603 709
604 709
605 709
606 709
607 709
608 709
609 709
610 709
611 709
612 709
613 709
614 709
615 709
616 709
617 709
618 709
619 709
620 709
621 709
622 709
623 709
624 709
625 709
626 709
627 709
628 709
629 709
630 709
631 709
632 709
633 709
634 709
635 709
636 709
637 709
638 709
639 709
640 709
641 709
642 709
643 709
644 709
645 709
646 709
647 709
648 709
649 709
650 709
651 709
652 709
653 709
654 709
655 709
656 709
657 709
658 709
659 709
660 709
661 709
662 709
663 709
664 709
665 709
666 709
667 709
668 709
669 709
670 709
671 709
672 709
673 709
674 709
675 709
676 709
677 709
678 709
679 709
680 709
681 709
682 709
683 709
684 709
685 709
686 709
687 709
688 709
689 709
690 709
691 709
692 709
693 709
694 709
695 709
696 709
697 709
698 709
699 709
700 709
701 709
702 709
703 709
704 709
705 709
706 709
707 709
708 709
709 710
