164
163
1 163
2 163
3 163
4 163
5 163
6 163
7 163
8 163
9 163
10 163
11 163
12 163
13 163
14 163
15 163
16 163
17 163
18 163
19 163
20 163
21 163
22 163
23 163
24 163
25 163
26 163
27 163
28 163
29 163
30 163
31 163
32 163
33 163
34 163
35 163
36 163
37 163
38 163
39 163
40 163
41 163
42 163
43 163
44 163
45 163
46 163
47 163
48 163
49 163
50 163
51 163
52 163
53 163
54 163
55 163
56 163
57 163
58 163
59 163
60 163
61 163
62 163
63 163
64 163
65 163
66 163
67 163
68 163
69 163
70 163
71 163
72 163
73 163
74 163
75 163
76 163
77 163
78 163
79 163
80 163
81 163
82 163
83 163
84 163
85 163
86 163
87 163
88 163
89 163
90 163
91 163
92 163
93 163
94 163
95 163
96 163
97 163
98 163
99 163
100 163
101 163
102 163
103 163
104 163
105 163
106 163
107 163
108 163
109 163
110 163
111 163
112 163
113 163
114 163
115 163
116 163
117 163
118 163
119 163
120 163
121 163
122 163
123 163
124 163
125 163
126 163
127 163
128 163
129 163
130 163
131 163
132 163
133 163
134 163
135 163
136 163
137 163
138 163
139 163
140 163
141 163
142 163
143 163
144 163
145 163
146 163
147 163
148 163
149 163
150 163
151 163
152 163
153 163
154 163
155 163
156 163
157 163
158 163
159 163
160 163
161 163
162 163
163 164
