893
892
1 892
2 892
3 892
4 892
5 892
6 892
7 892
8 892
9 892
10 892
11 892
12 892
13 892
14 892
15 892
16 892
17 892
18 892
19 892
20 892
21 892
22 892
23 892
24 892
25 892
26 892
27 892
28 892
29 892
30 892
31 892
32 892
33 892
34 892
35 892
36 892
37 892
38 892
39 892
40 892
41 892
42 892
43 892
44 892
45 892
46 892
47 892
48 892
49 892
50 892
51 892
52 892
53 892
54 892
55 892
56 892
57 892
58 892
59 892
60 892
61 892
62 892
63 892
64 892
65 892
66 892
67 892
68 892
69 892
70 892
71 892
72 892
73 892
74 892
75 892
76 892
77 892
78 892
79 892
80 892
81 892
82 892
83 892
84 892
85 892
86 892
87 892
88 892
89 892
90 892
91 892
92 892
93 892
94 892
95 892
96 892
97 892
98 892
99 892
100 892
101 892
102 892
103 892
104 892
105 892
106 892
107 892
108 892
109 892
110 892
111 892
112 892
113 892
114 892
115 892
116 892
117 892
118 892
119 892
120 892
121 892
122 892
123 892
124 892
125 892
126 892
127 892
128 892
129 892
130 892
131 892
132 892
133 892
134 892
135 892
136 892
137 892
138 892
139 892
140 892
141 892
142 892
143 892
144 892
145 892
146 892
147 892
148 892
149 892
150 892
151 892
152 892
153 892
154 892
155 892
156 892
157 892
158 892
159 892
160 892
161 892
162 892
163 892
164 892
165 892
166 892
167 892
168 892
169 892
170 892
171 892
172 892
173 892
174 892
175 892
176 892
177 892
178 892
179 892
180 892
181 892
182 892
183 892
184 892
185 892
186 892
187 892
188 892
189 892
190 892
191 892
192 892
193 892
194 892
195 892
196 892
197 892
198 892
199 892
200 892
201 892
202 892
203 892
204 892
205 892
206 892
207 892
208 892
209 892
210 892
211 892
212 892
213 892
214 892
215 892
216 892
217 892
218 892
219 892
220 892
221 892
222 892
223 892
224 892
225 892
226 892
227 892
228 892
229 892
230 892
231 892
232 892
233 892
234 892
235 892
236 892
237 892
238 892
239 892
240 892
241 892
242 892
243 892
244 892
245 892
246 892
247 892
248 892
249 892
250 892
251 892
252 892
253 892
254 892
255 892
256 892
257 892
258 892
259 892
260 892
261 892
262 892
263 892
264 892
265 892
266 892
267 892
268 892
269 892
270 892
271 892
272 892
273 892
274 892
275 892
276 892
277 892
278 892
279 892
280 892
281 892
282 892
283 892
284 892
285 892
286 892
287 892
288 892
289 892
290 892
291 892
292 892
293 892
294 892
295 892
296 892
297 892
298 892
299 892
300 892
301 892
302 892
303 892
304 892
305 892
306 892
307 892
308 892
309 892
310 892
311 892
312 892
313 892
314 892
315 892
316 892
317 892
318 892
319 892
320 892
321 892
322 892
323 892
324 892
325 892
326 892
327 892
328 892
329 892
330 892
331 892
332 892
333 892
334 892
335 892
336 892
337 892
338 892
339 892
340 892
341 892
342 892
343 892
344 892
345 892
346 892
347 892
348 892
349 892
350 892
351 892
352 892
353 892
354 892
355 892
356 892
357 892
358 892
359 892
360 892
361 892
362 892
363 892
364 892
365 892
366 892
367 892
368 892
369 892
370 892
371 892
372 892
373 892
374 892
375 892
376 892
377 892
378 892
379 892
380 892
381 892
382 892
383 892
384 892
385 892
386 892
387 892
388 892
389 892
390 892
391 892
392 892
393 892
394 892
395 892
396 892
397 892
398 892
399 892
400 892
401 892
402 892
403 892
404 892
405 892
406 892
407 892
408 892
409 892
410 892
411 892
412 892
413 892
414 892
415 892
416 892
417 892
418 892
419 892
420 892
421 892
422 892
423 892
424 892
425 892
426 892
427 892
428 892
429 892
430 892
431 892
432 892
433 892
434 892
435 892
436 892
437 892
438 892
439 892
440 892
441 892
442 892
443 892
444 892
445 892
446 892
447 892
448 892
449 892
450 892
451 892
452 892
453 892
454 892
455 892
456 892
457 892
458 892
459 892
460 892
461 892
462 892
463 892
464 892
465 892
466 892
467 892
468 892
469 892
470 892
471 892
472 892
473 892
474 892
475 892
476 892
477 892
478 892
479 892
480 892
481 892
482 892
483 892
484 892
485 892
486 892
487 892
488 892
489 892
490 892
491 892
492 892
493 892
494 892
495 892
496 892
497 892
498 892
499 892
500 892
501 892
502 892
503 892
504 892
505 892
506 892
507 892
508 892
509 892
510 892
511 892
512 892
513 892
514 892
515 892
516 892
517 892
518 892
519 892
520 892
521 892
522 892
523 892
524 892
525 892
526 892
527 892
528 892
529 892
530 892
531 892
532 892
533 892
534 892
535 892
536 892
537 892
538 892
539 892
540 892
541 892
542 892
543 892
544 892
545 892
546 892
547 892
548 892
549 892
550 892
551 892
552 892
553 892
554 892
555 892
556 892
557 892
558 892
559 892
560 892
561 892
562 892
563 892
564 892
565 892
566 892
567 892
568 892
569 892
570 892
571 892
572 892
573 892
574 892
575 892
576 892
577 892
578 892
579 892
580 892
581 892
582 892
583 892
584 892
585 892
586 892
587 892
588 892
589 892
590 892
591 892
592 892
593 892
594 892
595 892
596 892
597 892
598 892
599 892
600 892
601 892
602 892
603 892
604 892
605 892
606 892
607 892
608 892
609 892
610 892
611 892
612 892
613 892
614 892
615 892
616 892
617 892
618 892
619 892
620 892
621 892
622 892
623 892
624 892
625 892
626 892
627 892
628 892
629 892
630 892
631 892
632 892
633 892
634 892
635 892
636 892
637 892
638 892
639 892
640 892
641 892
642 892
643 892
644 892
645 892
646 892
647 892
648 892
649 892
650 892
651 892
652 892
653 892
654 892
655 892
656 892
657 892
658 892
659 892
660 892
661 892
662 892
663 892
664 892
665 892
666 892
667 892
668 892
669 892
670 892
671 892
672 892
673 892
674 892
675 892
676 892
677 892
678 892
679 892
680 892
681 892
682 892
683 892
684 892
685 892
686 892
687 892
688 892
689 892
690 892
691 892
692 892
693 892
694 892
695 892
696 892
697 892
698 892
699 892
700 892
701 892
702 892
703 892
704 892
705 892
706 892
707 892
708 892
709 892
710 892
711 892
712 892
713 892
714 892
715 892
716 892
717 892
718 892
719 892
720 892
721 892
722 892
723 892
724 892
725 892
726 892
727 892
728 892
729 892
730 892
731 892
732 892
733 892
734 892
735 892
736 892
737 892
738 892
739 892
740 892
741 892
742 892
743 892
744 892
745 892
746 892
747 892
748 892
749 892
750 892
751 892
752 892
753 892
754 892
755 892
756 892
757 892
758 892
759 892
760 892
761 892
762 892
763 892
764 892
765 892
766 892
767 892
768 892
769 892
770 892
771 892
772 892
773 892
774 892
775 892
776 892
777 892
778 892
779 892
780 892
781 892
782 892
783 892
784 892
785 892
786 892
787 892
788 892
789 892
790 892
791 892
792 892
793 892
794 892
795 892
796 892
797 892
798 892
799 892
800 892
801 892
802 892
803 892
804 892
805 892
806 892
807 892
808 892
809 892
810 892
811 892
812 892
813 892
814 892
815 892
816 892
817 892
818 892
819 892
820 892
821 892
822 892
823 892
824 892
825 892
826 892
827 892
828 892
829 892
830 892
831 892
832 892
833 892
834 892
835 892
836 892
837 892
838 892
839 892
840 892
841 892
842 892
843 892
844 892
845 892
846 892
847 892
848 892
849 892
850 892
851 892
852 892
853 892
854 892
855 892
856 892
857 892
858 892
859 892
860 892
861 892
862 892
863 892
864 892
865 892
866 892
867 892
868 892
869 892
870 892
871 892
872 892
873 892
874 892
875 892
876 892
877 892
878 892
879 892
880 892
881 892
882 892
883 892
884 892
885 892
886 892
887 892
888 892
889 892
890 892
891 892
892 893
