383
382
1 382
2 382
3 382
4 382
5 382
6 382
7 382
8 382
9 382
10 382
11 382
12 382
13 382
14 382
15 382
16 382
17 382
18 382
19 382
20 382
21 382
22 382
23 382
24 382
25 382
26 382
27 382
28 382
29 382
30 382
31 382
32 382
33 382
34 382
35 382
36 382
37 382
38 382
39 382
40 382
41 382
42 382
43 382
44 382
45 382
46 382
47 382
48 382
49 382
50 382
51 382
52 382
53 382
54 382
55 382
56 382
57 382
58 382
59 382
60 382
61 382
62 382
63 382
64 382
65 382
66 382
67 382
68 382
69 382
70 382
71 382
72 382
73 382
74 382
75 382
76 382
77 382
78 382
79 382
80 382
81 382
82 382
83 382
84 382
85 382
86 382
87 382
88 382
89 382
90 382
91 382
92 382
93 382
94 382
95 382
96 382
97 382
98 382
99 382
100 382
101 382
102 382
103 382
104 382
105 382
106 382
107 382
108 382
109 382
110 382
111 382
112 382
113 382
114 382
115 382
116 382
117 382
118 382
119 382
120 382
121 382
122 382
123 382
124 382
125 382
126 382
127 382
128 382
129 382
130 382
131 382
132 382
133 382
134 382
135 382
136 382
137 382
138 382
139 382
140 382
141 382
142 382
143 382
144 382
145 382
146 382
147 382
148 382
149 382
150 382
151 382
152 382
153 382
154 382
155 382
156 382
157 382
158 382
159 382
160 382
161 382
162 382
163 382
164 382
165 382
166 382
167 382
168 382
169 382
170 382
171 382
172 382
173 382
174 382
175 382
176 382
177 382
178 382
179 382
180 382
181 382
182 382
183 382
184 382
185 382
186 382
187 382
188 382
189 382
190 382
191 382
192 382
193 382
194 382
195 382
196 382
197 382
198 382
199 382
200 382
201 382
202 382
203 382
204 382
205 382
206 382
207 382
208 382
209 382
210 382
211 382
212 382
213 382
214 382
215 382
216 382
217 382
218 382
219 382
220 382
221 382
222 382
223 382
224 382
225 382
226 382
227 382
228 382
229 382
230 382
231 382
232 382
233 382
234 382
235 382
236 382
237 382
238 382
239 382
240 382
241 382
242 382
243 382
244 382
245 382
246 382
247 382
248 382
249 382
250 382
251 382
252 382
253 382
254 382
255 382
256 382
257 382
258 382
259 382
260 382
261 382
262 382
263 382
264 382
265 382
266 382
267 382
268 382
269 382
270 382
271 382
272 382
273 382
274 382
275 382
276 382
277 382
278 382
279 382
280 382
281 382
282 382
283 382
284 382
285 382
286 382
287 382
288 382
289 382
290 382
291 382
292 382
293 382
294 382
295 382
296 382
297 382
298 382
299 382
300 382
301 382
302 382
303 382
304 382
305 382
306 382
307 382
308 382
309 382
310 382
311 382
312 382
313 382
314 382
315 382
316 382
317 382
318 382
319 382
320 382
321 382
322 382
323 382
324 382
325 382
326 382
327 382
328 382
329 382
330 382
331 382
332 382
333 382
334 382
335 382
336 382
337 382
338 382
339 382
340 382
341 382
342 382
343 382
344 382
345 382
346 382
347 382
348 382
349 382
350 382
351 382
352 382
353 382
354 382
355 382
356 382
357 382
358 382
359 382
360 382
361 382
362 382
363 382
364 382
365 382
366 382
367 382
368 382
369 382
370 382
371 382
372 382
373 382
374 382
375 382
376 382
377 382
378 382
379 382
380 382
381 382
382 383
