947
946
1 946
2 946
3 946
4 946
5 946
6 946
7 946
8 946
9 946
10 946
11 946
12 946
13 946
14 946
15 946
16 946
17 946
18 946
19 946
20 946
21 946
22 946
23 946
24 946
25 946
26 946
27 946
28 946
29 946
30 946
31 946
32 946
33 946
34 946
35 946
36 946
37 946
38 946
39 946
40 946
41 946
42 946
43 946
44 946
45 946
46 946
47 946
48 946
49 946
50 946
51 946
52 946
53 946
54 946
55 946
56 946
57 946
58 946
59 946
60 946
61 946
62 946
63 946
64 946
65 946
66 946
67 946
68 946
69 946
70 946
71 946
72 946
73 946
74 946
75 946
76 946
77 946
78 946
79 946
80 946
81 946
82 946
83 946
84 946
85 946
86 946
87 946
88 946
89 946
90 946
91 946
92 946
93 946
94 946
95 946
96 946
97 946
98 946
99 946
100 946
101 946
102 946
103 946
104 946
105 946
106 946
107 946
108 946
109 946
110 946
111 946
112 946
113 946
114 946
115 946
116 946
117 946
118 946
119 946
120 946
121 946
122 946
123 946
124 946
125 946
126 946
127 946
128 946
129 946
130 946
131 946
132 946
133 946
134 946
135 946
136 946
137 946
138 946
139 946
140 946
141 946
142 946
143 946
144 946
145 946
146 946
147 946
148 946
149 946
150 946
151 946
152 946
153 946
154 946
155 946
156 946
157 946
158 946
159 946
160 946
161 946
162 946
163 946
164 946
165 946
166 946
167 946
168 946
169 946
170 946
171 946
172 946
173 946
174 946
175 946
176 946
177 946
178 946
179 946
180 946
181 946
182 946
183 946
184 946
185 946
186 946
187 946
188 946
189 946
190 946
191 946
192 946
193 946
194 946
195 946
196 946
197 946
198 946
199 946
200 946
201 946
202 946
203 946
204 946
205 946
206 946
207 946
208 946
209 946
210 946
211 946
212 946
213 946
214 946
215 946
216 946
217 946
218 946
219 946
220 946
221 946
222 946
223 946
224 946
225 946
226 946
227 946
228 946
229 946
230 946
231 946
232 946
233 946
234 946
235 946
236 946
237 946
238 946
239 946
240 946
241 946
242 946
243 946
244 946
245 946
246 946
247 946
248 946
249 946
250 946
251 946
252 946
253 946
254 946
255 946
256 946
257 946
258 946
259 946
260 946
261 946
262 946
263 946
264 946
265 946
266 946
267 946
268 946
269 946
270 946
271 946
272 946
273 946
274 946
275 946
276 946
277 946
278 946
279 946
280 946
281 946
282 946
283 946
284 946
285 946
286 946
287 946
288 946
289 946
290 946
291 946
292 946
293 946
294 946
295 946
296 946
297 946
298 946
299 946
300 946
301 946
302 946
303 946
304 946
305 946
306 946
307 946
308 946
309 946
310 946
311 946
312 946
313 946
314 946
315 946
316 946
317 946
318 946
319 946
320 946
321 946
322 946
323 946
324 946
325 946
326 946
327 946
328 946
329 946
330 946
331 946
332 946
333 946
334 946
335 946
336 946
337 946
338 946
339 946
340 946
341 946
342 946
343 946
344 946
345 946
346 946
347 946
348 946
349 946
350 946
351 946
352 946
353 946
354 946
355 946
356 946
357 946
358 946
359 946
360 946
361 946
362 946
363 946
364 946
365 946
366 946
367 946
368 946
369 946
370 946
371 946
372 946
373 946
374 946
375 946
376 946
377 946
378 946
379 946
380 946
381 946
382 946
383 946
384 946
385 946
386 946
387 946
388 946
389 946
390 946
391 946
392 946
393 946
394 946
395 946
396 946
397 946
398 946
399 946
400 946
401 946
402 946
403 946
404 946
405 946
406 946
407 946
408 946
409 946
410 946
411 946
412 946
413 946
414 946
415 946
416 946
417 946
418 946
419 946
420 946
421 946
422 946
423 946
424 946
425 946
426 946
427 946
428 946
429 946
430 946
431 946
432 946
433 946
434 946
435 946
436 946
437 946
438 946
439 946
440 946
441 946
442 946
443 946
444 946
445 946
446 946
447 946
448 946
449 946
450 946
451 946
452 946
453 946
454 946
455 946
456 946
457 946
458 946
459 946
460 946
461 946
462 946
463 946
464 946
465 946
466 946
467 946
468 946
469 946
470 946
471 946
472 946
473 946
474 946
475 946
476 946
477 946
478 946
479 946
480 946
481 946
482 946
483 946
484 946
485 946
486 946
487 946
488 946
489 946
490 946
491 946
492 946
493 946
494 946
495 946
496 946
497 946
498 946
499 946
500 946
501 946
502 946
503 946
504 946
505 946
506 946
507 946
508 946
509 946
510 946
511 946
512 946
513 946
514 946
515 946
516 946
517 946
518 946
519 946
520 946
521 946
522 946
523 946
524 946
525 946
526 946
527 946
528 946
529 946
530 946
531 946
532 946
533 946
534 946
535 946
536 946
537 946
538 946
539 946
540 946
541 946
542 946
543 946
544 946
545 946
546 946
547 946
548 946
549 946
550 946
551 946
552 946
553 946
554 946
555 946
556 946
557 946
558 946
559 946
560 946
561 946
562 946
563 946
564 946
565 946
566 946
567 946
568 946
569 946
570 946
571 946
572 946
573 946
574 946
575 946
576 946
577 946
578 946
579 946
580 946
581 946
582 946
583 946
584 946
585 946
586 946
587 946
588 946
589 946
590 946
591 946
592 946
593 946
594 946
595 946
596 946
597 946
598 946
599 946
600 946
601 946
602 946
603 946
604 946
605 946
606 946
607 946
608 946
609 946
610 946
611 946
612 946
613 946
614 946
615 946
616 946
617 946
618 946
619 946
620 946
621 946
622 946
623 946
624 946
625 946
626 946
627 946
628 946
629 946
630 946
631 946
632 946
633 946
634 946
635 946
636 946
637 946
638 946
639 946
640 946
641 946
642 946
643 946
644 946
645 946
646 946
647 946
648 946
649 946
650 946
651 946
652 946
653 946
654 946
655 946
656 946
657 946
658 946
659 946
660 946
661 946
662 946
663 946
664 946
665 946
666 946
667 946
668 946
669 946
670 946
671 946
672 946
673 946
674 946
675 946
676 946
677 946
678 946
679 946
680 946
681 946
682 946
683 946
684 946
685 946
686 946
687 946
688 946
689 946
690 946
691 946
692 946
693 946
694 946
695 946
696 946
697 946
698 946
699 946
700 946
701 946
702 946
703 946
704 946
705 946
706 946
707 946
708 946
709 946
710 946
711 946
712 946
713 946
714 946
715 946
716 946
717 946
718 946
719 946
720 946
721 946
722 946
723 946
724 946
725 946
726 946
727 946
728 946
729 946
730 946
731 946
732 946
733 946
734 946
735 946
736 946
737 946
738 946
739 946
740 946
741 946
742 946
743 946
744 946
745 946
746 946
747 946
748 946
749 946
750 946
751 946
752 946
753 946
754 946
755 946
756 946
757 946
758 946
759 946
760 946
761 946
762 946
763 946
764 946
765 946
766 946
767 946
768 946
769 946
770 946
771 946
772 946
773 946
774 946
775 946
776 946
777 946
778 946
779 946
780 946
781 946
782 946
783 946
784 946
785 946
786 946
787 946
788 946
789 946
790 946
791 946
792 946
793 946
794 946
795 946
796 946
797 946
798 946
799 946
800 946
801 946
802 946
803 946
804 946
805 946
806 946
807 946
808 946
809 946
810 946
811 946
812 946
813 946
814 946
815 946
816 946
817 946
818 946
819 946
820 946
821 946
822 946
823 946
824 946
825 946
826 946
827 946
828 946
829 946
830 946
831 946
832 946
833 946
834 946
835 946
836 946
837 946
838 946
839 946
840 946
841 946
842 946
843 946
844 946
845 946
846 946
847 946
848 946
849 946
850 946
851 946
852 946
853 946
854 946
855 946
856 946
857 946
858 946
859 946
860 946
861 946
862 946
863 946
864 946
865 946
866 946
867 946
868 946
869 946
870 946
871 946
872 946
873 946
874 946
875 946
876 946
877 946
878 946
879 946
880 946
881 946
882 946
883 946
884 946
885 946
886 946
887 946
888 946
889 946
890 946
891 946
892 946
893 946
894 946
895 946
896 946
897 946
898 946
899 946
900 946
901 946
902 946
903 946
904 946
905 946
906 946
907 946
908 946
909 946
910 946
911 946
912 946
913 946
914 946
915 946
916 946
917 946
918 946
919 946
920 946
921 946
922 946
923 946
924 946
925 946
926 946
927 946
928 946
929 946
930 946
931 946
932 946
933 946
934 946
935 946
936 946
937 946
938 946
939 946
940 946
941 946
942 946
943 946
944 946
945 946
946 947
