994
993
1 993
2 993
3 993
4 993
5 993
6 993
7 993
8 993
9 993
10 993
11 993
12 993
13 993
14 993
15 993
16 993
17 993
18 993
19 993
20 993
21 993
22 993
23 993
24 993
25 993
26 993
27 993
28 993
29 993
30 993
31 993
32 993
33 993
34 993
35 993
36 993
37 993
38 993
39 993
40 993
41 993
42 993
43 993
44 993
45 993
46 993
47 993
48 993
49 993
50 993
51 993
52 993
53 993
54 993
55 993
56 993
57 993
58 993
59 993
60 993
61 993
62 993
63 993
64 993
65 993
66 993
67 993
68 993
69 993
70 993
71 993
72 993
73 993
74 993
75 993
76 993
77 993
78 993
79 993
80 993
81 993
82 993
83 993
84 993
85 993
86 993
87 993
88 993
89 993
90 993
91 993
92 993
93 993
94 993
95 993
96 993
97 993
98 993
99 993
100 993
101 993
102 993
103 993
104 993
105 993
106 993
107 993
108 993
109 993
110 993
111 993
112 993
113 993
114 993
115 993
116 993
117 993
118 993
119 993
120 993
121 993
122 993
123 993
124 993
125 993
126 993
127 993
128 993
129 993
130 993
131 993
132 993
133 993
134 993
135 993
136 993
137 993
138 993
139 993
140 993
141 993
142 993
143 993
144 993
145 993
146 993
147 993
148 993
149 993
150 993
151 993
152 993
153 993
154 993
155 993
156 993
157 993
158 993
159 993
160 993
161 993
162 993
163 993
164 993
165 993
166 993
167 993
168 993
169 993
170 993
171 993
172 993
173 993
174 993
175 993
176 993
177 993
178 993
179 993
180 993
181 993
182 993
183 993
184 993
185 993
186 993
187 993
188 993
189 993
190 993
191 993
192 993
193 993
194 993
195 993
196 993
197 993
198 993
199 993
200 993
201 993
202 993
203 993
204 993
205 993
206 993
207 993
208 993
209 993
210 993
211 993
212 993
213 993
214 993
215 993
216 993
217 993
218 993
219 993
220 993
221 993
222 993
223 993
224 993
225 993
226 993
227 993
228 993
229 993
230 993
231 993
232 993
233 993
234 993
235 993
236 993
237 993
238 993
239 993
240 993
241 993
242 993
243 993
244 993
245 993
246 993
247 993
248 993
249 993
250 993
251 993
252 993
253 993
254 993
255 993
256 993
257 993
258 993
259 993
260 993
261 993
262 993
263 993
264 993
265 993
266 993
267 993
268 993
269 993
270 993
271 993
272 993
273 993
274 993
275 993
276 993
277 993
278 993
279 993
280 993
281 993
282 993
283 993
284 993
285 993
286 993
287 993
288 993
289 993
290 993
291 993
292 993
293 993
294 993
295 993
296 993
297 993
298 993
299 993
300 993
301 993
302 993
303 993
304 993
305 993
306 993
307 993
308 993
309 993
310 993
311 993
312 993
313 993
314 993
315 993
316 993
317 993
318 993
319 993
320 993
321 993
322 993
323 993
324 993
325 993
326 993
327 993
328 993
329 993
330 993
331 993
332 993
333 993
334 993
335 993
336 993
337 993
338 993
339 993
340 993
341 993
342 993
343 993
344 993
345 993
346 993
347 993
348 993
349 993
350 993
351 993
352 993
353 993
354 993
355 993
356 993
357 993
358 993
359 993
360 993
361 993
362 993
363 993
364 993
365 993
366 993
367 993
368 993
369 993
370 993
371 993
372 993
373 993
374 993
375 993
376 993
377 993
378 993
379 993
380 993
381 993
382 993
383 993
384 993
385 993
386 993
387 993
388 993
389 993
390 993
391 993
392 993
393 993
394 993
395 993
396 993
397 993
398 993
399 993
400 993
401 993
402 993
403 993
404 993
405 993
406 993
407 993
408 993
409 993
410 993
411 993
412 993
413 993
414 993
415 993
416 993
417 993
418 993
419 993
420 993
421 993
422 993
423 993
424 993
425 993
426 993
427 993
428 993
429 993
430 993
431 993
432 993
433 993
434 993
435 993
436 993
437 993
438 993
439 993
440 993
441 993
442 993
443 993
444 993
445 993
446 993
447 993
448 993
449 993
450 993
451 993
452 993
453 993
454 993
455 993
456 993
457 993
458 993
459 993
460 993
461 993
462 993
463 993
464 993
465 993
466 993
467 993
468 993
469 993
470 993
471 993
472 993
473 993
474 993
475 993
476 993
477 993
478 993
479 993
480 993
481 993
482 993
483 993
484 993
485 993
486 993
487 993
488 993
489 993
490 993
491 993
492 993
493 993
494 993
495 993
496 993
497 993
498 993
499 993
500 993
501 993
502 993
503 993
504 993
505 993
506 993
507 993
508 993
509 993
510 993
511 993
512 993
513 993
514 993
515 993
516 993
517 993
518 993
519 993
520 993
521 993
522 993
523 993
524 993
525 993
526 993
527 993
528 993
529 993
530 993
531 993
532 993
533 993
534 993
535 993
536 993
537 993
538 993
539 993
540 993
541 993
542 993
543 993
544 993
545 993
546 993
547 993
548 993
549 993
550 993
551 993
552 993
553 993
554 993
555 993
556 993
557 993
558 993
559 993
560 993
561 993
562 993
563 993
564 993
565 993
566 993
567 993
568 993
569 993
570 993
571 993
572 993
573 993
574 993
575 993
576 993
577 993
578 993
579 993
580 993
581 993
582 993
583 993
584 993
585 993
586 993
587 993
588 993
589 993
590 993
591 993
592 993
593 993
594 993
595 993
596 993
597 993
598 993
599 993
600 993
601 993
602 993
603 993
604 993
605 993
606 993
607 993
608 993
609 993
610 993
611 993
612 993
613 993
614 993
615 993
616 993
617 993
618 993
619 993
620 993
621 993
622 993
623 993
624 993
625 993
626 993
627 993
628 993
629 993
630 993
631 993
632 993
633 993
634 993
635 993
636 993
637 993
638 993
639 993
640 993
641 993
642 993
643 993
644 993
645 993
646 993
647 993
648 993
649 993
650 993
651 993
652 993
653 993
654 993
655 993
656 993
657 993
658 993
659 993
660 993
661 993
662 993
663 993
664 993
665 993
666 993
667 993
668 993
669 993
670 993
671 993
672 993
673 993
674 993
675 993
676 993
677 993
678 993
679 993
680 993
681 993
682 993
683 993
684 993
685 993
686 993
687 993
688 993
689 993
690 993
691 993
692 993
693 993
694 993
695 993
696 993
697 993
698 993
699 993
700 993
701 993
702 993
703 993
704 993
705 993
706 993
707 993
708 993
709 993
710 993
711 993
712 993
713 993
714 993
715 993
716 993
717 993
718 993
719 993
720 993
721 993
722 993
723 993
724 993
725 993
726 993
727 993
728 993
729 993
730 993
731 993
732 993
733 993
734 993
735 993
736 993
737 993
738 993
739 993
740 993
741 993
742 993
743 993
744 993
745 993
746 993
747 993
748 993
749 993
750 993
751 993
752 993
753 993
754 993
755 993
756 993
757 993
758 993
759 993
760 993
761 993
762 993
763 993
764 993
765 993
766 993
767 993
768 993
769 993
770 993
771 993
772 993
773 993
774 993
775 993
776 993
777 993
778 993
779 993
780 993
781 993
782 993
783 993
784 993
785 993
786 993
787 993
788 993
789 993
790 993
791 993
792 993
793 993
794 993
795 993
796 993
797 993
798 993
799 993
800 993
801 993
802 993
803 993
804 993
805 993
806 993
807 993
808 993
809 993
810 993
811 993
812 993
813 993
814 993
815 993
816 993
817 993
818 993
819 993
820 993
821 993
822 993
823 993
824 993
825 993
826 993
827 993
828 993
829 993
830 993
831 993
832 993
833 993
834 993
835 993
836 993
837 993
838 993
839 993
840 993
841 993
842 993
843 993
844 993
845 993
846 993
847 993
848 993
849 993
850 993
851 993
852 993
853 993
854 993
855 993
856 993
857 993
858 993
859 993
860 993
861 993
862 993
863 993
864 993
865 993
866 993
867 993
868 993
869 993
870 993
871 993
872 993
873 993
874 993
875 993
876 993
877 993
878 993
879 993
880 993
881 993
882 993
883 993
884 993
885 993
886 993
887 993
888 993
889 993
890 993
891 993
892 993
893 993
894 993
895 993
896 993
897 993
898 993
899 993
900 993
901 993
902 993
903 993
904 993
905 993
906 993
907 993
908 993
909 993
910 993
911 993
912 993
913 993
914 993
915 993
916 993
917 993
918 993
919 993
920 993
921 993
922 993
923 993
924 993
925 993
926 993
927 993
928 993
929 993
930 993
931 993
932 993
933 993
934 993
935 993
936 993
937 993
938 993
939 993
940 993
941 993
942 993
943 993
944 993
945 993
946 993
947 993
948 993
949 993
950 993
951 993
952 993
953 993
954 993
955 993
956 993
957 993
958 993
959 993
960 993
961 993
962 993
963 993
964 993
965 993
966 993
967 993
968 993
969 993
970 993
971 993
972 993
973 993
974 993
975 993
976 993
977 993
978 993
979 993
980 993
981 993
982 993
983 993
984 993
985 993
986 993
987 993
988 993
989 993
990 993
991 993
992 993
993 994
