799
798
1 798
2 798
3 798
4 798
5 798
6 798
7 798
8 798
9 798
10 798
11 798
12 798
13 798
14 798
15 798
16 798
17 798
18 798
19 798
20 798
21 798
22 798
23 798
24 798
25 798
26 798
27 798
28 798
29 798
30 798
31 798
32 798
33 798
34 798
35 798
36 798
37 798
38 798
39 798
40 798
41 798
42 798
43 798
44 798
45 798
46 798
47 798
48 798
49 798
50 798
51 798
52 798
53 798
54 798
55 798
56 798
57 798
58 798
59 798
60 798
61 798
62 798
63 798
64 798
65 798
66 798
67 798
68 798
69 798
70 798
71 798
72 798
73 798
74 798
75 798
76 798
77 798
78 798
79 798
80 798
81 798
82 798
83 798
84 798
85 798
86 798
87 798
88 798
89 798
90 798
91 798
92 798
93 798
94 798
95 798
96 798
97 798
98 798
99 798
100 798
101 798
102 798
103 798
104 798
105 798
106 798
107 798
108 798
109 798
110 798
111 798
112 798
113 798
114 798
115 798
116 798
117 798
118 798
119 798
120 798
121 798
122 798
123 798
124 798
125 798
126 798
127 798
128 798
129 798
130 798
131 798
132 798
133 798
134 798
135 798
136 798
137 798
138 798
139 798
140 798
141 798
142 798
143 798
144 798
145 798
146 798
147 798
148 798
149 798
150 798
151 798
152 798
153 798
154 798
155 798
156 798
157 798
158 798
159 798
160 798
161 798
162 798
163 798
164 798
165 798
166 798
167 798
168 798
169 798
170 798
171 798
172 798
173 798
174 798
175 798
176 798
177 798
178 798
179 798
180 798
181 798
182 798
183 798
184 798
185 798
186 798
187 798
188 798
189 798
190 798
191 798
192 798
193 798
194 798
195 798
196 798
197 798
198 798
199 798
200 798
201 798
202 798
203 798
204 798
205 798
206 798
207 798
208 798
209 798
210 798
211 798
212 798
213 798
214 798
215 798
216 798
217 798
218 798
219 798
220 798
221 798
222 798
223 798
224 798
225 798
226 798
227 798
228 798
229 798
230 798
231 798
232 798
233 798
234 798
235 798
236 798
237 798
238 798
239 798
240 798
241 798
242 798
243 798
244 798
245 798
246 798
247 798
248 798
249 798
250 798
251 798
252 798
253 798
254 798
255 798
256 798
257 798
258 798
259 798
260 798
261 798
262 798
263 798
264 798
265 798
266 798
267 798
268 798
269 798
270 798
271 798
272 798
273 798
274 798
275 798
276 798
277 798
278 798
279 798
280 798
281 798
282 798
283 798
284 798
285 798
286 798
287 798
288 798
289 798
290 798
291 798
292 798
293 798
294 798
295 798
296 798
297 798
298 798
299 798
300 798
301 798
302 798
303 798
304 798
305 798
306 798
307 798
308 798
309 798
310 798
311 798
312 798
313 798
314 798
315 798
316 798
317 798
318 798
319 798
320 798
321 798
322 798
323 798
324 798
325 798
326 798
327 798
328 798
329 798
330 798
331 798
332 798
333 798
334 798
335 798
336 798
337 798
338 798
339 798
340 798
341 798
342 798
343 798
344 798
345 798
346 798
347 798
348 798
349 798
350 798
351 798
352 798
353 798
354 798
355 798
356 798
357 798
358 798
359 798
360 798
361 798
362 798
363 798
364 798
365 798
366 798
367 798
368 798
369 798
370 798
371 798
372 798
373 798
374 798
375 798
376 798
377 798
378 798
379 798
380 798
381 798
382 798
383 798
384 798
385 798
386 798
387 798
388 798
389 798
390 798
391 798
392 798
393 798
394 798
395 798
396 798
397 798
398 798
399 798
400 798
401 798
402 798
403 798
404 798
405 798
406 798
407 798
408 798
409 798
410 798
411 798
412 798
413 798
414 798
415 798
416 798
417 798
418 798
419 798
420 798
421 798
422 798
423 798
424 798
425 798
426 798
427 798
428 798
429 798
430 798
431 798
432 798
433 798
434 798
435 798
436 798
437 798
438 798
439 798
440 798
441 798
442 798
443 798
444 798
445 798
446 798
447 798
448 798
449 798
450 798
451 798
452 798
453 798
454 798
455 798
456 798
457 798
458 798
459 798
460 798
461 798
462 798
463 798
464 798
465 798
466 798
467 798
468 798
469 798
470 798
471 798
472 798
473 798
474 798
475 798
476 798
477 798
478 798
479 798
480 798
481 798
482 798
483 798
484 798
485 798
486 798
487 798
488 798
489 798
490 798
491 798
492 798
493 798
494 798
495 798
496 798
497 798
498 798
499 798
500 798
501 798
502 798
503 798
504 798
505 798
506 798
507 798
508 798
509 798
510 798
511 798
512 798
513 798
514 798
515 798
516 798
517 798
518 798
519 798
520 798
521 798
522 798
523 798
524 798
525 798
526 798
527 798
528 798
529 798
530 798
531 798
532 798
533 798
534 798
535 798
536 798
537 798
538 798
539 798
540 798
541 798
542 798
543 798
544 798
545 798
546 798
547 798
548 798
549 798
550 798
551 798
552 798
553 798
554 798
555 798
556 798
557 798
558 798
559 798
560 798
561 798
562 798
563 798
564 798
565 798
566 798
567 798
568 798
569 798
570 798
571 798
572 798
573 798
574 798
575 798
576 798
577 798
578 798
579 798
580 798
581 798
582 798
583 798
584 798
585 798
586 798
587 798
588 798
589 798
590 798
591 798
592 798
593 798
594 798
595 798
596 798
597 798
598 798
599 798
600 798
601 798
602 798
603 798
604 798
605 798
606 798
607 798
608 798
609 798
610 798
611 798
612 798
613 798
614 798
615 798
616 798
617 798
618 798
619 798
620 798
621 798
622 798
623 798
624 798
625 798
626 798
627 798
628 798
629 798
630 798
631 798
632 798
633 798
634 798
635 798
636 798
637 798
638 798
639 798
640 798
641 798
642 798
643 798
644 798
645 798
646 798
647 798
648 798
649 798
650 798
651 798
652 798
653 798
654 798
655 798
656 798
657 798
658 798
659 798
660 798
661 798
662 798
663 798
664 798
665 798
666 798
667 798
668 798
669 798
670 798
671 798
672 798
673 798
674 798
675 798
676 798
677 798
678 798
679 798
680 798
681 798
682 798
683 798
684 798
685 798
686 798
687 798
688 798
689 798
690 798
691 798
692 798
693 798
694 798
695 798
696 798
697 798
698 798
699 798
700 798
701 798
702 798
703 798
704 798
705 798
706 798
707 798
708 798
709 798
710 798
711 798
712 798
713 798
714 798
715 798
716 798
717 798
718 798
719 798
720 798
721 798
722 798
723 798
724 798
725 798
726 798
727 798
728 798
729 798
730 798
731 798
732 798
733 798
734 798
735 798
736 798
737 798
738 798
739 798
740 798
741 798
742 798
743 798
744 798
745 798
746 798
747 798
748 798
749 798
750 798
751 798
752 798
753 798
754 798
755 798
756 798
757 798
758 798
759 798
760 798
761 798
762 798
763 798
764 798
765 798
766 798
767 798
768 798
769 798
770 798
771 798
772 798
773 798
774 798
775 798
776 798
777 798
778 798
779 798
780 798
781 798
782 798
783 798
784 798
785 798
786 798
787 798
788 798
789 798
790 798
791 798
792 798
793 798
794 798
795 798
796 798
797 798
798 799
