632
631
1 631
2 631
3 631
4 631
5 631
6 631
7 631
8 631
9 631
10 631
11 631
12 631
13 631
14 631
15 631
16 631
17 631
18 631
19 631
20 631
21 631
22 631
23 631
24 631
25 631
26 631
27 631
28 631
29 631
30 631
31 631
32 631
33 631
34 631
35 631
36 631
37 631
38 631
39 631
40 631
41 631
42 631
43 631
44 631
45 631
46 631
47 631
48 631
49 631
50 631
51 631
52 631
53 631
54 631
55 631
56 631
57 631
58 631
59 631
60 631
61 631
62 631
63 631
64 631
65 631
66 631
67 631
68 631
69 631
70 631
71 631
72 631
73 631
74 631
75 631
76 631
77 631
78 631
79 631
80 631
81 631
82 631
83 631
84 631
85 631
86 631
87 631
88 631
89 631
90 631
91 631
92 631
93 631
94 631
95 631
96 631
97 631
98 631
99 631
100 631
101 631
102 631
103 631
104 631
105 631
106 631
107 631
108 631
109 631
110 631
111 631
112 631
113 631
114 631
115 631
116 631
117 631
118 631
119 631
120 631
121 631
122 631
123 631
124 631
125 631
126 631
127 631
128 631
129 631
130 631
131 631
132 631
133 631
134 631
135 631
136 631
137 631
138 631
139 631
140 631
141 631
142 631
143 631
144 631
145 631
146 631
147 631
148 631
149 631
150 631
151 631
152 631
153 631
154 631
155 631
156 631
157 631
158 631
159 631
160 631
161 631
162 631
163 631
164 631
165 631
166 631
167 631
168 631
169 631
170 631
171 631
172 631
173 631
174 631
175 631
176 631
177 631
178 631
179 631
180 631
181 631
182 631
183 631
184 631
185 631
186 631
187 631
188 631
189 631
190 631
191 631
192 631
193 631
194 631
195 631
196 631
197 631
198 631
199 631
200 631
201 631
202 631
203 631
204 631
205 631
206 631
207 631
208 631
209 631
210 631
211 631
212 631
213 631
214 631
215 631
216 631
217 631
218 631
219 631
220 631
221 631
222 631
223 631
224 631
225 631
226 631
227 631
228 631
229 631
230 631
231 631
232 631
233 631
234 631
235 631
236 631
237 631
238 631
239 631
240 631
241 631
242 631
243 631
244 631
245 631
246 631
247 631
248 631
249 631
250 631
251 631
252 631
253 631
254 631
255 631
256 631
257 631
258 631
259 631
260 631
261 631
262 631
263 631
264 631
265 631
266 631
267 631
268 631
269 631
270 631
271 631
272 631
273 631
274 631
275 631
276 631
277 631
278 631
279 631
280 631
281 631
282 631
283 631
284 631
285 631
286 631
287 631
288 631
289 631
290 631
291 631
292 631
293 631
294 631
295 631
296 631
297 631
298 631
299 631
300 631
301 631
302 631
303 631
304 631
305 631
306 631
307 631
308 631
309 631
310 631
311 631
312 631
313 631
314 631
315 631
316 631
317 631
318 631
319 631
320 631
321 631
322 631
323 631
324 631
325 631
326 631
327 631
328 631
329 631
330 631
331 631
332 631
333 631
334 631
335 631
336 631
337 631
338 631
339 631
340 631
341 631
342 631
343 631
344 631
345 631
346 631
347 631
348 631
349 631
350 631
351 631
352 631
353 631
354 631
355 631
356 631
357 631
358 631
359 631
360 631
361 631
362 631
363 631
364 631
365 631
366 631
367 631
368 631
369 631
370 631
371 631
372 631
373 631
374 631
375 631
376 631
377 631
378 631
379 631
380 631
381 631
382 631
383 631
384 631
385 631
386 631
387 631
388 631
389 631
390 631
391 631
392 631
393 631
394 631
395 631
396 631
397 631
398 631
399 631
400 631
401 631
402 631
403 631
404 631
405 631
406 631
407 631
408 631
409 631
410 631
411 631
412 631
413 631
414 631
415 631
416 631
417 631
418 631
419 631
420 631
421 631
422 631
423 631
424 631
425 631
426 631
427 631
428 631
429 631
430 631
431 631
432 631
433 631
434 631
435 631
436 631
437 631
438 631
439 631
440 631
441 631
442 631
443 631
444 631
445 631
446 631
447 631
448 631
449 631
450 631
451 631
452 631
453 631
454 631
455 631
456 631
457 631
458 631
459 631
460 631
461 631
462 631
463 631
464 631
465 631
466 631
467 631
468 631
469 631
470 631
471 631
472 631
473 631
474 631
475 631
476 631
477 631
478 631
479 631
480 631
481 631
482 631
483 631
484 631
485 631
486 631
487 631
488 631
489 631
490 631
491 631
492 631
493 631
494 631
495 631
496 631
497 631
498 631
499 631
500 631
501 631
502 631
503 631
504 631
505 631
506 631
507 631
508 631
509 631
510 631
511 631
512 631
513 631
514 631
515 631
516 631
517 631
518 631
519 631
520 631
521 631
522 631
523 631
524 631
525 631
526 631
527 631
528 631
529 631
530 631
531 631
532 631
533 631
534 631
535 631
536 631
537 631
538 631
539 631
540 631
541 631
542 631
543 631
544 631
545 631
546 631
547 631
548 631
549 631
550 631
551 631
552 631
553 631
554 631
555 631
556 631
557 631
558 631
559 631
560 631
561 631
562 631
563 631
564 631
565 631
566 631
567 631
568 631
569 631
570 631
571 631
572 631
573 631
574 631
575 631
576 631
577 631
578 631
579 631
580 631
581 631
582 631
583 631
584 631
585 631
586 631
587 631
588 631
589 631
590 631
591 631
592 631
593 631
594 631
595 631
596 631
597 631
598 631
599 631
600 631
601 631
602 631
603 631
604 631
605 631
606 631
607 631
608 631
609 631
610 631
611 631
612 631
613 631
614 631
615 631
616 631
617 631
618 631
619 631
620 631
621 631
622 631
623 631
624 631
625 631
626 631
627 631
628 631
629 631
630 631
631 632
