757
756
1 756
2 756
3 756
4 756
5 756
6 756
7 756
8 756
9 756
10 756
11 756
12 756
13 756
14 756
15 756
16 756
17 756
18 756
19 756
20 756
21 756
22 756
23 756
24 756
25 756
26 756
27 756
28 756
29 756
30 756
31 756
32 756
33 756
34 756
35 756
36 756
37 756
38 756
39 756
40 756
41 756
42 756
43 756
44 756
45 756
46 756
47 756
48 756
49 756
50 756
51 756
52 756
53 756
54 756
55 756
56 756
57 756
58 756
59 756
60 756
61 756
62 756
63 756
64 756
65 756
66 756
67 756
68 756
69 756
70 756
71 756
72 756
73 756
74 756
75 756
76 756
77 756
78 756
79 756
80 756
81 756
82 756
83 756
84 756
85 756
86 756
87 756
88 756
89 756
90 756
91 756
92 756
93 756
94 756
95 756
96 756
97 756
98 756
99 756
100 756
101 756
102 756
103 756
104 756
105 756
106 756
107 756
108 756
109 756
110 756
111 756
112 756
113 756
114 756
115 756
116 756
117 756
118 756
119 756
120 756
121 756
122 756
123 756
124 756
125 756
126 756
127 756
128 756
129 756
130 756
131 756
132 756
133 756
134 756
135 756
136 756
137 756
138 756
139 756
140 756
141 756
142 756
143 756
144 756
145 756
146 756
147 756
148 756
149 756
150 756
151 756
152 756
153 756
154 756
155 756
156 756
157 756
158 756
159 756
160 756
161 756
162 756
163 756
164 756
165 756
166 756
167 756
168 756
169 756
170 756
171 756
172 756
173 756
174 756
175 756
176 756
177 756
178 756
179 756
180 756
181 756
182 756
183 756
184 756
185 756
186 756
187 756
188 756
189 756
190 756
191 756
192 756
193 756
194 756
195 756
196 756
197 756
198 756
199 756
200 756
201 756
202 756
203 756
204 756
205 756
206 756
207 756
208 756
209 756
210 756
211 756
212 756
213 756
214 756
215 756
216 756
217 756
218 756
219 756
220 756
221 756
222 756
223 756
224 756
225 756
226 756
227 756
228 756
229 756
230 756
231 756
232 756
233 756
234 756
235 756
236 756
237 756
238 756
239 756
240 756
241 756
242 756
243 756
244 756
245 756
246 756
247 756
248 756
249 756
250 756
251 756
252 756
253 756
254 756
255 756
256 756
257 756
258 756
259 756
260 756
261 756
262 756
263 756
264 756
265 756
266 756
267 756
268 756
269 756
270 756
271 756
272 756
273 756
274 756
275 756
276 756
277 756
278 756
279 756
280 756
281 756
282 756
283 756
284 756
285 756
286 756
287 756
288 756
289 756
290 756
291 756
292 756
293 756
294 756
295 756
296 756
297 756
298 756
299 756
300 756
301 756
302 756
303 756
304 756
305 756
306 756
307 756
308 756
309 756
310 756
311 756
312 756
313 756
314 756
315 756
316 756
317 756
318 756
319 756
320 756
321 756
322 756
323 756
324 756
325 756
326 756
327 756
328 756
329 756
330 756
331 756
332 756
333 756
334 756
335 756
336 756
337 756
338 756
339 756
340 756
341 756
342 756
343 756
344 756
345 756
346 756
347 756
348 756
349 756
350 756
351 756
352 756
353 756
354 756
355 756
356 756
357 756
358 756
359 756
360 756
361 756
362 756
363 756
364 756
365 756
366 756
367 756
368 756
369 756
370 756
371 756
372 756
373 756
374 756
375 756
376 756
377 756
378 756
379 756
380 756
381 756
382 756
383 756
384 756
385 756
386 756
387 756
388 756
389 756
390 756
391 756
392 756
393 756
394 756
395 756
396 756
397 756
398 756
399 756
400 756
401 756
402 756
403 756
404 756
405 756
406 756
407 756
408 756
409 756
410 756
411 756
412 756
413 756
414 756
415 756
416 756
417 756
418 756
419 756
420 756
421 756
422 756
423 756
424 756
425 756
426 756
427 756
428 756
429 756
430 756
431 756
432 756
433 756
434 756
435 756
436 756
437 756
438 756
439 756
440 756
441 756
442 756
443 756
444 756
445 756
446 756
447 756
448 756
449 756
450 756
451 756
452 756
453 756
454 756
455 756
456 756
457 756
458 756
459 756
460 756
461 756
462 756
463 756
464 756
465 756
466 756
467 756
468 756
469 756
470 756
471 756
472 756
473 756
474 756
475 756
476 756
477 756
478 756
479 756
480 756
481 756
482 756
483 756
484 756
485 756
486 756
487 756
488 756
489 756
490 756
491 756
492 756
493 756
494 756
495 756
496 756
497 756
498 756
499 756
500 756
501 756
502 756
503 756
504 756
505 756
506 756
507 756
508 756
509 756
510 756
511 756
512 756
513 756
514 756
515 756
516 756
517 756
518 756
519 756
520 756
521 756
522 756
523 756
524 756
525 756
526 756
527 756
528 756
529 756
530 756
531 756
532 756
533 756
534 756
535 756
536 756
537 756
538 756
539 756
540 756
541 756
542 756
543 756
544 756
545 756
546 756
547 756
548 756
549 756
550 756
551 756
552 756
553 756
554 756
555 756
556 756
557 756
558 756
559 756
560 756
561 756
562 756
563 756
564 756
565 756
566 756
567 756
568 756
569 756
570 756
571 756
572 756
573 756
574 756
575 756
576 756
577 756
578 756
579 756
580 756
581 756
582 756
583 756
584 756
585 756
586 756
587 756
588 756
589 756
590 756
591 756
592 756
593 756
594 756
595 756
596 756
597 756
598 756
599 756
600 756
601 756
602 756
603 756
604 756
605 756
606 756
607 756
608 756
609 756
610 756
611 756
612 756
613 756
614 756
615 756
616 756
617 756
618 756
619 756
620 756
621 756
622 756
623 756
624 756
625 756
626 756
627 756
628 756
629 756
630 756
631 756
632 756
633 756
634 756
635 756
636 756
637 756
638 756
639 756
640 756
641 756
642 756
643 756
644 756
645 756
646 756
647 756
648 756
649 756
650 756
651 756
652 756
653 756
654 756
655 756
656 756
657 756
658 756
659 756
660 756
661 756
662 756
663 756
664 756
665 756
666 756
667 756
668 756
669 756
670 756
671 756
672 756
673 756
674 756
675 756
676 756
677 756
678 756
679 756
680 756
681 756
682 756
683 756
684 756
685 756
686 756
687 756
688 756
689 756
690 756
691 756
692 756
693 756
694 756
695 756
696 756
697 756
698 756
699 756
700 756
701 756
702 756
703 756
704 756
705 756
706 756
707 756
708 756
709 756
710 756
711 756
712 756
713 756
714 756
715 756
716 756
717 756
718 756
719 756
720 756
721 756
722 756
723 756
724 756
725 756
726 756
727 756
728 756
729 756
730 756
731 756
732 756
733 756
734 756
735 756
736 756
737 756
738 756
739 756
740 756
741 756
742 756
743 756
744 756
745 756
746 756
747 756
748 756
749 756
750 756
751 756
752 756
753 756
754 756
755 756
756 757
