987
986
1 986
2 986
3 986
4 986
5 986
6 986
7 986
8 986
9 986
10 986
11 986
12 986
13 986
14 986
15 986
16 986
17 986
18 986
19 986
20 986
21 986
22 986
23 986
24 986
25 986
26 986
27 986
28 986
29 986
30 986
31 986
32 986
33 986
34 986
35 986
36 986
37 986
38 986
39 986
40 986
41 986
42 986
43 986
44 986
45 986
46 986
47 986
48 986
49 986
50 986
51 986
52 986
53 986
54 986
55 986
56 986
57 986
58 986
59 986
60 986
61 986
62 986
63 986
64 986
65 986
66 986
67 986
68 986
69 986
70 986
71 986
72 986
73 986
74 986
75 986
76 986
77 986
78 986
79 986
80 986
81 986
82 986
83 986
84 986
85 986
86 986
87 986
88 986
89 986
90 986
91 986
92 986
93 986
94 986
95 986
96 986
97 986
98 986
99 986
100 986
101 986
102 986
103 986
104 986
105 986
106 986
107 986
108 986
109 986
110 986
111 986
112 986
113 986
114 986
115 986
116 986
117 986
118 986
119 986
120 986
121 986
122 986
123 986
124 986
125 986
126 986
127 986
128 986
129 986
130 986
131 986
132 986
133 986
134 986
135 986
136 986
137 986
138 986
139 986
140 986
141 986
142 986
143 986
144 986
145 986
146 986
147 986
148 986
149 986
150 986
151 986
152 986
153 986
154 986
155 986
156 986
157 986
158 986
159 986
160 986
161 986
162 986
163 986
164 986
165 986
166 986
167 986
168 986
169 986
170 986
171 986
172 986
173 986
174 986
175 986
176 986
177 986
178 986
179 986
180 986
181 986
182 986
183 986
184 986
185 986
186 986
187 986
188 986
189 986
190 986
191 986
192 986
193 986
194 986
195 986
196 986
197 986
198 986
199 986
200 986
201 986
202 986
203 986
204 986
205 986
206 986
207 986
208 986
209 986
210 986
211 986
212 986
213 986
214 986
215 986
216 986
217 986
218 986
219 986
220 986
221 986
222 986
223 986
224 986
225 986
226 986
227 986
228 986
229 986
230 986
231 986
232 986
233 986
234 986
235 986
236 986
237 986
238 986
239 986
240 986
241 986
242 986
243 986
244 986
245 986
246 986
247 986
248 986
249 986
250 986
251 986
252 986
253 986
254 986
255 986
256 986
257 986
258 986
259 986
260 986
261 986
262 986
263 986
264 986
265 986
266 986
267 986
268 986
269 986
270 986
271 986
272 986
273 986
274 986
275 986
276 986
277 986
278 986
279 986
280 986
281 986
282 986
283 986
284 986
285 986
286 986
287 986
288 986
289 986
290 986
291 986
292 986
293 986
294 986
295 986
296 986
297 986
298 986
299 986
300 986
301 986
302 986
303 986
304 986
305 986
306 986
307 986
308 986
309 986
310 986
311 986
312 986
313 986
314 986
315 986
316 986
317 986
318 986
319 986
320 986
321 986
322 986
323 986
324 986
325 986
326 986
327 986
328 986
329 986
330 986
331 986
332 986
333 986
334 986
335 986
336 986
337 986
338 986
339 986
340 986
341 986
342 986
343 986
344 986
345 986
346 986
347 986
348 986
349 986
350 986
351 986
352 986
353 986
354 986
355 986
356 986
357 986
358 986
359 986
360 986
361 986
362 986
363 986
364 986
365 986
366 986
367 986
368 986
369 986
370 986
371 986
372 986
373 986
374 986
375 986
376 986
377 986
378 986
379 986
380 986
381 986
382 986
383 986
384 986
385 986
386 986
387 986
388 986
389 986
390 986
391 986
392 986
393 986
394 986
395 986
396 986
397 986
398 986
399 986
400 986
401 986
402 986
403 986
404 986
405 986
406 986
407 986
408 986
409 986
410 986
411 986
412 986
413 986
414 986
415 986
416 986
417 986
418 986
419 986
420 986
421 986
422 986
423 986
424 986
425 986
426 986
427 986
428 986
429 986
430 986
431 986
432 986
433 986
434 986
435 986
436 986
437 986
438 986
439 986
440 986
441 986
442 986
443 986
444 986
445 986
446 986
447 986
448 986
449 986
450 986
451 986
452 986
453 986
454 986
455 986
456 986
457 986
458 986
459 986
460 986
461 986
462 986
463 986
464 986
465 986
466 986
467 986
468 986
469 986
470 986
471 986
472 986
473 986
474 986
475 986
476 986
477 986
478 986
479 986
480 986
481 986
482 986
483 986
484 986
485 986
486 986
487 986
488 986
489 986
490 986
491 986
492 986
493 986
494 986
495 986
496 986
497 986
498 986
499 986
500 986
501 986
502 986
503 986
504 986
505 986
506 986
507 986
508 986
509 986
510 986
511 986
512 986
513 986
514 986
515 986
516 986
517 986
518 986
519 986
520 986
521 986
522 986
523 986
524 986
525 986
526 986
527 986
528 986
529 986
530 986
531 986
532 986
533 986
534 986
535 986
536 986
537 986
538 986
539 986
540 986
541 986
542 986
543 986
544 986
545 986
546 986
547 986
548 986
549 986
550 986
551 986
552 986
553 986
554 986
555 986
556 986
557 986
558 986
559 986
560 986
561 986
562 986
563 986
564 986
565 986
566 986
567 986
568 986
569 986
570 986
571 986
572 986
573 986
574 986
575 986
576 986
577 986
578 986
579 986
580 986
581 986
582 986
583 986
584 986
585 986
586 986
587 986
588 986
589 986
590 986
591 986
592 986
593 986
594 986
595 986
596 986
597 986
598 986
599 986
600 986
601 986
602 986
603 986
604 986
605 986
606 986
607 986
608 986
609 986
610 986
611 986
612 986
613 986
614 986
615 986
616 986
617 986
618 986
619 986
620 986
621 986
622 986
623 986
624 986
625 986
626 986
627 986
628 986
629 986
630 986
631 986
632 986
633 986
634 986
635 986
636 986
637 986
638 986
639 986
640 986
641 986
642 986
643 986
644 986
645 986
646 986
647 986
648 986
649 986
650 986
651 986
652 986
653 986
654 986
655 986
656 986
657 986
658 986
659 986
660 986
661 986
662 986
663 986
664 986
665 986
666 986
667 986
668 986
669 986
670 986
671 986
672 986
673 986
674 986
675 986
676 986
677 986
678 986
679 986
680 986
681 986
682 986
683 986
684 986
685 986
686 986
687 986
688 986
689 986
690 986
691 986
692 986
693 986
694 986
695 986
696 986
697 986
698 986
699 986
700 986
701 986
702 986
703 986
704 986
705 986
706 986
707 986
708 986
709 986
710 986
711 986
712 986
713 986
714 986
715 986
716 986
717 986
718 986
719 986
720 986
721 986
722 986
723 986
724 986
725 986
726 986
727 986
728 986
729 986
730 986
731 986
732 986
733 986
734 986
735 986
736 986
737 986
738 986
739 986
740 986
741 986
742 986
743 986
744 986
745 986
746 986
747 986
748 986
749 986
750 986
751 986
752 986
753 986
754 986
755 986
756 986
757 986
758 986
759 986
760 986
761 986
762 986
763 986
764 986
765 986
766 986
767 986
768 986
769 986
770 986
771 986
772 986
773 986
774 986
775 986
776 986
777 986
778 986
779 986
780 986
781 986
782 986
783 986
784 986
785 986
786 986
787 986
788 986
789 986
790 986
791 986
792 986
793 986
794 986
795 986
796 986
797 986
798 986
799 986
800 986
801 986
802 986
803 986
804 986
805 986
806 986
807 986
808 986
809 986
810 986
811 986
812 986
813 986
814 986
815 986
816 986
817 986
818 986
819 986
820 986
821 986
822 986
823 986
824 986
825 986
826 986
827 986
828 986
829 986
830 986
831 986
832 986
833 986
834 986
835 986
836 986
837 986
838 986
839 986
840 986
841 986
842 986
843 986
844 986
845 986
846 986
847 986
848 986
849 986
850 986
851 986
852 986
853 986
854 986
855 986
856 986
857 986
858 986
859 986
860 986
861 986
862 986
863 986
864 986
865 986
866 986
867 986
868 986
869 986
870 986
871 986
872 986
873 986
874 986
875 986
876 986
877 986
878 986
879 986
880 986
881 986
882 986
883 986
884 986
885 986
886 986
887 986
888 986
889 986
890 986
891 986
892 986
893 986
894 986
895 986
896 986
897 986
898 986
899 986
900 986
901 986
902 986
903 986
904 986
905 986
906 986
907 986
908 986
909 986
910 986
911 986
912 986
913 986
914 986
915 986
916 986
917 986
918 986
919 986
920 986
921 986
922 986
923 986
924 986
925 986
926 986
927 986
928 986
929 986
930 986
931 986
932 986
933 986
934 986
935 986
936 986
937 986
938 986
939 986
940 986
941 986
942 986
943 986
944 986
945 986
946 986
947 986
948 986
949 986
950 986
951 986
952 986
953 986
954 986
955 986
956 986
957 986
958 986
959 986
960 986
961 986
962 986
963 986
964 986
965 986
966 986
967 986
968 986
969 986
970 986
971 986
972 986
973 986
974 986
975 986
976 986
977 986
978 986
979 986
980 986
981 986
982 986
983 986
984 986
985 986
986 987
