924
923
1 923
2 923
3 923
4 923
5 923
6 923
7 923
8 923
9 923
10 923
11 923
12 923
13 923
14 923
15 923
16 923
17 923
18 923
19 923
20 923
21 923
22 923
23 923
24 923
25 923
26 923
27 923
28 923
29 923
30 923
31 923
32 923
33 923
34 923
35 923
36 923
37 923
38 923
39 923
40 923
41 923
42 923
43 923
44 923
45 923
46 923
47 923
48 923
49 923
50 923
51 923
52 923
53 923
54 923
55 923
56 923
57 923
58 923
59 923
60 923
61 923
62 923
63 923
64 923
65 923
66 923
67 923
68 923
69 923
70 923
71 923
72 923
73 923
74 923
75 923
76 923
77 923
78 923
79 923
80 923
81 923
82 923
83 923
84 923
85 923
86 923
87 923
88 923
89 923
90 923
91 923
92 923
93 923
94 923
95 923
96 923
97 923
98 923
99 923
100 923
101 923
102 923
103 923
104 923
105 923
106 923
107 923
108 923
109 923
110 923
111 923
112 923
113 923
114 923
115 923
116 923
117 923
118 923
119 923
120 923
121 923
122 923
123 923
124 923
125 923
126 923
127 923
128 923
129 923
130 923
131 923
132 923
133 923
134 923
135 923
136 923
137 923
138 923
139 923
140 923
141 923
142 923
143 923
144 923
145 923
146 923
147 923
148 923
149 923
150 923
151 923
152 923
153 923
154 923
155 923
156 923
157 923
158 923
159 923
160 923
161 923
162 923
163 923
164 923
165 923
166 923
167 923
168 923
169 923
170 923
171 923
172 923
173 923
174 923
175 923
176 923
177 923
178 923
179 923
180 923
181 923
182 923
183 923
184 923
185 923
186 923
187 923
188 923
189 923
190 923
191 923
192 923
193 923
194 923
195 923
196 923
197 923
198 923
199 923
200 923
201 923
202 923
203 923
204 923
205 923
206 923
207 923
208 923
209 923
210 923
211 923
212 923
213 923
214 923
215 923
216 923
217 923
218 923
219 923
220 923
221 923
222 923
223 923
224 923
225 923
226 923
227 923
228 923
229 923
230 923
231 923
232 923
233 923
234 923
235 923
236 923
237 923
238 923
239 923
240 923
241 923
242 923
243 923
244 923
245 923
246 923
247 923
248 923
249 923
250 923
251 923
252 923
253 923
254 923
255 923
256 923
257 923
258 923
259 923
260 923
261 923
262 923
263 923
264 923
265 923
266 923
267 923
268 923
269 923
270 923
271 923
272 923
273 923
274 923
275 923
276 923
277 923
278 923
279 923
280 923
281 923
282 923
283 923
284 923
285 923
286 923
287 923
288 923
289 923
290 923
291 923
292 923
293 923
294 923
295 923
296 923
297 923
298 923
299 923
300 923
301 923
302 923
303 923
304 923
305 923
306 923
307 923
308 923
309 923
310 923
311 923
312 923
313 923
314 923
315 923
316 923
317 923
318 923
319 923
320 923
321 923
322 923
323 923
324 923
325 923
326 923
327 923
328 923
329 923
330 923
331 923
332 923
333 923
334 923
335 923
336 923
337 923
338 923
339 923
340 923
341 923
342 923
343 923
344 923
345 923
346 923
347 923
348 923
349 923
350 923
351 923
352 923
353 923
354 923
355 923
356 923
357 923
358 923
359 923
360 923
361 923
362 923
363 923
364 923
365 923
366 923
367 923
368 923
369 923
370 923
371 923
372 923
373 923
374 923
375 923
376 923
377 923
378 923
379 923
380 923
381 923
382 923
383 923
384 923
385 923
386 923
387 923
388 923
389 923
390 923
391 923
392 923
393 923
394 923
395 923
396 923
397 923
398 923
399 923
400 923
401 923
402 923
403 923
404 923
405 923
406 923
407 923
408 923
409 923
410 923
411 923
412 923
413 923
414 923
415 923
416 923
417 923
418 923
419 923
420 923
421 923
422 923
423 923
424 923
425 923
426 923
427 923
428 923
429 923
430 923
431 923
432 923
433 923
434 923
435 923
436 923
437 923
438 923
439 923
440 923
441 923
442 923
443 923
444 923
445 923
446 923
447 923
448 923
449 923
450 923
451 923
452 923
453 923
454 923
455 923
456 923
457 923
458 923
459 923
460 923
461 923
462 923
463 923
464 923
465 923
466 923
467 923
468 923
469 923
470 923
471 923
472 923
473 923
474 923
475 923
476 923
477 923
478 923
479 923
480 923
481 923
482 923
483 923
484 923
485 923
486 923
487 923
488 923
489 923
490 923
491 923
492 923
493 923
494 923
495 923
496 923
497 923
498 923
499 923
500 923
501 923
502 923
503 923
504 923
505 923
506 923
507 923
508 923
509 923
510 923
511 923
512 923
513 923
514 923
515 923
516 923
517 923
518 923
519 923
520 923
521 923
522 923
523 923
524 923
525 923
526 923
527 923
528 923
529 923
530 923
531 923
532 923
533 923
534 923
535 923
536 923
537 923
538 923
539 923
540 923
541 923
542 923
543 923
544 923
545 923
546 923
547 923
548 923
549 923
550 923
551 923
552 923
553 923
554 923
555 923
556 923
557 923
558 923
559 923
560 923
561 923
562 923
563 923
564 923
565 923
566 923
567 923
568 923
569 923
570 923
571 923
572 923
573 923
574 923
575 923
576 923
577 923
578 923
579 923
580 923
581 923
582 923
583 923
584 923
585 923
586 923
587 923
588 923
589 923
590 923
591 923
592 923
593 923
594 923
595 923
596 923
597 923
598 923
599 923
600 923
601 923
602 923
603 923
604 923
605 923
606 923
607 923
608 923
609 923
610 923
611 923
612 923
613 923
614 923
615 923
616 923
617 923
618 923
619 923
620 923
621 923
622 923
623 923
624 923
625 923
626 923
627 923
628 923
629 923
630 923
631 923
632 923
633 923
634 923
635 923
636 923
637 923
638 923
639 923
640 923
641 923
642 923
643 923
644 923
645 923
646 923
647 923
648 923
649 923
650 923
651 923
652 923
653 923
654 923
655 923
656 923
657 923
658 923
659 923
660 923
661 923
662 923
663 923
664 923
665 923
666 923
667 923
668 923
669 923
670 923
671 923
672 923
673 923
674 923
675 923
676 923
677 923
678 923
679 923
680 923
681 923
682 923
683 923
684 923
685 923
686 923
687 923
688 923
689 923
690 923
691 923
692 923
693 923
694 923
695 923
696 923
697 923
698 923
699 923
700 923
701 923
702 923
703 923
704 923
705 923
706 923
707 923
708 923
709 923
710 923
711 923
712 923
713 923
714 923
715 923
716 923
717 923
718 923
719 923
720 923
721 923
722 923
723 923
724 923
725 923
726 923
727 923
728 923
729 923
730 923
731 923
732 923
733 923
734 923
735 923
736 923
737 923
738 923
739 923
740 923
741 923
742 923
743 923
744 923
745 923
746 923
747 923
748 923
749 923
750 923
751 923
752 923
753 923
754 923
755 923
756 923
757 923
758 923
759 923
760 923
761 923
762 923
763 923
764 923
765 923
766 923
767 923
768 923
769 923
770 923
771 923
772 923
773 923
774 923
775 923
776 923
777 923
778 923
779 923
780 923
781 923
782 923
783 923
784 923
785 923
786 923
787 923
788 923
789 923
790 923
791 923
792 923
793 923
794 923
795 923
796 923
797 923
798 923
799 923
800 923
801 923
802 923
803 923
804 923
805 923
806 923
807 923
808 923
809 923
810 923
811 923
812 923
813 923
814 923
815 923
816 923
817 923
818 923
819 923
820 923
821 923
822 923
823 923
824 923
825 923
826 923
827 923
828 923
829 923
830 923
831 923
832 923
833 923
834 923
835 923
836 923
837 923
838 923
839 923
840 923
841 923
842 923
843 923
844 923
845 923
846 923
847 923
848 923
849 923
850 923
851 923
852 923
853 923
854 923
855 923
856 923
857 923
858 923
859 923
860 923
861 923
862 923
863 923
864 923
865 923
866 923
867 923
868 923
869 923
870 923
871 923
872 923
873 923
874 923
875 923
876 923
877 923
878 923
879 923
880 923
881 923
882 923
883 923
884 923
885 923
886 923
887 923
888 923
889 923
890 923
891 923
892 923
893 923
894 923
895 923
896 923
897 923
898 923
899 923
900 923
901 923
902 923
903 923
904 923
905 923
906 923
907 923
908 923
909 923
910 923
911 923
912 923
913 923
914 923
915 923
916 923
917 923
918 923
919 923
920 923
921 923
922 923
923 924
