567
566
1 566
2 566
3 566
4 566
5 566
6 566
7 566
8 566
9 566
10 566
11 566
12 566
13 566
14 566
15 566
16 566
17 566
18 566
19 566
20 566
21 566
22 566
23 566
24 566
25 566
26 566
27 566
28 566
29 566
30 566
31 566
32 566
33 566
34 566
35 566
36 566
37 566
38 566
39 566
40 566
41 566
42 566
43 566
44 566
45 566
46 566
47 566
48 566
49 566
50 566
51 566
52 566
53 566
54 566
55 566
56 566
57 566
58 566
59 566
60 566
61 566
62 566
63 566
64 566
65 566
66 566
67 566
68 566
69 566
70 566
71 566
72 566
73 566
74 566
75 566
76 566
77 566
78 566
79 566
80 566
81 566
82 566
83 566
84 566
85 566
86 566
87 566
88 566
89 566
90 566
91 566
92 566
93 566
94 566
95 566
96 566
97 566
98 566
99 566
100 566
101 566
102 566
103 566
104 566
105 566
106 566
107 566
108 566
109 566
110 566
111 566
112 566
113 566
114 566
115 566
116 566
117 566
118 566
119 566
120 566
121 566
122 566
123 566
124 566
125 566
126 566
127 566
128 566
129 566
130 566
131 566
132 566
133 566
134 566
135 566
136 566
137 566
138 566
139 566
140 566
141 566
142 566
143 566
144 566
145 566
146 566
147 566
148 566
149 566
150 566
151 566
152 566
153 566
154 566
155 566
156 566
157 566
158 566
159 566
160 566
161 566
162 566
163 566
164 566
165 566
166 566
167 566
168 566
169 566
170 566
171 566
172 566
173 566
174 566
175 566
176 566
177 566
178 566
179 566
180 566
181 566
182 566
183 566
184 566
185 566
186 566
187 566
188 566
189 566
190 566
191 566
192 566
193 566
194 566
195 566
196 566
197 566
198 566
199 566
200 566
201 566
202 566
203 566
204 566
205 566
206 566
207 566
208 566
209 566
210 566
211 566
212 566
213 566
214 566
215 566
216 566
217 566
218 566
219 566
220 566
221 566
222 566
223 566
224 566
225 566
226 566
227 566
228 566
229 566
230 566
231 566
232 566
233 566
234 566
235 566
236 566
237 566
238 566
239 566
240 566
241 566
242 566
243 566
244 566
245 566
246 566
247 566
248 566
249 566
250 566
251 566
252 566
253 566
254 566
255 566
256 566
257 566
258 566
259 566
260 566
261 566
262 566
263 566
264 566
265 566
266 566
267 566
268 566
269 566
270 566
271 566
272 566
273 566
274 566
275 566
276 566
277 566
278 566
279 566
280 566
281 566
282 566
283 566
284 566
285 566
286 566
287 566
288 566
289 566
290 566
291 566
292 566
293 566
294 566
295 566
296 566
297 566
298 566
299 566
300 566
301 566
302 566
303 566
304 566
305 566
306 566
307 566
308 566
309 566
310 566
311 566
312 566
313 566
314 566
315 566
316 566
317 566
318 566
319 566
320 566
321 566
322 566
323 566
324 566
325 566
326 566
327 566
328 566
329 566
330 566
331 566
332 566
333 566
334 566
335 566
336 566
337 566
338 566
339 566
340 566
341 566
342 566
343 566
344 566
345 566
346 566
347 566
348 566
349 566
350 566
351 566
352 566
353 566
354 566
355 566
356 566
357 566
358 566
359 566
360 566
361 566
362 566
363 566
364 566
365 566
366 566
367 566
368 566
369 566
370 566
371 566
372 566
373 566
374 566
375 566
376 566
377 566
378 566
379 566
380 566
381 566
382 566
383 566
384 566
385 566
386 566
387 566
388 566
389 566
390 566
391 566
392 566
393 566
394 566
395 566
396 566
397 566
398 566
399 566
400 566
401 566
402 566
403 566
404 566
405 566
406 566
407 566
408 566
409 566
410 566
411 566
412 566
413 566
414 566
415 566
416 566
417 566
418 566
419 566
420 566
421 566
422 566
423 566
424 566
425 566
426 566
427 566
428 566
429 566
430 566
431 566
432 566
433 566
434 566
435 566
436 566
437 566
438 566
439 566
440 566
441 566
442 566
443 566
444 566
445 566
446 566
447 566
448 566
449 566
450 566
451 566
452 566
453 566
454 566
455 566
456 566
457 566
458 566
459 566
460 566
461 566
462 566
463 566
464 566
465 566
466 566
467 566
468 566
469 566
470 566
471 566
472 566
473 566
474 566
475 566
476 566
477 566
478 566
479 566
480 566
481 566
482 566
483 566
484 566
485 566
486 566
487 566
488 566
489 566
490 566
491 566
492 566
493 566
494 566
495 566
496 566
497 566
498 566
499 566
500 566
501 566
502 566
503 566
504 566
505 566
506 566
507 566
508 566
509 566
510 566
511 566
512 566
513 566
514 566
515 566
516 566
517 566
518 566
519 566
520 566
521 566
522 566
523 566
524 566
525 566
526 566
527 566
528 566
529 566
530 566
531 566
532 566
533 566
534 566
535 566
536 566
537 566
538 566
539 566
540 566
541 566
542 566
543 566
544 566
545 566
546 566
547 566
548 566
549 566
550 566
551 566
552 566
553 566
554 566
555 566
556 566
557 566
558 566
559 566
560 566
561 566
562 566
563 566
564 566
565 566
566 567
