522
521
1 521
2 521
3 521
4 521
5 521
6 521
7 521
8 521
9 521
10 521
11 521
12 521
13 521
14 521
15 521
16 521
17 521
18 521
19 521
20 521
21 521
22 521
23 521
24 521
25 521
26 521
27 521
28 521
29 521
30 521
31 521
32 521
33 521
34 521
35 521
36 521
37 521
38 521
39 521
40 521
41 521
42 521
43 521
44 521
45 521
46 521
47 521
48 521
49 521
50 521
51 521
52 521
53 521
54 521
55 521
56 521
57 521
58 521
59 521
60 521
61 521
62 521
63 521
64 521
65 521
66 521
67 521
68 521
69 521
70 521
71 521
72 521
73 521
74 521
75 521
76 521
77 521
78 521
79 521
80 521
81 521
82 521
83 521
84 521
85 521
86 521
87 521
88 521
89 521
90 521
91 521
92 521
93 521
94 521
95 521
96 521
97 521
98 521
99 521
100 521
101 521
102 521
103 521
104 521
105 521
106 521
107 521
108 521
109 521
110 521
111 521
112 521
113 521
114 521
115 521
116 521
117 521
118 521
119 521
120 521
121 521
122 521
123 521
124 521
125 521
126 521
127 521
128 521
129 521
130 521
131 521
132 521
133 521
134 521
135 521
136 521
137 521
138 521
139 521
140 521
141 521
142 521
143 521
144 521
145 521
146 521
147 521
148 521
149 521
150 521
151 521
152 521
153 521
154 521
155 521
156 521
157 521
158 521
159 521
160 521
161 521
162 521
163 521
164 521
165 521
166 521
167 521
168 521
169 521
170 521
171 521
172 521
173 521
174 521
175 521
176 521
177 521
178 521
179 521
180 521
181 521
182 521
183 521
184 521
185 521
186 521
187 521
188 521
189 521
190 521
191 521
192 521
193 521
194 521
195 521
196 521
197 521
198 521
199 521
200 521
201 521
202 521
203 521
204 521
205 521
206 521
207 521
208 521
209 521
210 521
211 521
212 521
213 521
214 521
215 521
216 521
217 521
218 521
219 521
220 521
221 521
222 521
223 521
224 521
225 521
226 521
227 521
228 521
229 521
230 521
231 521
232 521
233 521
234 521
235 521
236 521
237 521
238 521
239 521
240 521
241 521
242 521
243 521
244 521
245 521
246 521
247 521
248 521
249 521
250 521
251 521
252 521
253 521
254 521
255 521
256 521
257 521
258 521
259 521
260 521
261 521
262 521
263 521
264 521
265 521
266 521
267 521
268 521
269 521
270 521
271 521
272 521
273 521
274 521
275 521
276 521
277 521
278 521
279 521
280 521
281 521
282 521
283 521
284 521
285 521
286 521
287 521
288 521
289 521
290 521
291 521
292 521
293 521
294 521
295 521
296 521
297 521
298 521
299 521
300 521
301 521
302 521
303 521
304 521
305 521
306 521
307 521
308 521
309 521
310 521
311 521
312 521
313 521
314 521
315 521
316 521
317 521
318 521
319 521
320 521
321 521
322 521
323 521
324 521
325 521
326 521
327 521
328 521
329 521
330 521
331 521
332 521
333 521
334 521
335 521
336 521
337 521
338 521
339 521
340 521
341 521
342 521
343 521
344 521
345 521
346 521
347 521
348 521
349 521
350 521
351 521
352 521
353 521
354 521
355 521
356 521
357 521
358 521
359 521
360 521
361 521
362 521
363 521
364 521
365 521
366 521
367 521
368 521
369 521
370 521
371 521
372 521
373 521
374 521
375 521
376 521
377 521
378 521
379 521
380 521
381 521
382 521
383 521
384 521
385 521
386 521
387 521
388 521
389 521
390 521
391 521
392 521
393 521
394 521
395 521
396 521
397 521
398 521
399 521
400 521
401 521
402 521
403 521
404 521
405 521
406 521
407 521
408 521
409 521
410 521
411 521
412 521
413 521
414 521
415 521
416 521
417 521
418 521
419 521
420 521
421 521
422 521
423 521
424 521
425 521
426 521
427 521
428 521
429 521
430 521
431 521
432 521
433 521
434 521
435 521
436 521
437 521
438 521
439 521
440 521
441 521
442 521
443 521
444 521
445 521
446 521
447 521
448 521
449 521
450 521
451 521
452 521
453 521
454 521
455 521
456 521
457 521
458 521
459 521
460 521
461 521
462 521
463 521
464 521
465 521
466 521
467 521
468 521
469 521
470 521
471 521
472 521
473 521
474 521
475 521
476 521
477 521
478 521
479 521
480 521
481 521
482 521
483 521
484 521
485 521
486 521
487 521
488 521
489 521
490 521
491 521
492 521
493 521
494 521
495 521
496 521
497 521
498 521
499 521
500 521
501 521
502 521
503 521
504 521
505 521
506 521
507 521
508 521
509 521
510 521
511 521
512 521
513 521
514 521
515 521
516 521
517 521
518 521
519 521
520 521
521 522
