892
891
1 891
2 891
3 891
4 891
5 891
6 891
7 891
8 891
9 891
10 891
11 891
12 891
13 891
14 891
15 891
16 891
17 891
18 891
19 891
20 891
21 891
22 891
23 891
24 891
25 891
26 891
27 891
28 891
29 891
30 891
31 891
32 891
33 891
34 891
35 891
36 891
37 891
38 891
39 891
40 891
41 891
42 891
43 891
44 891
45 891
46 891
47 891
48 891
49 891
50 891
51 891
52 891
53 891
54 891
55 891
56 891
57 891
58 891
59 891
60 891
61 891
62 891
63 891
64 891
65 891
66 891
67 891
68 891
69 891
70 891
71 891
72 891
73 891
74 891
75 891
76 891
77 891
78 891
79 891
80 891
81 891
82 891
83 891
84 891
85 891
86 891
87 891
88 891
89 891
90 891
91 891
92 891
93 891
94 891
95 891
96 891
97 891
98 891
99 891
100 891
101 891
102 891
103 891
104 891
105 891
106 891
107 891
108 891
109 891
110 891
111 891
112 891
113 891
114 891
115 891
116 891
117 891
118 891
119 891
120 891
121 891
122 891
123 891
124 891
125 891
126 891
127 891
128 891
129 891
130 891
131 891
132 891
133 891
134 891
135 891
136 891
137 891
138 891
139 891
140 891
141 891
142 891
143 891
144 891
145 891
146 891
147 891
148 891
149 891
150 891
151 891
152 891
153 891
154 891
155 891
156 891
157 891
158 891
159 891
160 891
161 891
162 891
163 891
164 891
165 891
166 891
167 891
168 891
169 891
170 891
171 891
172 891
173 891
174 891
175 891
176 891
177 891
178 891
179 891
180 891
181 891
182 891
183 891
184 891
185 891
186 891
187 891
188 891
189 891
190 891
191 891
192 891
193 891
194 891
195 891
196 891
197 891
198 891
199 891
200 891
201 891
202 891
203 891
204 891
205 891
206 891
207 891
208 891
209 891
210 891
211 891
212 891
213 891
214 891
215 891
216 891
217 891
218 891
219 891
220 891
221 891
222 891
223 891
224 891
225 891
226 891
227 891
228 891
229 891
230 891
231 891
232 891
233 891
234 891
235 891
236 891
237 891
238 891
239 891
240 891
241 891
242 891
243 891
244 891
245 891
246 891
247 891
248 891
249 891
250 891
251 891
252 891
253 891
254 891
255 891
256 891
257 891
258 891
259 891
260 891
261 891
262 891
263 891
264 891
265 891
266 891
267 891
268 891
269 891
270 891
271 891
272 891
273 891
274 891
275 891
276 891
277 891
278 891
279 891
280 891
281 891
282 891
283 891
284 891
285 891
286 891
287 891
288 891
289 891
290 891
291 891
292 891
293 891
294 891
295 891
296 891
297 891
298 891
299 891
300 891
301 891
302 891
303 891
304 891
305 891
306 891
307 891
308 891
309 891
310 891
311 891
312 891
313 891
314 891
315 891
316 891
317 891
318 891
319 891
320 891
321 891
322 891
323 891
324 891
325 891
326 891
327 891
328 891
329 891
330 891
331 891
332 891
333 891
334 891
335 891
336 891
337 891
338 891
339 891
340 891
341 891
342 891
343 891
344 891
345 891
346 891
347 891
348 891
349 891
350 891
351 891
352 891
353 891
354 891
355 891
356 891
357 891
358 891
359 891
360 891
361 891
362 891
363 891
364 891
365 891
366 891
367 891
368 891
369 891
370 891
371 891
372 891
373 891
374 891
375 891
376 891
377 891
378 891
379 891
380 891
381 891
382 891
383 891
384 891
385 891
386 891
387 891
388 891
389 891
390 891
391 891
392 891
393 891
394 891
395 891
396 891
397 891
398 891
399 891
400 891
401 891
402 891
403 891
404 891
405 891
406 891
407 891
408 891
409 891
410 891
411 891
412 891
413 891
414 891
415 891
416 891
417 891
418 891
419 891
420 891
421 891
422 891
423 891
424 891
425 891
426 891
427 891
428 891
429 891
430 891
431 891
432 891
433 891
434 891
435 891
436 891
437 891
438 891
439 891
440 891
441 891
442 891
443 891
444 891
445 891
446 891
447 891
448 891
449 891
450 891
451 891
452 891
453 891
454 891
455 891
456 891
457 891
458 891
459 891
460 891
461 891
462 891
463 891
464 891
465 891
466 891
467 891
468 891
469 891
470 891
471 891
472 891
473 891
474 891
475 891
476 891
477 891
478 891
479 891
480 891
481 891
482 891
483 891
484 891
485 891
486 891
487 891
488 891
489 891
490 891
491 891
492 891
493 891
494 891
495 891
496 891
497 891
498 891
499 891
500 891
501 891
502 891
503 891
504 891
505 891
506 891
507 891
508 891
509 891
510 891
511 891
512 891
513 891
514 891
515 891
516 891
517 891
518 891
519 891
520 891
521 891
522 891
523 891
524 891
525 891
526 891
527 891
528 891
529 891
530 891
531 891
532 891
533 891
534 891
535 891
536 891
537 891
538 891
539 891
540 891
541 891
542 891
543 891
544 891
545 891
546 891
547 891
548 891
549 891
550 891
551 891
552 891
553 891
554 891
555 891
556 891
557 891
558 891
559 891
560 891
561 891
562 891
563 891
564 891
565 891
566 891
567 891
568 891
569 891
570 891
571 891
572 891
573 891
574 891
575 891
576 891
577 891
578 891
579 891
580 891
581 891
582 891
583 891
584 891
585 891
586 891
587 891
588 891
589 891
590 891
591 891
592 891
593 891
594 891
595 891
596 891
597 891
598 891
599 891
600 891
601 891
602 891
603 891
604 891
605 891
606 891
607 891
608 891
609 891
610 891
611 891
612 891
613 891
614 891
615 891
616 891
617 891
618 891
619 891
620 891
621 891
622 891
623 891
624 891
625 891
626 891
627 891
628 891
629 891
630 891
631 891
632 891
633 891
634 891
635 891
636 891
637 891
638 891
639 891
640 891
641 891
642 891
643 891
644 891
645 891
646 891
647 891
648 891
649 891
650 891
651 891
652 891
653 891
654 891
655 891
656 891
657 891
658 891
659 891
660 891
661 891
662 891
663 891
664 891
665 891
666 891
667 891
668 891
669 891
670 891
671 891
672 891
673 891
674 891
675 891
676 891
677 891
678 891
679 891
680 891
681 891
682 891
683 891
684 891
685 891
686 891
687 891
688 891
689 891
690 891
691 891
692 891
693 891
694 891
695 891
696 891
697 891
698 891
699 891
700 891
701 891
702 891
703 891
704 891
705 891
706 891
707 891
708 891
709 891
710 891
711 891
712 891
713 891
714 891
715 891
716 891
717 891
718 891
719 891
720 891
721 891
722 891
723 891
724 891
725 891
726 891
727 891
728 891
729 891
730 891
731 891
732 891
733 891
734 891
735 891
736 891
737 891
738 891
739 891
740 891
741 891
742 891
743 891
744 891
745 891
746 891
747 891
748 891
749 891
750 891
751 891
752 891
753 891
754 891
755 891
756 891
757 891
758 891
759 891
760 891
761 891
762 891
763 891
764 891
765 891
766 891
767 891
768 891
769 891
770 891
771 891
772 891
773 891
774 891
775 891
776 891
777 891
778 891
779 891
780 891
781 891
782 891
783 891
784 891
785 891
786 891
787 891
788 891
789 891
790 891
791 891
792 891
793 891
794 891
795 891
796 891
797 891
798 891
799 891
800 891
801 891
802 891
803 891
804 891
805 891
806 891
807 891
808 891
809 891
810 891
811 891
812 891
813 891
814 891
815 891
816 891
817 891
818 891
819 891
820 891
821 891
822 891
823 891
824 891
825 891
826 891
827 891
828 891
829 891
830 891
831 891
832 891
833 891
834 891
835 891
836 891
837 891
838 891
839 891
840 891
841 891
842 891
843 891
844 891
845 891
846 891
847 891
848 891
849 891
850 891
851 891
852 891
853 891
854 891
855 891
856 891
857 891
858 891
859 891
860 891
861 891
862 891
863 891
864 891
865 891
866 891
867 891
868 891
869 891
870 891
871 891
872 891
873 891
874 891
875 891
876 891
877 891
878 891
879 891
880 891
881 891
882 891
883 891
884 891
885 891
886 891
887 891
888 891
889 891
890 891
891 892
