740
739
1 739
2 739
3 739
4 739
5 739
6 739
7 739
8 739
9 739
10 739
11 739
12 739
13 739
14 739
15 739
16 739
17 739
18 739
19 739
20 739
21 739
22 739
23 739
24 739
25 739
26 739
27 739
28 739
29 739
30 739
31 739
32 739
33 739
34 739
35 739
36 739
37 739
38 739
39 739
40 739
41 739
42 739
43 739
44 739
45 739
46 739
47 739
48 739
49 739
50 739
51 739
52 739
53 739
54 739
55 739
56 739
57 739
58 739
59 739
60 739
61 739
62 739
63 739
64 739
65 739
66 739
67 739
68 739
69 739
70 739
71 739
72 739
73 739
74 739
75 739
76 739
77 739
78 739
79 739
80 739
81 739
82 739
83 739
84 739
85 739
86 739
87 739
88 739
89 739
90 739
91 739
92 739
93 739
94 739
95 739
96 739
97 739
98 739
99 739
100 739
101 739
102 739
103 739
104 739
105 739
106 739
107 739
108 739
109 739
110 739
111 739
112 739
113 739
114 739
115 739
116 739
117 739
118 739
119 739
120 739
121 739
122 739
123 739
124 739
125 739
126 739
127 739
128 739
129 739
130 739
131 739
132 739
133 739
134 739
135 739
136 739
137 739
138 739
139 739
140 739
141 739
142 739
143 739
144 739
145 739
146 739
147 739
148 739
149 739
150 739
151 739
152 739
153 739
154 739
155 739
156 739
157 739
158 739
159 739
160 739
161 739
162 739
163 739
164 739
165 739
166 739
167 739
168 739
169 739
170 739
171 739
172 739
173 739
174 739
175 739
176 739
177 739
178 739
179 739
180 739
181 739
182 739
183 739
184 739
185 739
186 739
187 739
188 739
189 739
190 739
191 739
192 739
193 739
194 739
195 739
196 739
197 739
198 739
199 739
200 739
201 739
202 739
203 739
204 739
205 739
206 739
207 739
208 739
209 739
210 739
211 739
212 739
213 739
214 739
215 739
216 739
217 739
218 739
219 739
220 739
221 739
222 739
223 739
224 739
225 739
226 739
227 739
228 739
229 739
230 739
231 739
232 739
233 739
234 739
235 739
236 739
237 739
238 739
239 739
240 739
241 739
242 739
243 739
244 739
245 739
246 739
247 739
248 739
249 739
250 739
251 739
252 739
253 739
254 739
255 739
256 739
257 739
258 739
259 739
260 739
261 739
262 739
263 739
264 739
265 739
266 739
267 739
268 739
269 739
270 739
271 739
272 739
273 739
274 739
275 739
276 739
277 739
278 739
279 739
280 739
281 739
282 739
283 739
284 739
285 739
286 739
287 739
288 739
289 739
290 739
291 739
292 739
293 739
294 739
295 739
296 739
297 739
298 739
299 739
300 739
301 739
302 739
303 739
304 739
305 739
306 739
307 739
308 739
309 739
310 739
311 739
312 739
313 739
314 739
315 739
316 739
317 739
318 739
319 739
320 739
321 739
322 739
323 739
324 739
325 739
326 739
327 739
328 739
329 739
330 739
331 739
332 739
333 739
334 739
335 739
336 739
337 739
338 739
339 739
340 739
341 739
342 739
343 739
344 739
345 739
346 739
347 739
348 739
349 739
350 739
351 739
352 739
353 739
354 739
355 739
356 739
357 739
358 739
359 739
360 739
361 739
362 739
363 739
364 739
365 739
366 739
367 739
368 739
369 739
370 739
371 739
372 739
373 739
374 739
375 739
376 739
377 739
378 739
379 739
380 739
381 739
382 739
383 739
384 739
385 739
386 739
387 739
388 739
389 739
390 739
391 739
392 739
393 739
394 739
395 739
396 739
397 739
398 739
399 739
400 739
401 739
402 739
403 739
404 739
405 739
406 739
407 739
408 739
409 739
410 739
411 739
412 739
413 739
414 739
415 739
416 739
417 739
418 739
419 739
420 739
421 739
422 739
423 739
424 739
425 739
426 739
427 739
428 739
429 739
430 739
431 739
432 739
433 739
434 739
435 739
436 739
437 739
438 739
439 739
440 739
441 739
442 739
443 739
444 739
445 739
446 739
447 739
448 739
449 739
450 739
451 739
452 739
453 739
454 739
455 739
456 739
457 739
458 739
459 739
460 739
461 739
462 739
463 739
464 739
465 739
466 739
467 739
468 739
469 739
470 739
471 739
472 739
473 739
474 739
475 739
476 739
477 739
478 739
479 739
480 739
481 739
482 739
483 739
484 739
485 739
486 739
487 739
488 739
489 739
490 739
491 739
492 739
493 739
494 739
495 739
496 739
497 739
498 739
499 739
500 739
501 739
502 739
503 739
504 739
505 739
506 739
507 739
508 739
509 739
510 739
511 739
512 739
513 739
514 739
515 739
516 739
517 739
518 739
519 739
520 739
521 739
522 739
523 739
524 739
525 739
526 739
527 739
528 739
529 739
530 739
531 739
532 739
533 739
534 739
535 739
536 739
537 739
538 739
539 739
540 739
541 739
542 739
543 739
544 739
545 739
546 739
547 739
548 739
549 739
550 739
551 739
552 739
553 739
554 739
555 739
556 739
557 739
558 739
559 739
560 739
561 739
562 739
563 739
564 739
565 739
566 739
567 739
568 739
569 739
570 739
571 739
572 739
573 739
574 739
575 739
576 739
577 739
578 739
579 739
580 739
581 739
582 739
583 739
584 739
585 739
586 739
587 739
588 739
589 739
590 739
591 739
592 739
593 739
594 739
595 739
596 739
597 739
598 739
599 739
600 739
601 739
602 739
603 739
604 739
605 739
606 739
607 739
608 739
609 739
610 739
611 739
612 739
613 739
614 739
615 739
616 739
617 739
618 739
619 739
620 739
621 739
622 739
623 739
624 739
625 739
626 739
627 739
628 739
629 739
630 739
631 739
632 739
633 739
634 739
635 739
636 739
637 739
638 739
639 739
640 739
641 739
642 739
643 739
644 739
645 739
646 739
647 739
648 739
649 739
650 739
651 739
652 739
653 739
654 739
655 739
656 739
657 739
658 739
659 739
660 739
661 739
662 739
663 739
664 739
665 739
666 739
667 739
668 739
669 739
670 739
671 739
672 739
673 739
674 739
675 739
676 739
677 739
678 739
679 739
680 739
681 739
682 739
683 739
684 739
685 739
686 739
687 739
688 739
689 739
690 739
691 739
692 739
693 739
694 739
695 739
696 739
697 739
698 739
699 739
700 739
701 739
702 739
703 739
704 739
705 739
706 739
707 739
708 739
709 739
710 739
711 739
712 739
713 739
714 739
715 739
716 739
717 739
718 739
719 739
720 739
721 739
722 739
723 739
724 739
725 739
726 739
727 739
728 739
729 739
730 739
731 739
732 739
733 739
734 739
735 739
736 739
737 739
738 739
739 740
