455
454
1 454
2 454
3 454
4 454
5 454
6 454
7 454
8 454
9 454
10 454
11 454
12 454
13 454
14 454
15 454
16 454
17 454
18 454
19 454
20 454
21 454
22 454
23 454
24 454
25 454
26 454
27 454
28 454
29 454
30 454
31 454
32 454
33 454
34 454
35 454
36 454
37 454
38 454
39 454
40 454
41 454
42 454
43 454
44 454
45 454
46 454
47 454
48 454
49 454
50 454
51 454
52 454
53 454
54 454
55 454
56 454
57 454
58 454
59 454
60 454
61 454
62 454
63 454
64 454
65 454
66 454
67 454
68 454
69 454
70 454
71 454
72 454
73 454
74 454
75 454
76 454
77 454
78 454
79 454
80 454
81 454
82 454
83 454
84 454
85 454
86 454
87 454
88 454
89 454
90 454
91 454
92 454
93 454
94 454
95 454
96 454
97 454
98 454
99 454
100 454
101 454
102 454
103 454
104 454
105 454
106 454
107 454
108 454
109 454
110 454
111 454
112 454
113 454
114 454
115 454
116 454
117 454
118 454
119 454
120 454
121 454
122 454
123 454
124 454
125 454
126 454
127 454
128 454
129 454
130 454
131 454
132 454
133 454
134 454
135 454
136 454
137 454
138 454
139 454
140 454
141 454
142 454
143 454
144 454
145 454
146 454
147 454
148 454
149 454
150 454
151 454
152 454
153 454
154 454
155 454
156 454
157 454
158 454
159 454
160 454
161 454
162 454
163 454
164 454
165 454
166 454
167 454
168 454
169 454
170 454
171 454
172 454
173 454
174 454
175 454
176 454
177 454
178 454
179 454
180 454
181 454
182 454
183 454
184 454
185 454
186 454
187 454
188 454
189 454
190 454
191 454
192 454
193 454
194 454
195 454
196 454
197 454
198 454
199 454
200 454
201 454
202 454
203 454
204 454
205 454
206 454
207 454
208 454
209 454
210 454
211 454
212 454
213 454
214 454
215 454
216 454
217 454
218 454
219 454
220 454
221 454
222 454
223 454
224 454
225 454
226 454
227 454
228 454
229 454
230 454
231 454
232 454
233 454
234 454
235 454
236 454
237 454
238 454
239 454
240 454
241 454
242 454
243 454
244 454
245 454
246 454
247 454
248 454
249 454
250 454
251 454
252 454
253 454
254 454
255 454
256 454
257 454
258 454
259 454
260 454
261 454
262 454
263 454
264 454
265 454
266 454
267 454
268 454
269 454
270 454
271 454
272 454
273 454
274 454
275 454
276 454
277 454
278 454
279 454
280 454
281 454
282 454
283 454
284 454
285 454
286 454
287 454
288 454
289 454
290 454
291 454
292 454
293 454
294 454
295 454
296 454
297 454
298 454
299 454
300 454
301 454
302 454
303 454
304 454
305 454
306 454
307 454
308 454
309 454
310 454
311 454
312 454
313 454
314 454
315 454
316 454
317 454
318 454
319 454
320 454
321 454
322 454
323 454
324 454
325 454
326 454
327 454
328 454
329 454
330 454
331 454
332 454
333 454
334 454
335 454
336 454
337 454
338 454
339 454
340 454
341 454
342 454
343 454
344 454
345 454
346 454
347 454
348 454
349 454
350 454
351 454
352 454
353 454
354 454
355 454
356 454
357 454
358 454
359 454
360 454
361 454
362 454
363 454
364 454
365 454
366 454
367 454
368 454
369 454
370 454
371 454
372 454
373 454
374 454
375 454
376 454
377 454
378 454
379 454
380 454
381 454
382 454
383 454
384 454
385 454
386 454
387 454
388 454
389 454
390 454
391 454
392 454
393 454
394 454
395 454
396 454
397 454
398 454
399 454
400 454
401 454
402 454
403 454
404 454
405 454
406 454
407 454
408 454
409 454
410 454
411 454
412 454
413 454
414 454
415 454
416 454
417 454
418 454
419 454
420 454
421 454
422 454
423 454
424 454
425 454
426 454
427 454
428 454
429 454
430 454
431 454
432 454
433 454
434 454
435 454
436 454
437 454
438 454
439 454
440 454
441 454
442 454
443 454
444 454
445 454
446 454
447 454
448 454
449 454
450 454
451 454
452 454
453 454
454 455
