983
982
1 982
2 982
3 982
4 982
5 982
6 982
7 982
8 982
9 982
10 982
11 982
12 982
13 982
14 982
15 982
16 982
17 982
18 982
19 982
20 982
21 982
22 982
23 982
24 982
25 982
26 982
27 982
28 982
29 982
30 982
31 982
32 982
33 982
34 982
35 982
36 982
37 982
38 982
39 982
40 982
41 982
42 982
43 982
44 982
45 982
46 982
47 982
48 982
49 982
50 982
51 982
52 982
53 982
54 982
55 982
56 982
57 982
58 982
59 982
60 982
61 982
62 982
63 982
64 982
65 982
66 982
67 982
68 982
69 982
70 982
71 982
72 982
73 982
74 982
75 982
76 982
77 982
78 982
79 982
80 982
81 982
82 982
83 982
84 982
85 982
86 982
87 982
88 982
89 982
90 982
91 982
92 982
93 982
94 982
95 982
96 982
97 982
98 982
99 982
100 982
101 982
102 982
103 982
104 982
105 982
106 982
107 982
108 982
109 982
110 982
111 982
112 982
113 982
114 982
115 982
116 982
117 982
118 982
119 982
120 982
121 982
122 982
123 982
124 982
125 982
126 982
127 982
128 982
129 982
130 982
131 982
132 982
133 982
134 982
135 982
136 982
137 982
138 982
139 982
140 982
141 982
142 982
143 982
144 982
145 982
146 982
147 982
148 982
149 982
150 982
151 982
152 982
153 982
154 982
155 982
156 982
157 982
158 982
159 982
160 982
161 982
162 982
163 982
164 982
165 982
166 982
167 982
168 982
169 982
170 982
171 982
172 982
173 982
174 982
175 982
176 982
177 982
178 982
179 982
180 982
181 982
182 982
183 982
184 982
185 982
186 982
187 982
188 982
189 982
190 982
191 982
192 982
193 982
194 982
195 982
196 982
197 982
198 982
199 982
200 982
201 982
202 982
203 982
204 982
205 982
206 982
207 982
208 982
209 982
210 982
211 982
212 982
213 982
214 982
215 982
216 982
217 982
218 982
219 982
220 982
221 982
222 982
223 982
224 982
225 982
226 982
227 982
228 982
229 982
230 982
231 982
232 982
233 982
234 982
235 982
236 982
237 982
238 982
239 982
240 982
241 982
242 982
243 982
244 982
245 982
246 982
247 982
248 982
249 982
250 982
251 982
252 982
253 982
254 982
255 982
256 982
257 982
258 982
259 982
260 982
261 982
262 982
263 982
264 982
265 982
266 982
267 982
268 982
269 982
270 982
271 982
272 982
273 982
274 982
275 982
276 982
277 982
278 982
279 982
280 982
281 982
282 982
283 982
284 982
285 982
286 982
287 982
288 982
289 982
290 982
291 982
292 982
293 982
294 982
295 982
296 982
297 982
298 982
299 982
300 982
301 982
302 982
303 982
304 982
305 982
306 982
307 982
308 982
309 982
310 982
311 982
312 982
313 982
314 982
315 982
316 982
317 982
318 982
319 982
320 982
321 982
322 982
323 982
324 982
325 982
326 982
327 982
328 982
329 982
330 982
331 982
332 982
333 982
334 982
335 982
336 982
337 982
338 982
339 982
340 982
341 982
342 982
343 982
344 982
345 982
346 982
347 982
348 982
349 982
350 982
351 982
352 982
353 982
354 982
355 982
356 982
357 982
358 982
359 982
360 982
361 982
362 982
363 982
364 982
365 982
366 982
367 982
368 982
369 982
370 982
371 982
372 982
373 982
374 982
375 982
376 982
377 982
378 982
379 982
380 982
381 982
382 982
383 982
384 982
385 982
386 982
387 982
388 982
389 982
390 982
391 982
392 982
393 982
394 982
395 982
396 982
397 982
398 982
399 982
400 982
401 982
402 982
403 982
404 982
405 982
406 982
407 982
408 982
409 982
410 982
411 982
412 982
413 982
414 982
415 982
416 982
417 982
418 982
419 982
420 982
421 982
422 982
423 982
424 982
425 982
426 982
427 982
428 982
429 982
430 982
431 982
432 982
433 982
434 982
435 982
436 982
437 982
438 982
439 982
440 982
441 982
442 982
443 982
444 982
445 982
446 982
447 982
448 982
449 982
450 982
451 982
452 982
453 982
454 982
455 982
456 982
457 982
458 982
459 982
460 982
461 982
462 982
463 982
464 982
465 982
466 982
467 982
468 982
469 982
470 982
471 982
472 982
473 982
474 982
475 982
476 982
477 982
478 982
479 982
480 982
481 982
482 982
483 982
484 982
485 982
486 982
487 982
488 982
489 982
490 982
491 982
492 982
493 982
494 982
495 982
496 982
497 982
498 982
499 982
500 982
501 982
502 982
503 982
504 982
505 982
506 982
507 982
508 982
509 982
510 982
511 982
512 982
513 982
514 982
515 982
516 982
517 982
518 982
519 982
520 982
521 982
522 982
523 982
524 982
525 982
526 982
527 982
528 982
529 982
530 982
531 982
532 982
533 982
534 982
535 982
536 982
537 982
538 982
539 982
540 982
541 982
542 982
543 982
544 982
545 982
546 982
547 982
548 982
549 982
550 982
551 982
552 982
553 982
554 982
555 982
556 982
557 982
558 982
559 982
560 982
561 982
562 982
563 982
564 982
565 982
566 982
567 982
568 982
569 982
570 982
571 982
572 982
573 982
574 982
575 982
576 982
577 982
578 982
579 982
580 982
581 982
582 982
583 982
584 982
585 982
586 982
587 982
588 982
589 982
590 982
591 982
592 982
593 982
594 982
595 982
596 982
597 982
598 982
599 982
600 982
601 982
602 982
603 982
604 982
605 982
606 982
607 982
608 982
609 982
610 982
611 982
612 982
613 982
614 982
615 982
616 982
617 982
618 982
619 982
620 982
621 982
622 982
623 982
624 982
625 982
626 982
627 982
628 982
629 982
630 982
631 982
632 982
633 982
634 982
635 982
636 982
637 982
638 982
639 982
640 982
641 982
642 982
643 982
644 982
645 982
646 982
647 982
648 982
649 982
650 982
651 982
652 982
653 982
654 982
655 982
656 982
657 982
658 982
659 982
660 982
661 982
662 982
663 982
664 982
665 982
666 982
667 982
668 982
669 982
670 982
671 982
672 982
673 982
674 982
675 982
676 982
677 982
678 982
679 982
680 982
681 982
682 982
683 982
684 982
685 982
686 982
687 982
688 982
689 982
690 982
691 982
692 982
693 982
694 982
695 982
696 982
697 982
698 982
699 982
700 982
701 982
702 982
703 982
704 982
705 982
706 982
707 982
708 982
709 982
710 982
711 982
712 982
713 982
714 982
715 982
716 982
717 982
718 982
719 982
720 982
721 982
722 982
723 982
724 982
725 982
726 982
727 982
728 982
729 982
730 982
731 982
732 982
733 982
734 982
735 982
736 982
737 982
738 982
739 982
740 982
741 982
742 982
743 982
744 982
745 982
746 982
747 982
748 982
749 982
750 982
751 982
752 982
753 982
754 982
755 982
756 982
757 982
758 982
759 982
760 982
761 982
762 982
763 982
764 982
765 982
766 982
767 982
768 982
769 982
770 982
771 982
772 982
773 982
774 982
775 982
776 982
777 982
778 982
779 982
780 982
781 982
782 982
783 982
784 982
785 982
786 982
787 982
788 982
789 982
790 982
791 982
792 982
793 982
794 982
795 982
796 982
797 982
798 982
799 982
800 982
801 982
802 982
803 982
804 982
805 982
806 982
807 982
808 982
809 982
810 982
811 982
812 982
813 982
814 982
815 982
816 982
817 982
818 982
819 982
820 982
821 982
822 982
823 982
824 982
825 982
826 982
827 982
828 982
829 982
830 982
831 982
832 982
833 982
834 982
835 982
836 982
837 982
838 982
839 982
840 982
841 982
842 982
843 982
844 982
845 982
846 982
847 982
848 982
849 982
850 982
851 982
852 982
853 982
854 982
855 982
856 982
857 982
858 982
859 982
860 982
861 982
862 982
863 982
864 982
865 982
866 982
867 982
868 982
869 982
870 982
871 982
872 982
873 982
874 982
875 982
876 982
877 982
878 982
879 982
880 982
881 982
882 982
883 982
884 982
885 982
886 982
887 982
888 982
889 982
890 982
891 982
892 982
893 982
894 982
895 982
896 982
897 982
898 982
899 982
900 982
901 982
902 982
903 982
904 982
905 982
906 982
907 982
908 982
909 982
910 982
911 982
912 982
913 982
914 982
915 982
916 982
917 982
918 982
919 982
920 982
921 982
922 982
923 982
924 982
925 982
926 982
927 982
928 982
929 982
930 982
931 982
932 982
933 982
934 982
935 982
936 982
937 982
938 982
939 982
940 982
941 982
942 982
943 982
944 982
945 982
946 982
947 982
948 982
949 982
950 982
951 982
952 982
953 982
954 982
955 982
956 982
957 982
958 982
959 982
960 982
961 982
962 982
963 982
964 982
965 982
966 982
967 982
968 982
969 982
970 982
971 982
972 982
973 982
974 982
975 982
976 982
977 982
978 982
979 982
980 982
981 982
982 983
