927
926
1 926
2 926
3 926
4 926
5 926
6 926
7 926
8 926
9 926
10 926
11 926
12 926
13 926
14 926
15 926
16 926
17 926
18 926
19 926
20 926
21 926
22 926
23 926
24 926
25 926
26 926
27 926
28 926
29 926
30 926
31 926
32 926
33 926
34 926
35 926
36 926
37 926
38 926
39 926
40 926
41 926
42 926
43 926
44 926
45 926
46 926
47 926
48 926
49 926
50 926
51 926
52 926
53 926
54 926
55 926
56 926
57 926
58 926
59 926
60 926
61 926
62 926
63 926
64 926
65 926
66 926
67 926
68 926
69 926
70 926
71 926
72 926
73 926
74 926
75 926
76 926
77 926
78 926
79 926
80 926
81 926
82 926
83 926
84 926
85 926
86 926
87 926
88 926
89 926
90 926
91 926
92 926
93 926
94 926
95 926
96 926
97 926
98 926
99 926
100 926
101 926
102 926
103 926
104 926
105 926
106 926
107 926
108 926
109 926
110 926
111 926
112 926
113 926
114 926
115 926
116 926
117 926
118 926
119 926
120 926
121 926
122 926
123 926
124 926
125 926
126 926
127 926
128 926
129 926
130 926
131 926
132 926
133 926
134 926
135 926
136 926
137 926
138 926
139 926
140 926
141 926
142 926
143 926
144 926
145 926
146 926
147 926
148 926
149 926
150 926
151 926
152 926
153 926
154 926
155 926
156 926
157 926
158 926
159 926
160 926
161 926
162 926
163 926
164 926
165 926
166 926
167 926
168 926
169 926
170 926
171 926
172 926
173 926
174 926
175 926
176 926
177 926
178 926
179 926
180 926
181 926
182 926
183 926
184 926
185 926
186 926
187 926
188 926
189 926
190 926
191 926
192 926
193 926
194 926
195 926
196 926
197 926
198 926
199 926
200 926
201 926
202 926
203 926
204 926
205 926
206 926
207 926
208 926
209 926
210 926
211 926
212 926
213 926
214 926
215 926
216 926
217 926
218 926
219 926
220 926
221 926
222 926
223 926
224 926
225 926
226 926
227 926
228 926
229 926
230 926
231 926
232 926
233 926
234 926
235 926
236 926
237 926
238 926
239 926
240 926
241 926
242 926
243 926
244 926
245 926
246 926
247 926
248 926
249 926
250 926
251 926
252 926
253 926
254 926
255 926
256 926
257 926
258 926
259 926
260 926
261 926
262 926
263 926
264 926
265 926
266 926
267 926
268 926
269 926
270 926
271 926
272 926
273 926
274 926
275 926
276 926
277 926
278 926
279 926
280 926
281 926
282 926
283 926
284 926
285 926
286 926
287 926
288 926
289 926
290 926
291 926
292 926
293 926
294 926
295 926
296 926
297 926
298 926
299 926
300 926
301 926
302 926
303 926
304 926
305 926
306 926
307 926
308 926
309 926
310 926
311 926
312 926
313 926
314 926
315 926
316 926
317 926
318 926
319 926
320 926
321 926
322 926
323 926
324 926
325 926
326 926
327 926
328 926
329 926
330 926
331 926
332 926
333 926
334 926
335 926
336 926
337 926
338 926
339 926
340 926
341 926
342 926
343 926
344 926
345 926
346 926
347 926
348 926
349 926
350 926
351 926
352 926
353 926
354 926
355 926
356 926
357 926
358 926
359 926
360 926
361 926
362 926
363 926
364 926
365 926
366 926
367 926
368 926
369 926
370 926
371 926
372 926
373 926
374 926
375 926
376 926
377 926
378 926
379 926
380 926
381 926
382 926
383 926
384 926
385 926
386 926
387 926
388 926
389 926
390 926
391 926
392 926
393 926
394 926
395 926
396 926
397 926
398 926
399 926
400 926
401 926
402 926
403 926
404 926
405 926
406 926
407 926
408 926
409 926
410 926
411 926
412 926
413 926
414 926
415 926
416 926
417 926
418 926
419 926
420 926
421 926
422 926
423 926
424 926
425 926
426 926
427 926
428 926
429 926
430 926
431 926
432 926
433 926
434 926
435 926
436 926
437 926
438 926
439 926
440 926
441 926
442 926
443 926
444 926
445 926
446 926
447 926
448 926
449 926
450 926
451 926
452 926
453 926
454 926
455 926
456 926
457 926
458 926
459 926
460 926
461 926
462 926
463 926
464 926
465 926
466 926
467 926
468 926
469 926
470 926
471 926
472 926
473 926
474 926
475 926
476 926
477 926
478 926
479 926
480 926
481 926
482 926
483 926
484 926
485 926
486 926
487 926
488 926
489 926
490 926
491 926
492 926
493 926
494 926
495 926
496 926
497 926
498 926
499 926
500 926
501 926
502 926
503 926
504 926
505 926
506 926
507 926
508 926
509 926
510 926
511 926
512 926
513 926
514 926
515 926
516 926
517 926
518 926
519 926
520 926
521 926
522 926
523 926
524 926
525 926
526 926
527 926
528 926
529 926
530 926
531 926
532 926
533 926
534 926
535 926
536 926
537 926
538 926
539 926
540 926
541 926
542 926
543 926
544 926
545 926
546 926
547 926
548 926
549 926
550 926
551 926
552 926
553 926
554 926
555 926
556 926
557 926
558 926
559 926
560 926
561 926
562 926
563 926
564 926
565 926
566 926
567 926
568 926
569 926
570 926
571 926
572 926
573 926
574 926
575 926
576 926
577 926
578 926
579 926
580 926
581 926
582 926
583 926
584 926
585 926
586 926
587 926
588 926
589 926
590 926
591 926
592 926
593 926
594 926
595 926
596 926
597 926
598 926
599 926
600 926
601 926
602 926
603 926
604 926
605 926
606 926
607 926
608 926
609 926
610 926
611 926
612 926
613 926
614 926
615 926
616 926
617 926
618 926
619 926
620 926
621 926
622 926
623 926
624 926
625 926
626 926
627 926
628 926
629 926
630 926
631 926
632 926
633 926
634 926
635 926
636 926
637 926
638 926
639 926
640 926
641 926
642 926
643 926
644 926
645 926
646 926
647 926
648 926
649 926
650 926
651 926
652 926
653 926
654 926
655 926
656 926
657 926
658 926
659 926
660 926
661 926
662 926
663 926
664 926
665 926
666 926
667 926
668 926
669 926
670 926
671 926
672 926
673 926
674 926
675 926
676 926
677 926
678 926
679 926
680 926
681 926
682 926
683 926
684 926
685 926
686 926
687 926
688 926
689 926
690 926
691 926
692 926
693 926
694 926
695 926
696 926
697 926
698 926
699 926
700 926
701 926
702 926
703 926
704 926
705 926
706 926
707 926
708 926
709 926
710 926
711 926
712 926
713 926
714 926
715 926
716 926
717 926
718 926
719 926
720 926
721 926
722 926
723 926
724 926
725 926
726 926
727 926
728 926
729 926
730 926
731 926
732 926
733 926
734 926
735 926
736 926
737 926
738 926
739 926
740 926
741 926
742 926
743 926
744 926
745 926
746 926
747 926
748 926
749 926
750 926
751 926
752 926
753 926
754 926
755 926
756 926
757 926
758 926
759 926
760 926
761 926
762 926
763 926
764 926
765 926
766 926
767 926
768 926
769 926
770 926
771 926
772 926
773 926
774 926
775 926
776 926
777 926
778 926
779 926
780 926
781 926
782 926
783 926
784 926
785 926
786 926
787 926
788 926
789 926
790 926
791 926
792 926
793 926
794 926
795 926
796 926
797 926
798 926
799 926
800 926
801 926
802 926
803 926
804 926
805 926
806 926
807 926
808 926
809 926
810 926
811 926
812 926
813 926
814 926
815 926
816 926
817 926
818 926
819 926
820 926
821 926
822 926
823 926
824 926
825 926
826 926
827 926
828 926
829 926
830 926
831 926
832 926
833 926
834 926
835 926
836 926
837 926
838 926
839 926
840 926
841 926
842 926
843 926
844 926
845 926
846 926
847 926
848 926
849 926
850 926
851 926
852 926
853 926
854 926
855 926
856 926
857 926
858 926
859 926
860 926
861 926
862 926
863 926
864 926
865 926
866 926
867 926
868 926
869 926
870 926
871 926
872 926
873 926
874 926
875 926
876 926
877 926
878 926
879 926
880 926
881 926
882 926
883 926
884 926
885 926
886 926
887 926
888 926
889 926
890 926
891 926
892 926
893 926
894 926
895 926
896 926
897 926
898 926
899 926
900 926
901 926
902 926
903 926
904 926
905 926
906 926
907 926
908 926
909 926
910 926
911 926
912 926
913 926
914 926
915 926
916 926
917 926
918 926
919 926
920 926
921 926
922 926
923 926
924 926
925 926
926 927
