850
849
1 849
2 849
3 849
4 849
5 849
6 849
7 849
8 849
9 849
10 849
11 849
12 849
13 849
14 849
15 849
16 849
17 849
18 849
19 849
20 849
21 849
22 849
23 849
24 849
25 849
26 849
27 849
28 849
29 849
30 849
31 849
32 849
33 849
34 849
35 849
36 849
37 849
38 849
39 849
40 849
41 849
42 849
43 849
44 849
45 849
46 849
47 849
48 849
49 849
50 849
51 849
52 849
53 849
54 849
55 849
56 849
57 849
58 849
59 849
60 849
61 849
62 849
63 849
64 849
65 849
66 849
67 849
68 849
69 849
70 849
71 849
72 849
73 849
74 849
75 849
76 849
77 849
78 849
79 849
80 849
81 849
82 849
83 849
84 849
85 849
86 849
87 849
88 849
89 849
90 849
91 849
92 849
93 849
94 849
95 849
96 849
97 849
98 849
99 849
100 849
101 849
102 849
103 849
104 849
105 849
106 849
107 849
108 849
109 849
110 849
111 849
112 849
113 849
114 849
115 849
116 849
117 849
118 849
119 849
120 849
121 849
122 849
123 849
124 849
125 849
126 849
127 849
128 849
129 849
130 849
131 849
132 849
133 849
134 849
135 849
136 849
137 849
138 849
139 849
140 849
141 849
142 849
143 849
144 849
145 849
146 849
147 849
148 849
149 849
150 849
151 849
152 849
153 849
154 849
155 849
156 849
157 849
158 849
159 849
160 849
161 849
162 849
163 849
164 849
165 849
166 849
167 849
168 849
169 849
170 849
171 849
172 849
173 849
174 849
175 849
176 849
177 849
178 849
179 849
180 849
181 849
182 849
183 849
184 849
185 849
186 849
187 849
188 849
189 849
190 849
191 849
192 849
193 849
194 849
195 849
196 849
197 849
198 849
199 849
200 849
201 849
202 849
203 849
204 849
205 849
206 849
207 849
208 849
209 849
210 849
211 849
212 849
213 849
214 849
215 849
216 849
217 849
218 849
219 849
220 849
221 849
222 849
223 849
224 849
225 849
226 849
227 849
228 849
229 849
230 849
231 849
232 849
233 849
234 849
235 849
236 849
237 849
238 849
239 849
240 849
241 849
242 849
243 849
244 849
245 849
246 849
247 849
248 849
249 849
250 849
251 849
252 849
253 849
254 849
255 849
256 849
257 849
258 849
259 849
260 849
261 849
262 849
263 849
264 849
265 849
266 849
267 849
268 849
269 849
270 849
271 849
272 849
273 849
274 849
275 849
276 849
277 849
278 849
279 849
280 849
281 849
282 849
283 849
284 849
285 849
286 849
287 849
288 849
289 849
290 849
291 849
292 849
293 849
294 849
295 849
296 849
297 849
298 849
299 849
300 849
301 849
302 849
303 849
304 849
305 849
306 849
307 849
308 849
309 849
310 849
311 849
312 849
313 849
314 849
315 849
316 849
317 849
318 849
319 849
320 849
321 849
322 849
323 849
324 849
325 849
326 849
327 849
328 849
329 849
330 849
331 849
332 849
333 849
334 849
335 849
336 849
337 849
338 849
339 849
340 849
341 849
342 849
343 849
344 849
345 849
346 849
347 849
348 849
349 849
350 849
351 849
352 849
353 849
354 849
355 849
356 849
357 849
358 849
359 849
360 849
361 849
362 849
363 849
364 849
365 849
366 849
367 849
368 849
369 849
370 849
371 849
372 849
373 849
374 849
375 849
376 849
377 849
378 849
379 849
380 849
381 849
382 849
383 849
384 849
385 849
386 849
387 849
388 849
389 849
390 849
391 849
392 849
393 849
394 849
395 849
396 849
397 849
398 849
399 849
400 849
401 849
402 849
403 849
404 849
405 849
406 849
407 849
408 849
409 849
410 849
411 849
412 849
413 849
414 849
415 849
416 849
417 849
418 849
419 849
420 849
421 849
422 849
423 849
424 849
425 849
426 849
427 849
428 849
429 849
430 849
431 849
432 849
433 849
434 849
435 849
436 849
437 849
438 849
439 849
440 849
441 849
442 849
443 849
444 849
445 849
446 849
447 849
448 849
449 849
450 849
451 849
452 849
453 849
454 849
455 849
456 849
457 849
458 849
459 849
460 849
461 849
462 849
463 849
464 849
465 849
466 849
467 849
468 849
469 849
470 849
471 849
472 849
473 849
474 849
475 849
476 849
477 849
478 849
479 849
480 849
481 849
482 849
483 849
484 849
485 849
486 849
487 849
488 849
489 849
490 849
491 849
492 849
493 849
494 849
495 849
496 849
497 849
498 849
499 849
500 849
501 849
502 849
503 849
504 849
505 849
506 849
507 849
508 849
509 849
510 849
511 849
512 849
513 849
514 849
515 849
516 849
517 849
518 849
519 849
520 849
521 849
522 849
523 849
524 849
525 849
526 849
527 849
528 849
529 849
530 849
531 849
532 849
533 849
534 849
535 849
536 849
537 849
538 849
539 849
540 849
541 849
542 849
543 849
544 849
545 849
546 849
547 849
548 849
549 849
550 849
551 849
552 849
553 849
554 849
555 849
556 849
557 849
558 849
559 849
560 849
561 849
562 849
563 849
564 849
565 849
566 849
567 849
568 849
569 849
570 849
571 849
572 849
573 849
574 849
575 849
576 849
577 849
578 849
579 849
580 849
581 849
582 849
583 849
584 849
585 849
586 849
587 849
588 849
589 849
590 849
591 849
592 849
593 849
594 849
595 849
596 849
597 849
598 849
599 849
600 849
601 849
602 849
603 849
604 849
605 849
606 849
607 849
608 849
609 849
610 849
611 849
612 849
613 849
614 849
615 849
616 849
617 849
618 849
619 849
620 849
621 849
622 849
623 849
624 849
625 849
626 849
627 849
628 849
629 849
630 849
631 849
632 849
633 849
634 849
635 849
636 849
637 849
638 849
639 849
640 849
641 849
642 849
643 849
644 849
645 849
646 849
647 849
648 849
649 849
650 849
651 849
652 849
653 849
654 849
655 849
656 849
657 849
658 849
659 849
660 849
661 849
662 849
663 849
664 849
665 849
666 849
667 849
668 849
669 849
670 849
671 849
672 849
673 849
674 849
675 849
676 849
677 849
678 849
679 849
680 849
681 849
682 849
683 849
684 849
685 849
686 849
687 849
688 849
689 849
690 849
691 849
692 849
693 849
694 849
695 849
696 849
697 849
698 849
699 849
700 849
701 849
702 849
703 849
704 849
705 849
706 849
707 849
708 849
709 849
710 849
711 849
712 849
713 849
714 849
715 849
716 849
717 849
718 849
719 849
720 849
721 849
722 849
723 849
724 849
725 849
726 849
727 849
728 849
729 849
730 849
731 849
732 849
733 849
734 849
735 849
736 849
737 849
738 849
739 849
740 849
741 849
742 849
743 849
744 849
745 849
746 849
747 849
748 849
749 849
750 849
751 849
752 849
753 849
754 849
755 849
756 849
757 849
758 849
759 849
760 849
761 849
762 849
763 849
764 849
765 849
766 849
767 849
768 849
769 849
770 849
771 849
772 849
773 849
774 849
775 849
776 849
777 849
778 849
779 849
780 849
781 849
782 849
783 849
784 849
785 849
786 849
787 849
788 849
789 849
790 849
791 849
792 849
793 849
794 849
795 849
796 849
797 849
798 849
799 849
800 849
801 849
802 849
803 849
804 849
805 849
806 849
807 849
808 849
809 849
810 849
811 849
812 849
813 849
814 849
815 849
816 849
817 849
818 849
819 849
820 849
821 849
822 849
823 849
824 849
825 849
826 849
827 849
828 849
829 849
830 849
831 849
832 849
833 849
834 849
835 849
836 849
837 849
838 849
839 849
840 849
841 849
842 849
843 849
844 849
845 849
846 849
847 849
848 849
849 850
