872
871
1 871
2 871
3 871
4 871
5 871
6 871
7 871
8 871
9 871
10 871
11 871
12 871
13 871
14 871
15 871
16 871
17 871
18 871
19 871
20 871
21 871
22 871
23 871
24 871
25 871
26 871
27 871
28 871
29 871
30 871
31 871
32 871
33 871
34 871
35 871
36 871
37 871
38 871
39 871
40 871
41 871
42 871
43 871
44 871
45 871
46 871
47 871
48 871
49 871
50 871
51 871
52 871
53 871
54 871
55 871
56 871
57 871
58 871
59 871
60 871
61 871
62 871
63 871
64 871
65 871
66 871
67 871
68 871
69 871
70 871
71 871
72 871
73 871
74 871
75 871
76 871
77 871
78 871
79 871
80 871
81 871
82 871
83 871
84 871
85 871
86 871
87 871
88 871
89 871
90 871
91 871
92 871
93 871
94 871
95 871
96 871
97 871
98 871
99 871
100 871
101 871
102 871
103 871
104 871
105 871
106 871
107 871
108 871
109 871
110 871
111 871
112 871
113 871
114 871
115 871
116 871
117 871
118 871
119 871
120 871
121 871
122 871
123 871
124 871
125 871
126 871
127 871
128 871
129 871
130 871
131 871
132 871
133 871
134 871
135 871
136 871
137 871
138 871
139 871
140 871
141 871
142 871
143 871
144 871
145 871
146 871
147 871
148 871
149 871
150 871
151 871
152 871
153 871
154 871
155 871
156 871
157 871
158 871
159 871
160 871
161 871
162 871
163 871
164 871
165 871
166 871
167 871
168 871
169 871
170 871
171 871
172 871
173 871
174 871
175 871
176 871
177 871
178 871
179 871
180 871
181 871
182 871
183 871
184 871
185 871
186 871
187 871
188 871
189 871
190 871
191 871
192 871
193 871
194 871
195 871
196 871
197 871
198 871
199 871
200 871
201 871
202 871
203 871
204 871
205 871
206 871
207 871
208 871
209 871
210 871
211 871
212 871
213 871
214 871
215 871
216 871
217 871
218 871
219 871
220 871
221 871
222 871
223 871
224 871
225 871
226 871
227 871
228 871
229 871
230 871
231 871
232 871
233 871
234 871
235 871
236 871
237 871
238 871
239 871
240 871
241 871
242 871
243 871
244 871
245 871
246 871
247 871
248 871
249 871
250 871
251 871
252 871
253 871
254 871
255 871
256 871
257 871
258 871
259 871
260 871
261 871
262 871
263 871
264 871
265 871
266 871
267 871
268 871
269 871
270 871
271 871
272 871
273 871
274 871
275 871
276 871
277 871
278 871
279 871
280 871
281 871
282 871
283 871
284 871
285 871
286 871
287 871
288 871
289 871
290 871
291 871
292 871
293 871
294 871
295 871
296 871
297 871
298 871
299 871
300 871
301 871
302 871
303 871
304 871
305 871
306 871
307 871
308 871
309 871
310 871
311 871
312 871
313 871
314 871
315 871
316 871
317 871
318 871
319 871
320 871
321 871
322 871
323 871
324 871
325 871
326 871
327 871
328 871
329 871
330 871
331 871
332 871
333 871
334 871
335 871
336 871
337 871
338 871
339 871
340 871
341 871
342 871
343 871
344 871
345 871
346 871
347 871
348 871
349 871
350 871
351 871
352 871
353 871
354 871
355 871
356 871
357 871
358 871
359 871
360 871
361 871
362 871
363 871
364 871
365 871
366 871
367 871
368 871
369 871
370 871
371 871
372 871
373 871
374 871
375 871
376 871
377 871
378 871
379 871
380 871
381 871
382 871
383 871
384 871
385 871
386 871
387 871
388 871
389 871
390 871
391 871
392 871
393 871
394 871
395 871
396 871
397 871
398 871
399 871
400 871
401 871
402 871
403 871
404 871
405 871
406 871
407 871
408 871
409 871
410 871
411 871
412 871
413 871
414 871
415 871
416 871
417 871
418 871
419 871
420 871
421 871
422 871
423 871
424 871
425 871
426 871
427 871
428 871
429 871
430 871
431 871
432 871
433 871
434 871
435 871
436 871
437 871
438 871
439 871
440 871
441 871
442 871
443 871
444 871
445 871
446 871
447 871
448 871
449 871
450 871
451 871
452 871
453 871
454 871
455 871
456 871
457 871
458 871
459 871
460 871
461 871
462 871
463 871
464 871
465 871
466 871
467 871
468 871
469 871
470 871
471 871
472 871
473 871
474 871
475 871
476 871
477 871
478 871
479 871
480 871
481 871
482 871
483 871
484 871
485 871
486 871
487 871
488 871
489 871
490 871
491 871
492 871
493 871
494 871
495 871
496 871
497 871
498 871
499 871
500 871
501 871
502 871
503 871
504 871
505 871
506 871
507 871
508 871
509 871
510 871
511 871
512 871
513 871
514 871
515 871
516 871
517 871
518 871
519 871
520 871
521 871
522 871
523 871
524 871
525 871
526 871
527 871
528 871
529 871
530 871
531 871
532 871
533 871
534 871
535 871
536 871
537 871
538 871
539 871
540 871
541 871
542 871
543 871
544 871
545 871
546 871
547 871
548 871
549 871
550 871
551 871
552 871
553 871
554 871
555 871
556 871
557 871
558 871
559 871
560 871
561 871
562 871
563 871
564 871
565 871
566 871
567 871
568 871
569 871
570 871
571 871
572 871
573 871
574 871
575 871
576 871
577 871
578 871
579 871
580 871
581 871
582 871
583 871
584 871
585 871
586 871
587 871
588 871
589 871
590 871
591 871
592 871
593 871
594 871
595 871
596 871
597 871
598 871
599 871
600 871
601 871
602 871
603 871
604 871
605 871
606 871
607 871
608 871
609 871
610 871
611 871
612 871
613 871
614 871
615 871
616 871
617 871
618 871
619 871
620 871
621 871
622 871
623 871
624 871
625 871
626 871
627 871
628 871
629 871
630 871
631 871
632 871
633 871
634 871
635 871
636 871
637 871
638 871
639 871
640 871
641 871
642 871
643 871
644 871
645 871
646 871
647 871
648 871
649 871
650 871
651 871
652 871
653 871
654 871
655 871
656 871
657 871
658 871
659 871
660 871
661 871
662 871
663 871
664 871
665 871
666 871
667 871
668 871
669 871
670 871
671 871
672 871
673 871
674 871
675 871
676 871
677 871
678 871
679 871
680 871
681 871
682 871
683 871
684 871
685 871
686 871
687 871
688 871
689 871
690 871
691 871
692 871
693 871
694 871
695 871
696 871
697 871
698 871
699 871
700 871
701 871
702 871
703 871
704 871
705 871
706 871
707 871
708 871
709 871
710 871
711 871
712 871
713 871
714 871
715 871
716 871
717 871
718 871
719 871
720 871
721 871
722 871
723 871
724 871
725 871
726 871
727 871
728 871
729 871
730 871
731 871
732 871
733 871
734 871
735 871
736 871
737 871
738 871
739 871
740 871
741 871
742 871
743 871
744 871
745 871
746 871
747 871
748 871
749 871
750 871
751 871
752 871
753 871
754 871
755 871
756 871
757 871
758 871
759 871
760 871
761 871
762 871
763 871
764 871
765 871
766 871
767 871
768 871
769 871
770 871
771 871
772 871
773 871
774 871
775 871
776 871
777 871
778 871
779 871
780 871
781 871
782 871
783 871
784 871
785 871
786 871
787 871
788 871
789 871
790 871
791 871
792 871
793 871
794 871
795 871
796 871
797 871
798 871
799 871
800 871
801 871
802 871
803 871
804 871
805 871
806 871
807 871
808 871
809 871
810 871
811 871
812 871
813 871
814 871
815 871
816 871
817 871
818 871
819 871
820 871
821 871
822 871
823 871
824 871
825 871
826 871
827 871
828 871
829 871
830 871
831 871
832 871
833 871
834 871
835 871
836 871
837 871
838 871
839 871
840 871
841 871
842 871
843 871
844 871
845 871
846 871
847 871
848 871
849 871
850 871
851 871
852 871
853 871
854 871
855 871
856 871
857 871
858 871
859 871
860 871
861 871
862 871
863 871
864 871
865 871
866 871
867 871
868 871
869 871
870 871
871 872
