773
772
1 772
2 772
3 772
4 772
5 772
6 772
7 772
8 772
9 772
10 772
11 772
12 772
13 772
14 772
15 772
16 772
17 772
18 772
19 772
20 772
21 772
22 772
23 772
24 772
25 772
26 772
27 772
28 772
29 772
30 772
31 772
32 772
33 772
34 772
35 772
36 772
37 772
38 772
39 772
40 772
41 772
42 772
43 772
44 772
45 772
46 772
47 772
48 772
49 772
50 772
51 772
52 772
53 772
54 772
55 772
56 772
57 772
58 772
59 772
60 772
61 772
62 772
63 772
64 772
65 772
66 772
67 772
68 772
69 772
70 772
71 772
72 772
73 772
74 772
75 772
76 772
77 772
78 772
79 772
80 772
81 772
82 772
83 772
84 772
85 772
86 772
87 772
88 772
89 772
90 772
91 772
92 772
93 772
94 772
95 772
96 772
97 772
98 772
99 772
100 772
101 772
102 772
103 772
104 772
105 772
106 772
107 772
108 772
109 772
110 772
111 772
112 772
113 772
114 772
115 772
116 772
117 772
118 772
119 772
120 772
121 772
122 772
123 772
124 772
125 772
126 772
127 772
128 772
129 772
130 772
131 772
132 772
133 772
134 772
135 772
136 772
137 772
138 772
139 772
140 772
141 772
142 772
143 772
144 772
145 772
146 772
147 772
148 772
149 772
150 772
151 772
152 772
153 772
154 772
155 772
156 772
157 772
158 772
159 772
160 772
161 772
162 772
163 772
164 772
165 772
166 772
167 772
168 772
169 772
170 772
171 772
172 772
173 772
174 772
175 772
176 772
177 772
178 772
179 772
180 772
181 772
182 772
183 772
184 772
185 772
186 772
187 772
188 772
189 772
190 772
191 772
192 772
193 772
194 772
195 772
196 772
197 772
198 772
199 772
200 772
201 772
202 772
203 772
204 772
205 772
206 772
207 772
208 772
209 772
210 772
211 772
212 772
213 772
214 772
215 772
216 772
217 772
218 772
219 772
220 772
221 772
222 772
223 772
224 772
225 772
226 772
227 772
228 772
229 772
230 772
231 772
232 772
233 772
234 772
235 772
236 772
237 772
238 772
239 772
240 772
241 772
242 772
243 772
244 772
245 772
246 772
247 772
248 772
249 772
250 772
251 772
252 772
253 772
254 772
255 772
256 772
257 772
258 772
259 772
260 772
261 772
262 772
263 772
264 772
265 772
266 772
267 772
268 772
269 772
270 772
271 772
272 772
273 772
274 772
275 772
276 772
277 772
278 772
279 772
280 772
281 772
282 772
283 772
284 772
285 772
286 772
287 772
288 772
289 772
290 772
291 772
292 772
293 772
294 772
295 772
296 772
297 772
298 772
299 772
300 772
301 772
302 772
303 772
304 772
305 772
306 772
307 772
308 772
309 772
310 772
311 772
312 772
313 772
314 772
315 772
316 772
317 772
318 772
319 772
320 772
321 772
322 772
323 772
324 772
325 772
326 772
327 772
328 772
329 772
330 772
331 772
332 772
333 772
334 772
335 772
336 772
337 772
338 772
339 772
340 772
341 772
342 772
343 772
344 772
345 772
346 772
347 772
348 772
349 772
350 772
351 772
352 772
353 772
354 772
355 772
356 772
357 772
358 772
359 772
360 772
361 772
362 772
363 772
364 772
365 772
366 772
367 772
368 772
369 772
370 772
371 772
372 772
373 772
374 772
375 772
376 772
377 772
378 772
379 772
380 772
381 772
382 772
383 772
384 772
385 772
386 772
387 772
388 772
389 772
390 772
391 772
392 772
393 772
394 772
395 772
396 772
397 772
398 772
399 772
400 772
401 772
402 772
403 772
404 772
405 772
406 772
407 772
408 772
409 772
410 772
411 772
412 772
413 772
414 772
415 772
416 772
417 772
418 772
419 772
420 772
421 772
422 772
423 772
424 772
425 772
426 772
427 772
428 772
429 772
430 772
431 772
432 772
433 772
434 772
435 772
436 772
437 772
438 772
439 772
440 772
441 772
442 772
443 772
444 772
445 772
446 772
447 772
448 772
449 772
450 772
451 772
452 772
453 772
454 772
455 772
456 772
457 772
458 772
459 772
460 772
461 772
462 772
463 772
464 772
465 772
466 772
467 772
468 772
469 772
470 772
471 772
472 772
473 772
474 772
475 772
476 772
477 772
478 772
479 772
480 772
481 772
482 772
483 772
484 772
485 772
486 772
487 772
488 772
489 772
490 772
491 772
492 772
493 772
494 772
495 772
496 772
497 772
498 772
499 772
500 772
501 772
502 772
503 772
504 772
505 772
506 772
507 772
508 772
509 772
510 772
511 772
512 772
513 772
514 772
515 772
516 772
517 772
518 772
519 772
520 772
521 772
522 772
523 772
524 772
525 772
526 772
527 772
528 772
529 772
530 772
531 772
532 772
533 772
534 772
535 772
536 772
537 772
538 772
539 772
540 772
541 772
542 772
543 772
544 772
545 772
546 772
547 772
548 772
549 772
550 772
551 772
552 772
553 772
554 772
555 772
556 772
557 772
558 772
559 772
560 772
561 772
562 772
563 772
564 772
565 772
566 772
567 772
568 772
569 772
570 772
571 772
572 772
573 772
574 772
575 772
576 772
577 772
578 772
579 772
580 772
581 772
582 772
583 772
584 772
585 772
586 772
587 772
588 772
589 772
590 772
591 772
592 772
593 772
594 772
595 772
596 772
597 772
598 772
599 772
600 772
601 772
602 772
603 772
604 772
605 772
606 772
607 772
608 772
609 772
610 772
611 772
612 772
613 772
614 772
615 772
616 772
617 772
618 772
619 772
620 772
621 772
622 772
623 772
624 772
625 772
626 772
627 772
628 772
629 772
630 772
631 772
632 772
633 772
634 772
635 772
636 772
637 772
638 772
639 772
640 772
641 772
642 772
643 772
644 772
645 772
646 772
647 772
648 772
649 772
650 772
651 772
652 772
653 772
654 772
655 772
656 772
657 772
658 772
659 772
660 772
661 772
662 772
663 772
664 772
665 772
666 772
667 772
668 772
669 772
670 772
671 772
672 772
673 772
674 772
675 772
676 772
677 772
678 772
679 772
680 772
681 772
682 772
683 772
684 772
685 772
686 772
687 772
688 772
689 772
690 772
691 772
692 772
693 772
694 772
695 772
696 772
697 772
698 772
699 772
700 772
701 772
702 772
703 772
704 772
705 772
706 772
707 772
708 772
709 772
710 772
711 772
712 772
713 772
714 772
715 772
716 772
717 772
718 772
719 772
720 772
721 772
722 772
723 772
724 772
725 772
726 772
727 772
728 772
729 772
730 772
731 772
732 772
733 772
734 772
735 772
736 772
737 772
738 772
739 772
740 772
741 772
742 772
743 772
744 772
745 772
746 772
747 772
748 772
749 772
750 772
751 772
752 772
753 772
754 772
755 772
756 772
757 772
758 772
759 772
760 772
761 772
762 772
763 772
764 772
765 772
766 772
767 772
768 772
769 772
770 772
771 772
772 773
