645
644
1 644
2 644
3 644
4 644
5 644
6 644
7 644
8 644
9 644
10 644
11 644
12 644
13 644
14 644
15 644
16 644
17 644
18 644
19 644
20 644
21 644
22 644
23 644
24 644
25 644
26 644
27 644
28 644
29 644
30 644
31 644
32 644
33 644
34 644
35 644
36 644
37 644
38 644
39 644
40 644
41 644
42 644
43 644
44 644
45 644
46 644
47 644
48 644
49 644
50 644
51 644
52 644
53 644
54 644
55 644
56 644
57 644
58 644
59 644
60 644
61 644
62 644
63 644
64 644
65 644
66 644
67 644
68 644
69 644
70 644
71 644
72 644
73 644
74 644
75 644
76 644
77 644
78 644
79 644
80 644
81 644
82 644
83 644
84 644
85 644
86 644
87 644
88 644
89 644
90 644
91 644
92 644
93 644
94 644
95 644
96 644
97 644
98 644
99 644
100 644
101 644
102 644
103 644
104 644
105 644
106 644
107 644
108 644
109 644
110 644
111 644
112 644
113 644
114 644
115 644
116 644
117 644
118 644
119 644
120 644
121 644
122 644
123 644
124 644
125 644
126 644
127 644
128 644
129 644
130 644
131 644
132 644
133 644
134 644
135 644
136 644
137 644
138 644
139 644
140 644
141 644
142 644
143 644
144 644
145 644
146 644
147 644
148 644
149 644
150 644
151 644
152 644
153 644
154 644
155 644
156 644
157 644
158 644
159 644
160 644
161 644
162 644
163 644
164 644
165 644
166 644
167 644
168 644
169 644
170 644
171 644
172 644
173 644
174 644
175 644
176 644
177 644
178 644
179 644
180 644
181 644
182 644
183 644
184 644
185 644
186 644
187 644
188 644
189 644
190 644
191 644
192 644
193 644
194 644
195 644
196 644
197 644
198 644
199 644
200 644
201 644
202 644
203 644
204 644
205 644
206 644
207 644
208 644
209 644
210 644
211 644
212 644
213 644
214 644
215 644
216 644
217 644
218 644
219 644
220 644
221 644
222 644
223 644
224 644
225 644
226 644
227 644
228 644
229 644
230 644
231 644
232 644
233 644
234 644
235 644
236 644
237 644
238 644
239 644
240 644
241 644
242 644
243 644
244 644
245 644
246 644
247 644
248 644
249 644
250 644
251 644
252 644
253 644
254 644
255 644
256 644
257 644
258 644
259 644
260 644
261 644
262 644
263 644
264 644
265 644
266 644
267 644
268 644
269 644
270 644
271 644
272 644
273 644
274 644
275 644
276 644
277 644
278 644
279 644
280 644
281 644
282 644
283 644
284 644
285 644
286 644
287 644
288 644
289 644
290 644
291 644
292 644
293 644
294 644
295 644
296 644
297 644
298 644
299 644
300 644
301 644
302 644
303 644
304 644
305 644
306 644
307 644
308 644
309 644
310 644
311 644
312 644
313 644
314 644
315 644
316 644
317 644
318 644
319 644
320 644
321 644
322 644
323 644
324 644
325 644
326 644
327 644
328 644
329 644
330 644
331 644
332 644
333 644
334 644
335 644
336 644
337 644
338 644
339 644
340 644
341 644
342 644
343 644
344 644
345 644
346 644
347 644
348 644
349 644
350 644
351 644
352 644
353 644
354 644
355 644
356 644
357 644
358 644
359 644
360 644
361 644
362 644
363 644
364 644
365 644
366 644
367 644
368 644
369 644
370 644
371 644
372 644
373 644
374 644
375 644
376 644
377 644
378 644
379 644
380 644
381 644
382 644
383 644
384 644
385 644
386 644
387 644
388 644
389 644
390 644
391 644
392 644
393 644
394 644
395 644
396 644
397 644
398 644
399 644
400 644
401 644
402 644
403 644
404 644
405 644
406 644
407 644
408 644
409 644
410 644
411 644
412 644
413 644
414 644
415 644
416 644
417 644
418 644
419 644
420 644
421 644
422 644
423 644
424 644
425 644
426 644
427 644
428 644
429 644
430 644
431 644
432 644
433 644
434 644
435 644
436 644
437 644
438 644
439 644
440 644
441 644
442 644
443 644
444 644
445 644
446 644
447 644
448 644
449 644
450 644
451 644
452 644
453 644
454 644
455 644
456 644
457 644
458 644
459 644
460 644
461 644
462 644
463 644
464 644
465 644
466 644
467 644
468 644
469 644
470 644
471 644
472 644
473 644
474 644
475 644
476 644
477 644
478 644
479 644
480 644
481 644
482 644
483 644
484 644
485 644
486 644
487 644
488 644
489 644
490 644
491 644
492 644
493 644
494 644
495 644
496 644
497 644
498 644
499 644
500 644
501 644
502 644
503 644
504 644
505 644
506 644
507 644
508 644
509 644
510 644
511 644
512 644
513 644
514 644
515 644
516 644
517 644
518 644
519 644
520 644
521 644
522 644
523 644
524 644
525 644
526 644
527 644
528 644
529 644
530 644
531 644
532 644
533 644
534 644
535 644
536 644
537 644
538 644
539 644
540 644
541 644
542 644
543 644
544 644
545 644
546 644
547 644
548 644
549 644
550 644
551 644
552 644
553 644
554 644
555 644
556 644
557 644
558 644
559 644
560 644
561 644
562 644
563 644
564 644
565 644
566 644
567 644
568 644
569 644
570 644
571 644
572 644
573 644
574 644
575 644
576 644
577 644
578 644
579 644
580 644
581 644
582 644
583 644
584 644
585 644
586 644
587 644
588 644
589 644
590 644
591 644
592 644
593 644
594 644
595 644
596 644
597 644
598 644
599 644
600 644
601 644
602 644
603 644
604 644
605 644
606 644
607 644
608 644
609 644
610 644
611 644
612 644
613 644
614 644
615 644
616 644
617 644
618 644
619 644
620 644
621 644
622 644
623 644
624 644
625 644
626 644
627 644
628 644
629 644
630 644
631 644
632 644
633 644
634 644
635 644
636 644
637 644
638 644
639 644
640 644
641 644
642 644
643 644
644 645
