728
727
1 727
2 727
3 727
4 727
5 727
6 727
7 727
8 727
9 727
10 727
11 727
12 727
13 727
14 727
15 727
16 727
17 727
18 727
19 727
20 727
21 727
22 727
23 727
24 727
25 727
26 727
27 727
28 727
29 727
30 727
31 727
32 727
33 727
34 727
35 727
36 727
37 727
38 727
39 727
40 727
41 727
42 727
43 727
44 727
45 727
46 727
47 727
48 727
49 727
50 727
51 727
52 727
53 727
54 727
55 727
56 727
57 727
58 727
59 727
60 727
61 727
62 727
63 727
64 727
65 727
66 727
67 727
68 727
69 727
70 727
71 727
72 727
73 727
74 727
75 727
76 727
77 727
78 727
79 727
80 727
81 727
82 727
83 727
84 727
85 727
86 727
87 727
88 727
89 727
90 727
91 727
92 727
93 727
94 727
95 727
96 727
97 727
98 727
99 727
100 727
101 727
102 727
103 727
104 727
105 727
106 727
107 727
108 727
109 727
110 727
111 727
112 727
113 727
114 727
115 727
116 727
117 727
118 727
119 727
120 727
121 727
122 727
123 727
124 727
125 727
126 727
127 727
128 727
129 727
130 727
131 727
132 727
133 727
134 727
135 727
136 727
137 727
138 727
139 727
140 727
141 727
142 727
143 727
144 727
145 727
146 727
147 727
148 727
149 727
150 727
151 727
152 727
153 727
154 727
155 727
156 727
157 727
158 727
159 727
160 727
161 727
162 727
163 727
164 727
165 727
166 727
167 727
168 727
169 727
170 727
171 727
172 727
173 727
174 727
175 727
176 727
177 727
178 727
179 727
180 727
181 727
182 727
183 727
184 727
185 727
186 727
187 727
188 727
189 727
190 727
191 727
192 727
193 727
194 727
195 727
196 727
197 727
198 727
199 727
200 727
201 727
202 727
203 727
204 727
205 727
206 727
207 727
208 727
209 727
210 727
211 727
212 727
213 727
214 727
215 727
216 727
217 727
218 727
219 727
220 727
221 727
222 727
223 727
224 727
225 727
226 727
227 727
228 727
229 727
230 727
231 727
232 727
233 727
234 727
235 727
236 727
237 727
238 727
239 727
240 727
241 727
242 727
243 727
244 727
245 727
246 727
247 727
248 727
249 727
250 727
251 727
252 727
253 727
254 727
255 727
256 727
257 727
258 727
259 727
260 727
261 727
262 727
263 727
264 727
265 727
266 727
267 727
268 727
269 727
270 727
271 727
272 727
273 727
274 727
275 727
276 727
277 727
278 727
279 727
280 727
281 727
282 727
283 727
284 727
285 727
286 727
287 727
288 727
289 727
290 727
291 727
292 727
293 727
294 727
295 727
296 727
297 727
298 727
299 727
300 727
301 727
302 727
303 727
304 727
305 727
306 727
307 727
308 727
309 727
310 727
311 727
312 727
313 727
314 727
315 727
316 727
317 727
318 727
319 727
320 727
321 727
322 727
323 727
324 727
325 727
326 727
327 727
328 727
329 727
330 727
331 727
332 727
333 727
334 727
335 727
336 727
337 727
338 727
339 727
340 727
341 727
342 727
343 727
344 727
345 727
346 727
347 727
348 727
349 727
350 727
351 727
352 727
353 727
354 727
355 727
356 727
357 727
358 727
359 727
360 727
361 727
362 727
363 727
364 727
365 727
366 727
367 727
368 727
369 727
370 727
371 727
372 727
373 727
374 727
375 727
376 727
377 727
378 727
379 727
380 727
381 727
382 727
383 727
384 727
385 727
386 727
387 727
388 727
389 727
390 727
391 727
392 727
393 727
394 727
395 727
396 727
397 727
398 727
399 727
400 727
401 727
402 727
403 727
404 727
405 727
406 727
407 727
408 727
409 727
410 727
411 727
412 727
413 727
414 727
415 727
416 727
417 727
418 727
419 727
420 727
421 727
422 727
423 727
424 727
425 727
426 727
427 727
428 727
429 727
430 727
431 727
432 727
433 727
434 727
435 727
436 727
437 727
438 727
439 727
440 727
441 727
442 727
443 727
444 727
445 727
446 727
447 727
448 727
449 727
450 727
451 727
452 727
453 727
454 727
455 727
456 727
457 727
458 727
459 727
460 727
461 727
462 727
463 727
464 727
465 727
466 727
467 727
468 727
469 727
470 727
471 727
472 727
473 727
474 727
475 727
476 727
477 727
478 727
479 727
480 727
481 727
482 727
483 727
484 727
485 727
486 727
487 727
488 727
489 727
490 727
491 727
492 727
493 727
494 727
495 727
496 727
497 727
498 727
499 727
500 727
501 727
502 727
503 727
504 727
505 727
506 727
507 727
508 727
509 727
510 727
511 727
512 727
513 727
514 727
515 727
516 727
517 727
518 727
519 727
520 727
521 727
522 727
523 727
524 727
525 727
526 727
527 727
528 727
529 727
530 727
531 727
532 727
533 727
534 727
535 727
536 727
537 727
538 727
539 727
540 727
541 727
542 727
543 727
544 727
545 727
546 727
547 727
548 727
549 727
550 727
551 727
552 727
553 727
554 727
555 727
556 727
557 727
558 727
559 727
560 727
561 727
562 727
563 727
564 727
565 727
566 727
567 727
568 727
569 727
570 727
571 727
572 727
573 727
574 727
575 727
576 727
577 727
578 727
579 727
580 727
581 727
582 727
583 727
584 727
585 727
586 727
587 727
588 727
589 727
590 727
591 727
592 727
593 727
594 727
595 727
596 727
597 727
598 727
599 727
600 727
601 727
602 727
603 727
604 727
605 727
606 727
607 727
608 727
609 727
610 727
611 727
612 727
613 727
614 727
615 727
616 727
617 727
618 727
619 727
620 727
621 727
622 727
623 727
624 727
625 727
626 727
627 727
628 727
629 727
630 727
631 727
632 727
633 727
634 727
635 727
636 727
637 727
638 727
639 727
640 727
641 727
642 727
643 727
644 727
645 727
646 727
647 727
648 727
649 727
650 727
651 727
652 727
653 727
654 727
655 727
656 727
657 727
658 727
659 727
660 727
661 727
662 727
663 727
664 727
665 727
666 727
667 727
668 727
669 727
670 727
671 727
672 727
673 727
674 727
675 727
676 727
677 727
678 727
679 727
680 727
681 727
682 727
683 727
684 727
685 727
686 727
687 727
688 727
689 727
690 727
691 727
692 727
693 727
694 727
695 727
696 727
697 727
698 727
699 727
700 727
701 727
702 727
703 727
704 727
705 727
706 727
707 727
708 727
709 727
710 727
711 727
712 727
713 727
714 727
715 727
716 727
717 727
718 727
719 727
720 727
721 727
722 727
723 727
724 727
725 727
726 727
727 728
