697
696
1 696
2 696
3 696
4 696
5 696
6 696
7 696
8 696
9 696
10 696
11 696
12 696
13 696
14 696
15 696
16 696
17 696
18 696
19 696
20 696
21 696
22 696
23 696
24 696
25 696
26 696
27 696
28 696
29 696
30 696
31 696
32 696
33 696
34 696
35 696
36 696
37 696
38 696
39 696
40 696
41 696
42 696
43 696
44 696
45 696
46 696
47 696
48 696
49 696
50 696
51 696
52 696
53 696
54 696
55 696
56 696
57 696
58 696
59 696
60 696
61 696
62 696
63 696
64 696
65 696
66 696
67 696
68 696
69 696
70 696
71 696
72 696
73 696
74 696
75 696
76 696
77 696
78 696
79 696
80 696
81 696
82 696
83 696
84 696
85 696
86 696
87 696
88 696
89 696
90 696
91 696
92 696
93 696
94 696
95 696
96 696
97 696
98 696
99 696
100 696
101 696
102 696
103 696
104 696
105 696
106 696
107 696
108 696
109 696
110 696
111 696
112 696
113 696
114 696
115 696
116 696
117 696
118 696
119 696
120 696
121 696
122 696
123 696
124 696
125 696
126 696
127 696
128 696
129 696
130 696
131 696
132 696
133 696
134 696
135 696
136 696
137 696
138 696
139 696
140 696
141 696
142 696
143 696
144 696
145 696
146 696
147 696
148 696
149 696
150 696
151 696
152 696
153 696
154 696
155 696
156 696
157 696
158 696
159 696
160 696
161 696
162 696
163 696
164 696
165 696
166 696
167 696
168 696
169 696
170 696
171 696
172 696
173 696
174 696
175 696
176 696
177 696
178 696
179 696
180 696
181 696
182 696
183 696
184 696
185 696
186 696
187 696
188 696
189 696
190 696
191 696
192 696
193 696
194 696
195 696
196 696
197 696
198 696
199 696
200 696
201 696
202 696
203 696
204 696
205 696
206 696
207 696
208 696
209 696
210 696
211 696
212 696
213 696
214 696
215 696
216 696
217 696
218 696
219 696
220 696
221 696
222 696
223 696
224 696
225 696
226 696
227 696
228 696
229 696
230 696
231 696
232 696
233 696
234 696
235 696
236 696
237 696
238 696
239 696
240 696
241 696
242 696
243 696
244 696
245 696
246 696
247 696
248 696
249 696
250 696
251 696
252 696
253 696
254 696
255 696
256 696
257 696
258 696
259 696
260 696
261 696
262 696
263 696
264 696
265 696
266 696
267 696
268 696
269 696
270 696
271 696
272 696
273 696
274 696
275 696
276 696
277 696
278 696
279 696
280 696
281 696
282 696
283 696
284 696
285 696
286 696
287 696
288 696
289 696
290 696
291 696
292 696
293 696
294 696
295 696
296 696
297 696
298 696
299 696
300 696
301 696
302 696
303 696
304 696
305 696
306 696
307 696
308 696
309 696
310 696
311 696
312 696
313 696
314 696
315 696
316 696
317 696
318 696
319 696
320 696
321 696
322 696
323 696
324 696
325 696
326 696
327 696
328 696
329 696
330 696
331 696
332 696
333 696
334 696
335 696
336 696
337 696
338 696
339 696
340 696
341 696
342 696
343 696
344 696
345 696
346 696
347 696
348 696
349 696
350 696
351 696
352 696
353 696
354 696
355 696
356 696
357 696
358 696
359 696
360 696
361 696
362 696
363 696
364 696
365 696
366 696
367 696
368 696
369 696
370 696
371 696
372 696
373 696
374 696
375 696
376 696
377 696
378 696
379 696
380 696
381 696
382 696
383 696
384 696
385 696
386 696
387 696
388 696
389 696
390 696
391 696
392 696
393 696
394 696
395 696
396 696
397 696
398 696
399 696
400 696
401 696
402 696
403 696
404 696
405 696
406 696
407 696
408 696
409 696
410 696
411 696
412 696
413 696
414 696
415 696
416 696
417 696
418 696
419 696
420 696
421 696
422 696
423 696
424 696
425 696
426 696
427 696
428 696
429 696
430 696
431 696
432 696
433 696
434 696
435 696
436 696
437 696
438 696
439 696
440 696
441 696
442 696
443 696
444 696
445 696
446 696
447 696
448 696
449 696
450 696
451 696
452 696
453 696
454 696
455 696
456 696
457 696
458 696
459 696
460 696
461 696
462 696
463 696
464 696
465 696
466 696
467 696
468 696
469 696
470 696
471 696
472 696
473 696
474 696
475 696
476 696
477 696
478 696
479 696
480 696
481 696
482 696
483 696
484 696
485 696
486 696
487 696
488 696
489 696
490 696
491 696
492 696
493 696
494 696
495 696
496 696
497 696
498 696
499 696
500 696
501 696
502 696
503 696
504 696
505 696
506 696
507 696
508 696
509 696
510 696
511 696
512 696
513 696
514 696
515 696
516 696
517 696
518 696
519 696
520 696
521 696
522 696
523 696
524 696
525 696
526 696
527 696
528 696
529 696
530 696
531 696
532 696
533 696
534 696
535 696
536 696
537 696
538 696
539 696
540 696
541 696
542 696
543 696
544 696
545 696
546 696
547 696
548 696
549 696
550 696
551 696
552 696
553 696
554 696
555 696
556 696
557 696
558 696
559 696
560 696
561 696
562 696
563 696
564 696
565 696
566 696
567 696
568 696
569 696
570 696
571 696
572 696
573 696
574 696
575 696
576 696
577 696
578 696
579 696
580 696
581 696
582 696
583 696
584 696
585 696
586 696
587 696
588 696
589 696
590 696
591 696
592 696
593 696
594 696
595 696
596 696
597 696
598 696
599 696
600 696
601 696
602 696
603 696
604 696
605 696
606 696
607 696
608 696
609 696
610 696
611 696
612 696
613 696
614 696
615 696
616 696
617 696
618 696
619 696
620 696
621 696
622 696
623 696
624 696
625 696
626 696
627 696
628 696
629 696
630 696
631 696
632 696
633 696
634 696
635 696
636 696
637 696
638 696
639 696
640 696
641 696
642 696
643 696
644 696
645 696
646 696
647 696
648 696
649 696
650 696
651 696
652 696
653 696
654 696
655 696
656 696
657 696
658 696
659 696
660 696
661 696
662 696
663 696
664 696
665 696
666 696
667 696
668 696
669 696
670 696
671 696
672 696
673 696
674 696
675 696
676 696
677 696
678 696
679 696
680 696
681 696
682 696
683 696
684 696
685 696
686 696
687 696
688 696
689 696
690 696
691 696
692 696
693 696
694 696
695 696
696 697
