969
968
1 968
2 968
3 968
4 968
5 968
6 968
7 968
8 968
9 968
10 968
11 968
12 968
13 968
14 968
15 968
16 968
17 968
18 968
19 968
20 968
21 968
22 968
23 968
24 968
25 968
26 968
27 968
28 968
29 968
30 968
31 968
32 968
33 968
34 968
35 968
36 968
37 968
38 968
39 968
40 968
41 968
42 968
43 968
44 968
45 968
46 968
47 968
48 968
49 968
50 968
51 968
52 968
53 968
54 968
55 968
56 968
57 968
58 968
59 968
60 968
61 968
62 968
63 968
64 968
65 968
66 968
67 968
68 968
69 968
70 968
71 968
72 968
73 968
74 968
75 968
76 968
77 968
78 968
79 968
80 968
81 968
82 968
83 968
84 968
85 968
86 968
87 968
88 968
89 968
90 968
91 968
92 968
93 968
94 968
95 968
96 968
97 968
98 968
99 968
100 968
101 968
102 968
103 968
104 968
105 968
106 968
107 968
108 968
109 968
110 968
111 968
112 968
113 968
114 968
115 968
116 968
117 968
118 968
119 968
120 968
121 968
122 968
123 968
124 968
125 968
126 968
127 968
128 968
129 968
130 968
131 968
132 968
133 968
134 968
135 968
136 968
137 968
138 968
139 968
140 968
141 968
142 968
143 968
144 968
145 968
146 968
147 968
148 968
149 968
150 968
151 968
152 968
153 968
154 968
155 968
156 968
157 968
158 968
159 968
160 968
161 968
162 968
163 968
164 968
165 968
166 968
167 968
168 968
169 968
170 968
171 968
172 968
173 968
174 968
175 968
176 968
177 968
178 968
179 968
180 968
181 968
182 968
183 968
184 968
185 968
186 968
187 968
188 968
189 968
190 968
191 968
192 968
193 968
194 968
195 968
196 968
197 968
198 968
199 968
200 968
201 968
202 968
203 968
204 968
205 968
206 968
207 968
208 968
209 968
210 968
211 968
212 968
213 968
214 968
215 968
216 968
217 968
218 968
219 968
220 968
221 968
222 968
223 968
224 968
225 968
226 968
227 968
228 968
229 968
230 968
231 968
232 968
233 968
234 968
235 968
236 968
237 968
238 968
239 968
240 968
241 968
242 968
243 968
244 968
245 968
246 968
247 968
248 968
249 968
250 968
251 968
252 968
253 968
254 968
255 968
256 968
257 968
258 968
259 968
260 968
261 968
262 968
263 968
264 968
265 968
266 968
267 968
268 968
269 968
270 968
271 968
272 968
273 968
274 968
275 968
276 968
277 968
278 968
279 968
280 968
281 968
282 968
283 968
284 968
285 968
286 968
287 968
288 968
289 968
290 968
291 968
292 968
293 968
294 968
295 968
296 968
297 968
298 968
299 968
300 968
301 968
302 968
303 968
304 968
305 968
306 968
307 968
308 968
309 968
310 968
311 968
312 968
313 968
314 968
315 968
316 968
317 968
318 968
319 968
320 968
321 968
322 968
323 968
324 968
325 968
326 968
327 968
328 968
329 968
330 968
331 968
332 968
333 968
334 968
335 968
336 968
337 968
338 968
339 968
340 968
341 968
342 968
343 968
344 968
345 968
346 968
347 968
348 968
349 968
350 968
351 968
352 968
353 968
354 968
355 968
356 968
357 968
358 968
359 968
360 968
361 968
362 968
363 968
364 968
365 968
366 968
367 968
368 968
369 968
370 968
371 968
372 968
373 968
374 968
375 968
376 968
377 968
378 968
379 968
380 968
381 968
382 968
383 968
384 968
385 968
386 968
387 968
388 968
389 968
390 968
391 968
392 968
393 968
394 968
395 968
396 968
397 968
398 968
399 968
400 968
401 968
402 968
403 968
404 968
405 968
406 968
407 968
408 968
409 968
410 968
411 968
412 968
413 968
414 968
415 968
416 968
417 968
418 968
419 968
420 968
421 968
422 968
423 968
424 968
425 968
426 968
427 968
428 968
429 968
430 968
431 968
432 968
433 968
434 968
435 968
436 968
437 968
438 968
439 968
440 968
441 968
442 968
443 968
444 968
445 968
446 968
447 968
448 968
449 968
450 968
451 968
452 968
453 968
454 968
455 968
456 968
457 968
458 968
459 968
460 968
461 968
462 968
463 968
464 968
465 968
466 968
467 968
468 968
469 968
470 968
471 968
472 968
473 968
474 968
475 968
476 968
477 968
478 968
479 968
480 968
481 968
482 968
483 968
484 968
485 968
486 968
487 968
488 968
489 968
490 968
491 968
492 968
493 968
494 968
495 968
496 968
497 968
498 968
499 968
500 968
501 968
502 968
503 968
504 968
505 968
506 968
507 968
508 968
509 968
510 968
511 968
512 968
513 968
514 968
515 968
516 968
517 968
518 968
519 968
520 968
521 968
522 968
523 968
524 968
525 968
526 968
527 968
528 968
529 968
530 968
531 968
532 968
533 968
534 968
535 968
536 968
537 968
538 968
539 968
540 968
541 968
542 968
543 968
544 968
545 968
546 968
547 968
548 968
549 968
550 968
551 968
552 968
553 968
554 968
555 968
556 968
557 968
558 968
559 968
560 968
561 968
562 968
563 968
564 968
565 968
566 968
567 968
568 968
569 968
570 968
571 968
572 968
573 968
574 968
575 968
576 968
577 968
578 968
579 968
580 968
581 968
582 968
583 968
584 968
585 968
586 968
587 968
588 968
589 968
590 968
591 968
592 968
593 968
594 968
595 968
596 968
597 968
598 968
599 968
600 968
601 968
602 968
603 968
604 968
605 968
606 968
607 968
608 968
609 968
610 968
611 968
612 968
613 968
614 968
615 968
616 968
617 968
618 968
619 968
620 968
621 968
622 968
623 968
624 968
625 968
626 968
627 968
628 968
629 968
630 968
631 968
632 968
633 968
634 968
635 968
636 968
637 968
638 968
639 968
640 968
641 968
642 968
643 968
644 968
645 968
646 968
647 968
648 968
649 968
650 968
651 968
652 968
653 968
654 968
655 968
656 968
657 968
658 968
659 968
660 968
661 968
662 968
663 968
664 968
665 968
666 968
667 968
668 968
669 968
670 968
671 968
672 968
673 968
674 968
675 968
676 968
677 968
678 968
679 968
680 968
681 968
682 968
683 968
684 968
685 968
686 968
687 968
688 968
689 968
690 968
691 968
692 968
693 968
694 968
695 968
696 968
697 968
698 968
699 968
700 968
701 968
702 968
703 968
704 968
705 968
706 968
707 968
708 968
709 968
710 968
711 968
712 968
713 968
714 968
715 968
716 968
717 968
718 968
719 968
720 968
721 968
722 968
723 968
724 968
725 968
726 968
727 968
728 968
729 968
730 968
731 968
732 968
733 968
734 968
735 968
736 968
737 968
738 968
739 968
740 968
741 968
742 968
743 968
744 968
745 968
746 968
747 968
748 968
749 968
750 968
751 968
752 968
753 968
754 968
755 968
756 968
757 968
758 968
759 968
760 968
761 968
762 968
763 968
764 968
765 968
766 968
767 968
768 968
769 968
770 968
771 968
772 968
773 968
774 968
775 968
776 968
777 968
778 968
779 968
780 968
781 968
782 968
783 968
784 968
785 968
786 968
787 968
788 968
789 968
790 968
791 968
792 968
793 968
794 968
795 968
796 968
797 968
798 968
799 968
800 968
801 968
802 968
803 968
804 968
805 968
806 968
807 968
808 968
809 968
810 968
811 968
812 968
813 968
814 968
815 968
816 968
817 968
818 968
819 968
820 968
821 968
822 968
823 968
824 968
825 968
826 968
827 968
828 968
829 968
830 968
831 968
832 968
833 968
834 968
835 968
836 968
837 968
838 968
839 968
840 968
841 968
842 968
843 968
844 968
845 968
846 968
847 968
848 968
849 968
850 968
851 968
852 968
853 968
854 968
855 968
856 968
857 968
858 968
859 968
860 968
861 968
862 968
863 968
864 968
865 968
866 968
867 968
868 968
869 968
870 968
871 968
872 968
873 968
874 968
875 968
876 968
877 968
878 968
879 968
880 968
881 968
882 968
883 968
884 968
885 968
886 968
887 968
888 968
889 968
890 968
891 968
892 968
893 968
894 968
895 968
896 968
897 968
898 968
899 968
900 968
901 968
902 968
903 968
904 968
905 968
906 968
907 968
908 968
909 968
910 968
911 968
912 968
913 968
914 968
915 968
916 968
917 968
918 968
919 968
920 968
921 968
922 968
923 968
924 968
925 968
926 968
927 968
928 968
929 968
930 968
931 968
932 968
933 968
934 968
935 968
936 968
937 968
938 968
939 968
940 968
941 968
942 968
943 968
944 968
945 968
946 968
947 968
948 968
949 968
950 968
951 968
952 968
953 968
954 968
955 968
956 968
957 968
958 968
959 968
960 968
961 968
962 968
963 968
964 968
965 968
966 968
967 968
968 969
