294
293
1 293
2 293
3 293
4 293
5 293
6 293
7 293
8 293
9 293
10 293
11 293
12 293
13 293
14 293
15 293
16 293
17 293
18 293
19 293
20 293
21 293
22 293
23 293
24 293
25 293
26 293
27 293
28 293
29 293
30 293
31 293
32 293
33 293
34 293
35 293
36 293
37 293
38 293
39 293
40 293
41 293
42 293
43 293
44 293
45 293
46 293
47 293
48 293
49 293
50 293
51 293
52 293
53 293
54 293
55 293
56 293
57 293
58 293
59 293
60 293
61 293
62 293
63 293
64 293
65 293
66 293
67 293
68 293
69 293
70 293
71 293
72 293
73 293
74 293
75 293
76 293
77 293
78 293
79 293
80 293
81 293
82 293
83 293
84 293
85 293
86 293
87 293
88 293
89 293
90 293
91 293
92 293
93 293
94 293
95 293
96 293
97 293
98 293
99 293
100 293
101 293
102 293
103 293
104 293
105 293
106 293
107 293
108 293
109 293
110 293
111 293
112 293
113 293
114 293
115 293
116 293
117 293
118 293
119 293
120 293
121 293
122 293
123 293
124 293
125 293
126 293
127 293
128 293
129 293
130 293
131 293
132 293
133 293
134 293
135 293
136 293
137 293
138 293
139 293
140 293
141 293
142 293
143 293
144 293
145 293
146 293
147 293
148 293
149 293
150 293
151 293
152 293
153 293
154 293
155 293
156 293
157 293
158 293
159 293
160 293
161 293
162 293
163 293
164 293
165 293
166 293
167 293
168 293
169 293
170 293
171 293
172 293
173 293
174 293
175 293
176 293
177 293
178 293
179 293
180 293
181 293
182 293
183 293
184 293
185 293
186 293
187 293
188 293
189 293
190 293
191 293
192 293
193 293
194 293
195 293
196 293
197 293
198 293
199 293
200 293
201 293
202 293
203 293
204 293
205 293
206 293
207 293
208 293
209 293
210 293
211 293
212 293
213 293
214 293
215 293
216 293
217 293
218 293
219 293
220 293
221 293
222 293
223 293
224 293
225 293
226 293
227 293
228 293
229 293
230 293
231 293
232 293
233 293
234 293
235 293
236 293
237 293
238 293
239 293
240 293
241 293
242 293
243 293
244 293
245 293
246 293
247 293
248 293
249 293
250 293
251 293
252 293
253 293
254 293
255 293
256 293
257 293
258 293
259 293
260 293
261 293
262 293
263 293
264 293
265 293
266 293
267 293
268 293
269 293
270 293
271 293
272 293
273 293
274 293
275 293
276 293
277 293
278 293
279 293
280 293
281 293
282 293
283 293
284 293
285 293
286 293
287 293
288 293
289 293
290 293
291 293
292 293
293 294
