785
784
1 784
2 784
3 784
4 784
5 784
6 784
7 784
8 784
9 784
10 784
11 784
12 784
13 784
14 784
15 784
16 784
17 784
18 784
19 784
20 784
21 784
22 784
23 784
24 784
25 784
26 784
27 784
28 784
29 784
30 784
31 784
32 784
33 784
34 784
35 784
36 784
37 784
38 784
39 784
40 784
41 784
42 784
43 784
44 784
45 784
46 784
47 784
48 784
49 784
50 784
51 784
52 784
53 784
54 784
55 784
56 784
57 784
58 784
59 784
60 784
61 784
62 784
63 784
64 784
65 784
66 784
67 784
68 784
69 784
70 784
71 784
72 784
73 784
74 784
75 784
76 784
77 784
78 784
79 784
80 784
81 784
82 784
83 784
84 784
85 784
86 784
87 784
88 784
89 784
90 784
91 784
92 784
93 784
94 784
95 784
96 784
97 784
98 784
99 784
100 784
101 784
102 784
103 784
104 784
105 784
106 784
107 784
108 784
109 784
110 784
111 784
112 784
113 784
114 784
115 784
116 784
117 784
118 784
119 784
120 784
121 784
122 784
123 784
124 784
125 784
126 784
127 784
128 784
129 784
130 784
131 784
132 784
133 784
134 784
135 784
136 784
137 784
138 784
139 784
140 784
141 784
142 784
143 784
144 784
145 784
146 784
147 784
148 784
149 784
150 784
151 784
152 784
153 784
154 784
155 784
156 784
157 784
158 784
159 784
160 784
161 784
162 784
163 784
164 784
165 784
166 784
167 784
168 784
169 784
170 784
171 784
172 784
173 784
174 784
175 784
176 784
177 784
178 784
179 784
180 784
181 784
182 784
183 784
184 784
185 784
186 784
187 784
188 784
189 784
190 784
191 784
192 784
193 784
194 784
195 784
196 784
197 784
198 784
199 784
200 784
201 784
202 784
203 784
204 784
205 784
206 784
207 784
208 784
209 784
210 784
211 784
212 784
213 784
214 784
215 784
216 784
217 784
218 784
219 784
220 784
221 784
222 784
223 784
224 784
225 784
226 784
227 784
228 784
229 784
230 784
231 784
232 784
233 784
234 784
235 784
236 784
237 784
238 784
239 784
240 784
241 784
242 784
243 784
244 784
245 784
246 784
247 784
248 784
249 784
250 784
251 784
252 784
253 784
254 784
255 784
256 784
257 784
258 784
259 784
260 784
261 784
262 784
263 784
264 784
265 784
266 784
267 784
268 784
269 784
270 784
271 784
272 784
273 784
274 784
275 784
276 784
277 784
278 784
279 784
280 784
281 784
282 784
283 784
284 784
285 784
286 784
287 784
288 784
289 784
290 784
291 784
292 784
293 784
294 784
295 784
296 784
297 784
298 784
299 784
300 784
301 784
302 784
303 784
304 784
305 784
306 784
307 784
308 784
309 784
310 784
311 784
312 784
313 784
314 784
315 784
316 784
317 784
318 784
319 784
320 784
321 784
322 784
323 784
324 784
325 784
326 784
327 784
328 784
329 784
330 784
331 784
332 784
333 784
334 784
335 784
336 784
337 784
338 784
339 784
340 784
341 784
342 784
343 784
344 784
345 784
346 784
347 784
348 784
349 784
350 784
351 784
352 784
353 784
354 784
355 784
356 784
357 784
358 784
359 784
360 784
361 784
362 784
363 784
364 784
365 784
366 784
367 784
368 784
369 784
370 784
371 784
372 784
373 784
374 784
375 784
376 784
377 784
378 784
379 784
380 784
381 784
382 784
383 784
384 784
385 784
386 784
387 784
388 784
389 784
390 784
391 784
392 784
393 784
394 784
395 784
396 784
397 784
398 784
399 784
400 784
401 784
402 784
403 784
404 784
405 784
406 784
407 784
408 784
409 784
410 784
411 784
412 784
413 784
414 784
415 784
416 784
417 784
418 784
419 784
420 784
421 784
422 784
423 784
424 784
425 784
426 784
427 784
428 784
429 784
430 784
431 784
432 784
433 784
434 784
435 784
436 784
437 784
438 784
439 784
440 784
441 784
442 784
443 784
444 784
445 784
446 784
447 784
448 784
449 784
450 784
451 784
452 784
453 784
454 784
455 784
456 784
457 784
458 784
459 784
460 784
461 784
462 784
463 784
464 784
465 784
466 784
467 784
468 784
469 784
470 784
471 784
472 784
473 784
474 784
475 784
476 784
477 784
478 784
479 784
480 784
481 784
482 784
483 784
484 784
485 784
486 784
487 784
488 784
489 784
490 784
491 784
492 784
493 784
494 784
495 784
496 784
497 784
498 784
499 784
500 784
501 784
502 784
503 784
504 784
505 784
506 784
507 784
508 784
509 784
510 784
511 784
512 784
513 784
514 784
515 784
516 784
517 784
518 784
519 784
520 784
521 784
522 784
523 784
524 784
525 784
526 784
527 784
528 784
529 784
530 784
531 784
532 784
533 784
534 784
535 784
536 784
537 784
538 784
539 784
540 784
541 784
542 784
543 784
544 784
545 784
546 784
547 784
548 784
549 784
550 784
551 784
552 784
553 784
554 784
555 784
556 784
557 784
558 784
559 784
560 784
561 784
562 784
563 784
564 784
565 784
566 784
567 784
568 784
569 784
570 784
571 784
572 784
573 784
574 784
575 784
576 784
577 784
578 784
579 784
580 784
581 784
582 784
583 784
584 784
585 784
586 784
587 784
588 784
589 784
590 784
591 784
592 784
593 784
594 784
595 784
596 784
597 784
598 784
599 784
600 784
601 784
602 784
603 784
604 784
605 784
606 784
607 784
608 784
609 784
610 784
611 784
612 784
613 784
614 784
615 784
616 784
617 784
618 784
619 784
620 784
621 784
622 784
623 784
624 784
625 784
626 784
627 784
628 784
629 784
630 784
631 784
632 784
633 784
634 784
635 784
636 784
637 784
638 784
639 784
640 784
641 784
642 784
643 784
644 784
645 784
646 784
647 784
648 784
649 784
650 784
651 784
652 784
653 784
654 784
655 784
656 784
657 784
658 784
659 784
660 784
661 784
662 784
663 784
664 784
665 784
666 784
667 784
668 784
669 784
670 784
671 784
672 784
673 784
674 784
675 784
676 784
677 784
678 784
679 784
680 784
681 784
682 784
683 784
684 784
685 784
686 784
687 784
688 784
689 784
690 784
691 784
692 784
693 784
694 784
695 784
696 784
697 784
698 784
699 784
700 784
701 784
702 784
703 784
704 784
705 784
706 784
707 784
708 784
709 784
710 784
711 784
712 784
713 784
714 784
715 784
716 784
717 784
718 784
719 784
720 784
721 784
722 784
723 784
724 784
725 784
726 784
727 784
728 784
729 784
730 784
731 784
732 784
733 784
734 784
735 784
736 784
737 784
738 784
739 784
740 784
741 784
742 784
743 784
744 784
745 784
746 784
747 784
748 784
749 784
750 784
751 784
752 784
753 784
754 784
755 784
756 784
757 784
758 784
759 784
760 784
761 784
762 784
763 784
764 784
765 784
766 784
767 784
768 784
769 784
770 784
771 784
772 784
773 784
774 784
775 784
776 784
777 784
778 784
779 784
780 784
781 784
782 784
783 784
784 785
