586
585
1 585
2 585
3 585
4 585
5 585
6 585
7 585
8 585
9 585
10 585
11 585
12 585
13 585
14 585
15 585
16 585
17 585
18 585
19 585
20 585
21 585
22 585
23 585
24 585
25 585
26 585
27 585
28 585
29 585
30 585
31 585
32 585
33 585
34 585
35 585
36 585
37 585
38 585
39 585
40 585
41 585
42 585
43 585
44 585
45 585
46 585
47 585
48 585
49 585
50 585
51 585
52 585
53 585
54 585
55 585
56 585
57 585
58 585
59 585
60 585
61 585
62 585
63 585
64 585
65 585
66 585
67 585
68 585
69 585
70 585
71 585
72 585
73 585
74 585
75 585
76 585
77 585
78 585
79 585
80 585
81 585
82 585
83 585
84 585
85 585
86 585
87 585
88 585
89 585
90 585
91 585
92 585
93 585
94 585
95 585
96 585
97 585
98 585
99 585
100 585
101 585
102 585
103 585
104 585
105 585
106 585
107 585
108 585
109 585
110 585
111 585
112 585
113 585
114 585
115 585
116 585
117 585
118 585
119 585
120 585
121 585
122 585
123 585
124 585
125 585
126 585
127 585
128 585
129 585
130 585
131 585
132 585
133 585
134 585
135 585
136 585
137 585
138 585
139 585
140 585
141 585
142 585
143 585
144 585
145 585
146 585
147 585
148 585
149 585
150 585
151 585
152 585
153 585
154 585
155 585
156 585
157 585
158 585
159 585
160 585
161 585
162 585
163 585
164 585
165 585
166 585
167 585
168 585
169 585
170 585
171 585
172 585
173 585
174 585
175 585
176 585
177 585
178 585
179 585
180 585
181 585
182 585
183 585
184 585
185 585
186 585
187 585
188 585
189 585
190 585
191 585
192 585
193 585
194 585
195 585
196 585
197 585
198 585
199 585
200 585
201 585
202 585
203 585
204 585
205 585
206 585
207 585
208 585
209 585
210 585
211 585
212 585
213 585
214 585
215 585
216 585
217 585
218 585
219 585
220 585
221 585
222 585
223 585
224 585
225 585
226 585
227 585
228 585
229 585
230 585
231 585
232 585
233 585
234 585
235 585
236 585
237 585
238 585
239 585
240 585
241 585
242 585
243 585
244 585
245 585
246 585
247 585
248 585
249 585
250 585
251 585
252 585
253 585
254 585
255 585
256 585
257 585
258 585
259 585
260 585
261 585
262 585
263 585
264 585
265 585
266 585
267 585
268 585
269 585
270 585
271 585
272 585
273 585
274 585
275 585
276 585
277 585
278 585
279 585
280 585
281 585
282 585
283 585
284 585
285 585
286 585
287 585
288 585
289 585
290 585
291 585
292 585
293 585
294 585
295 585
296 585
297 585
298 585
299 585
300 585
301 585
302 585
303 585
304 585
305 585
306 585
307 585
308 585
309 585
310 585
311 585
312 585
313 585
314 585
315 585
316 585
317 585
318 585
319 585
320 585
321 585
322 585
323 585
324 585
325 585
326 585
327 585
328 585
329 585
330 585
331 585
332 585
333 585
334 585
335 585
336 585
337 585
338 585
339 585
340 585
341 585
342 585
343 585
344 585
345 585
346 585
347 585
348 585
349 585
350 585
351 585
352 585
353 585
354 585
355 585
356 585
357 585
358 585
359 585
360 585
361 585
362 585
363 585
364 585
365 585
366 585
367 585
368 585
369 585
370 585
371 585
372 585
373 585
374 585
375 585
376 585
377 585
378 585
379 585
380 585
381 585
382 585
383 585
384 585
385 585
386 585
387 585
388 585
389 585
390 585
391 585
392 585
393 585
394 585
395 585
396 585
397 585
398 585
399 585
400 585
401 585
402 585
403 585
404 585
405 585
406 585
407 585
408 585
409 585
410 585
411 585
412 585
413 585
414 585
415 585
416 585
417 585
418 585
419 585
420 585
421 585
422 585
423 585
424 585
425 585
426 585
427 585
428 585
429 585
430 585
431 585
432 585
433 585
434 585
435 585
436 585
437 585
438 585
439 585
440 585
441 585
442 585
443 585
444 585
445 585
446 585
447 585
448 585
449 585
450 585
451 585
452 585
453 585
454 585
455 585
456 585
457 585
458 585
459 585
460 585
461 585
462 585
463 585
464 585
465 585
466 585
467 585
468 585
469 585
470 585
471 585
472 585
473 585
474 585
475 585
476 585
477 585
478 585
479 585
480 585
481 585
482 585
483 585
484 585
485 585
486 585
487 585
488 585
489 585
490 585
491 585
492 585
493 585
494 585
495 585
496 585
497 585
498 585
499 585
500 585
501 585
502 585
503 585
504 585
505 585
506 585
507 585
508 585
509 585
510 585
511 585
512 585
513 585
514 585
515 585
516 585
517 585
518 585
519 585
520 585
521 585
522 585
523 585
524 585
525 585
526 585
527 585
528 585
529 585
530 585
531 585
532 585
533 585
534 585
535 585
536 585
537 585
538 585
539 585
540 585
541 585
542 585
543 585
544 585
545 585
546 585
547 585
548 585
549 585
550 585
551 585
552 585
553 585
554 585
555 585
556 585
557 585
558 585
559 585
560 585
561 585
562 585
563 585
564 585
565 585
566 585
567 585
568 585
569 585
570 585
571 585
572 585
573 585
574 585
575 585
576 585
577 585
578 585
579 585
580 585
581 585
582 585
583 585
584 585
585 586
