709
708
1 708
2 708
3 708
4 708
5 708
6 708
7 708
8 708
9 708
10 708
11 708
12 708
13 708
14 708
15 708
16 708
17 708
18 708
19 708
20 708
21 708
22 708
23 708
24 708
25 708
26 708
27 708
28 708
29 708
30 708
31 708
32 708
33 708
34 708
35 708
36 708
37 708
38 708
39 708
40 708
41 708
42 708
43 708
44 708
45 708
46 708
47 708
48 708
49 708
50 708
51 708
52 708
53 708
54 708
55 708
56 708
57 708
58 708
59 708
60 708
61 708
62 708
63 708
64 708
65 708
66 708
67 708
68 708
69 708
70 708
71 708
72 708
73 708
74 708
75 708
76 708
77 708
78 708
79 708
80 708
81 708
82 708
83 708
84 708
85 708
86 708
87 708
88 708
89 708
90 708
91 708
92 708
93 708
94 708
95 708
96 708
97 708
98 708
99 708
100 708
101 708
102 708
103 708
104 708
105 708
106 708
107 708
108 708
109 708
110 708
111 708
112 708
113 708
114 708
115 708
116 708
117 708
118 708
119 708
120 708
121 708
122 708
123 708
124 708
125 708
126 708
127 708
128 708
129 708
130 708
131 708
132 708
133 708
134 708
135 708
136 708
137 708
138 708
139 708
140 708
141 708
142 708
143 708
144 708
145 708
146 708
147 708
148 708
149 708
150 708
151 708
152 708
153 708
154 708
155 708
156 708
157 708
158 708
159 708
160 708
161 708
162 708
163 708
164 708
165 708
166 708
167 708
168 708
169 708
170 708
171 708
172 708
173 708
174 708
175 708
176 708
177 708
178 708
179 708
180 708
181 708
182 708
183 708
184 708
185 708
186 708
187 708
188 708
189 708
190 708
191 708
192 708
193 708
194 708
195 708
196 708
197 708
198 708
199 708
200 708
201 708
202 708
203 708
204 708
205 708
206 708
207 708
208 708
209 708
210 708
211 708
212 708
213 708
214 708
215 708
216 708
217 708
218 708
219 708
220 708
221 708
222 708
223 708
224 708
225 708
226 708
227 708
228 708
229 708
230 708
231 708
232 708
233 708
234 708
235 708
236 708
237 708
238 708
239 708
240 708
241 708
242 708
243 708
244 708
245 708
246 708
247 708
248 708
249 708
250 708
251 708
252 708
253 708
254 708
255 708
256 708
257 708
258 708
259 708
260 708
261 708
262 708
263 708
264 708
265 708
266 708
267 708
268 708
269 708
270 708
271 708
272 708
273 708
274 708
275 708
276 708
277 708
278 708
279 708
280 708
281 708
282 708
283 708
284 708
285 708
286 708
287 708
288 708
289 708
290 708
291 708
292 708
293 708
294 708
295 708
296 708
297 708
298 708
299 708
300 708
301 708
302 708
303 708
304 708
305 708
306 708
307 708
308 708
309 708
310 708
311 708
312 708
313 708
314 708
315 708
316 708
317 708
318 708
319 708
320 708
321 708
322 708
323 708
324 708
325 708
326 708
327 708
328 708
329 708
330 708
331 708
332 708
333 708
334 708
335 708
336 708
337 708
338 708
339 708
340 708
341 708
342 708
343 708
344 708
345 708
346 708
347 708
348 708
349 708
350 708
351 708
352 708
353 708
354 708
355 708
356 708
357 708
358 708
359 708
360 708
361 708
362 708
363 708
364 708
365 708
366 708
367 708
368 708
369 708
370 708
371 708
372 708
373 708
374 708
375 708
376 708
377 708
378 708
379 708
380 708
381 708
382 708
383 708
384 708
385 708
386 708
387 708
388 708
389 708
390 708
391 708
392 708
393 708
394 708
395 708
396 708
397 708
398 708
399 708
400 708
401 708
402 708
403 708
404 708
405 708
406 708
407 708
408 708
409 708
410 708
411 708
412 708
413 708
414 708
415 708
416 708
417 708
418 708
419 708
420 708
421 708
422 708
423 708
424 708
425 708
426 708
427 708
428 708
429 708
430 708
431 708
432 708
433 708
434 708
435 708
436 708
437 708
438 708
439 708
440 708
441 708
442 708
443 708
444 708
445 708
446 708
447 708
448 708
449 708
450 708
451 708
452 708
453 708
454 708
455 708
456 708
457 708
458 708
459 708
460 708
461 708
462 708
463 708
464 708
465 708
466 708
467 708
468 708
469 708
470 708
471 708
472 708
473 708
474 708
475 708
476 708
477 708
478 708
479 708
480 708
481 708
482 708
483 708
484 708
485 708
486 708
487 708
488 708
489 708
490 708
491 708
492 708
493 708
494 708
495 708
496 708
497 708
498 708
499 708
500 708
501 708
502 708
503 708
504 708
505 708
506 708
507 708
508 708
509 708
510 708
511 708
512 708
513 708
514 708
515 708
516 708
517 708
518 708
519 708
520 708
521 708
522 708
523 708
524 708
525 708
526 708
527 708
528 708
529 708
530 708
531 708
532 708
533 708
534 708
535 708
536 708
537 708
538 708
539 708
540 708
541 708
542 708
543 708
544 708
545 708
546 708
547 708
548 708
549 708
550 708
551 708
552 708
553 708
554 708
555 708
556 708
557 708
558 708
559 708
560 708
561 708
562 708
563 708
564 708
565 708
566 708
567 708
568 708
569 708
570 708
571 708
572 708
573 708
574 708
575 708
576 708
577 708
578 708
579 708
580 708
581 708
582 708
583 708
584 708
585 708
586 708
587 708
588 708
589 708
590 708
591 708
592 708
593 708
594 708
595 708
596 708
597 708
598 708
599 708
600 708
601 708
602 708
603 708
604 708
605 708
606 708
607 708
608 708
609 708
610 708
611 708
612 708
613 708
614 708
615 708
616 708
617 708
618 708
619 708
620 708
621 708
622 708
623 708
624 708
625 708
626 708
627 708
628 708
629 708
630 708
631 708
632 708
633 708
634 708
635 708
636 708
637 708
638 708
639 708
640 708
641 708
642 708
643 708
644 708
645 708
646 708
647 708
648 708
649 708
650 708
651 708
652 708
653 708
654 708
655 708
656 708
657 708
658 708
659 708
660 708
661 708
662 708
663 708
664 708
665 708
666 708
667 708
668 708
669 708
670 708
671 708
672 708
673 708
674 708
675 708
676 708
677 708
678 708
679 708
680 708
681 708
682 708
683 708
684 708
685 708
686 708
687 708
688 708
689 708
690 708
691 708
692 708
693 708
694 708
695 708
696 708
697 708
698 708
699 708
700 708
701 708
702 708
703 708
704 708
705 708
706 708
707 708
708 709
