836
835
1 835
2 835
3 835
4 835
5 835
6 835
7 835
8 835
9 835
10 835
11 835
12 835
13 835
14 835
15 835
16 835
17 835
18 835
19 835
20 835
21 835
22 835
23 835
24 835
25 835
26 835
27 835
28 835
29 835
30 835
31 835
32 835
33 835
34 835
35 835
36 835
37 835
38 835
39 835
40 835
41 835
42 835
43 835
44 835
45 835
46 835
47 835
48 835
49 835
50 835
51 835
52 835
53 835
54 835
55 835
56 835
57 835
58 835
59 835
60 835
61 835
62 835
63 835
64 835
65 835
66 835
67 835
68 835
69 835
70 835
71 835
72 835
73 835
74 835
75 835
76 835
77 835
78 835
79 835
80 835
81 835
82 835
83 835
84 835
85 835
86 835
87 835
88 835
89 835
90 835
91 835
92 835
93 835
94 835
95 835
96 835
97 835
98 835
99 835
100 835
101 835
102 835
103 835
104 835
105 835
106 835
107 835
108 835
109 835
110 835
111 835
112 835
113 835
114 835
115 835
116 835
117 835
118 835
119 835
120 835
121 835
122 835
123 835
124 835
125 835
126 835
127 835
128 835
129 835
130 835
131 835
132 835
133 835
134 835
135 835
136 835
137 835
138 835
139 835
140 835
141 835
142 835
143 835
144 835
145 835
146 835
147 835
148 835
149 835
150 835
151 835
152 835
153 835
154 835
155 835
156 835
157 835
158 835
159 835
160 835
161 835
162 835
163 835
164 835
165 835
166 835
167 835
168 835
169 835
170 835
171 835
172 835
173 835
174 835
175 835
176 835
177 835
178 835
179 835
180 835
181 835
182 835
183 835
184 835
185 835
186 835
187 835
188 835
189 835
190 835
191 835
192 835
193 835
194 835
195 835
196 835
197 835
198 835
199 835
200 835
201 835
202 835
203 835
204 835
205 835
206 835
207 835
208 835
209 835
210 835
211 835
212 835
213 835
214 835
215 835
216 835
217 835
218 835
219 835
220 835
221 835
222 835
223 835
224 835
225 835
226 835
227 835
228 835
229 835
230 835
231 835
232 835
233 835
234 835
235 835
236 835
237 835
238 835
239 835
240 835
241 835
242 835
243 835
244 835
245 835
246 835
247 835
248 835
249 835
250 835
251 835
252 835
253 835
254 835
255 835
256 835
257 835
258 835
259 835
260 835
261 835
262 835
263 835
264 835
265 835
266 835
267 835
268 835
269 835
270 835
271 835
272 835
273 835
274 835
275 835
276 835
277 835
278 835
279 835
280 835
281 835
282 835
283 835
284 835
285 835
286 835
287 835
288 835
289 835
290 835
291 835
292 835
293 835
294 835
295 835
296 835
297 835
298 835
299 835
300 835
301 835
302 835
303 835
304 835
305 835
306 835
307 835
308 835
309 835
310 835
311 835
312 835
313 835
314 835
315 835
316 835
317 835
318 835
319 835
320 835
321 835
322 835
323 835
324 835
325 835
326 835
327 835
328 835
329 835
330 835
331 835
332 835
333 835
334 835
335 835
336 835
337 835
338 835
339 835
340 835
341 835
342 835
343 835
344 835
345 835
346 835
347 835
348 835
349 835
350 835
351 835
352 835
353 835
354 835
355 835
356 835
357 835
358 835
359 835
360 835
361 835
362 835
363 835
364 835
365 835
366 835
367 835
368 835
369 835
370 835
371 835
372 835
373 835
374 835
375 835
376 835
377 835
378 835
379 835
380 835
381 835
382 835
383 835
384 835
385 835
386 835
387 835
388 835
389 835
390 835
391 835
392 835
393 835
394 835
395 835
396 835
397 835
398 835
399 835
400 835
401 835
402 835
403 835
404 835
405 835
406 835
407 835
408 835
409 835
410 835
411 835
412 835
413 835
414 835
415 835
416 835
417 835
418 835
419 835
420 835
421 835
422 835
423 835
424 835
425 835
426 835
427 835
428 835
429 835
430 835
431 835
432 835
433 835
434 835
435 835
436 835
437 835
438 835
439 835
440 835
441 835
442 835
443 835
444 835
445 835
446 835
447 835
448 835
449 835
450 835
451 835
452 835
453 835
454 835
455 835
456 835
457 835
458 835
459 835
460 835
461 835
462 835
463 835
464 835
465 835
466 835
467 835
468 835
469 835
470 835
471 835
472 835
473 835
474 835
475 835
476 835
477 835
478 835
479 835
480 835
481 835
482 835
483 835
484 835
485 835
486 835
487 835
488 835
489 835
490 835
491 835
492 835
493 835
494 835
495 835
496 835
497 835
498 835
499 835
500 835
501 835
502 835
503 835
504 835
505 835
506 835
507 835
508 835
509 835
510 835
511 835
512 835
513 835
514 835
515 835
516 835
517 835
518 835
519 835
520 835
521 835
522 835
523 835
524 835
525 835
526 835
527 835
528 835
529 835
530 835
531 835
532 835
533 835
534 835
535 835
536 835
537 835
538 835
539 835
540 835
541 835
542 835
543 835
544 835
545 835
546 835
547 835
548 835
549 835
550 835
551 835
552 835
553 835
554 835
555 835
556 835
557 835
558 835
559 835
560 835
561 835
562 835
563 835
564 835
565 835
566 835
567 835
568 835
569 835
570 835
571 835
572 835
573 835
574 835
575 835
576 835
577 835
578 835
579 835
580 835
581 835
582 835
583 835
584 835
585 835
586 835
587 835
588 835
589 835
590 835
591 835
592 835
593 835
594 835
595 835
596 835
597 835
598 835
599 835
600 835
601 835
602 835
603 835
604 835
605 835
606 835
607 835
608 835
609 835
610 835
611 835
612 835
613 835
614 835
615 835
616 835
617 835
618 835
619 835
620 835
621 835
622 835
623 835
624 835
625 835
626 835
627 835
628 835
629 835
630 835
631 835
632 835
633 835
634 835
635 835
636 835
637 835
638 835
639 835
640 835
641 835
642 835
643 835
644 835
645 835
646 835
647 835
648 835
649 835
650 835
651 835
652 835
653 835
654 835
655 835
656 835
657 835
658 835
659 835
660 835
661 835
662 835
663 835
664 835
665 835
666 835
667 835
668 835
669 835
670 835
671 835
672 835
673 835
674 835
675 835
676 835
677 835
678 835
679 835
680 835
681 835
682 835
683 835
684 835
685 835
686 835
687 835
688 835
689 835
690 835
691 835
692 835
693 835
694 835
695 835
696 835
697 835
698 835
699 835
700 835
701 835
702 835
703 835
704 835
705 835
706 835
707 835
708 835
709 835
710 835
711 835
712 835
713 835
714 835
715 835
716 835
717 835
718 835
719 835
720 835
721 835
722 835
723 835
724 835
725 835
726 835
727 835
728 835
729 835
730 835
731 835
732 835
733 835
734 835
735 835
736 835
737 835
738 835
739 835
740 835
741 835
742 835
743 835
744 835
745 835
746 835
747 835
748 835
749 835
750 835
751 835
752 835
753 835
754 835
755 835
756 835
757 835
758 835
759 835
760 835
761 835
762 835
763 835
764 835
765 835
766 835
767 835
768 835
769 835
770 835
771 835
772 835
773 835
774 835
775 835
776 835
777 835
778 835
779 835
780 835
781 835
782 835
783 835
784 835
785 835
786 835
787 835
788 835
789 835
790 835
791 835
792 835
793 835
794 835
795 835
796 835
797 835
798 835
799 835
800 835
801 835
802 835
803 835
804 835
805 835
806 835
807 835
808 835
809 835
810 835
811 835
812 835
813 835
814 835
815 835
816 835
817 835
818 835
819 835
820 835
821 835
822 835
823 835
824 835
825 835
826 835
827 835
828 835
829 835
830 835
831 835
832 835
833 835
834 835
835 836
