643
642
1 642
2 642
3 642
4 642
5 642
6 642
7 642
8 642
9 642
10 642
11 642
12 642
13 642
14 642
15 642
16 642
17 642
18 642
19 642
20 642
21 642
22 642
23 642
24 642
25 642
26 642
27 642
28 642
29 642
30 642
31 642
32 642
33 642
34 642
35 642
36 642
37 642
38 642
39 642
40 642
41 642
42 642
43 642
44 642
45 642
46 642
47 642
48 642
49 642
50 642
51 642
52 642
53 642
54 642
55 642
56 642
57 642
58 642
59 642
60 642
61 642
62 642
63 642
64 642
65 642
66 642
67 642
68 642
69 642
70 642
71 642
72 642
73 642
74 642
75 642
76 642
77 642
78 642
79 642
80 642
81 642
82 642
83 642
84 642
85 642
86 642
87 642
88 642
89 642
90 642
91 642
92 642
93 642
94 642
95 642
96 642
97 642
98 642
99 642
100 642
101 642
102 642
103 642
104 642
105 642
106 642
107 642
108 642
109 642
110 642
111 642
112 642
113 642
114 642
115 642
116 642
117 642
118 642
119 642
120 642
121 642
122 642
123 642
124 642
125 642
126 642
127 642
128 642
129 642
130 642
131 642
132 642
133 642
134 642
135 642
136 642
137 642
138 642
139 642
140 642
141 642
142 642
143 642
144 642
145 642
146 642
147 642
148 642
149 642
150 642
151 642
152 642
153 642
154 642
155 642
156 642
157 642
158 642
159 642
160 642
161 642
162 642
163 642
164 642
165 642
166 642
167 642
168 642
169 642
170 642
171 642
172 642
173 642
174 642
175 642
176 642
177 642
178 642
179 642
180 642
181 642
182 642
183 642
184 642
185 642
186 642
187 642
188 642
189 642
190 642
191 642
192 642
193 642
194 642
195 642
196 642
197 642
198 642
199 642
200 642
201 642
202 642
203 642
204 642
205 642
206 642
207 642
208 642
209 642
210 642
211 642
212 642
213 642
214 642
215 642
216 642
217 642
218 642
219 642
220 642
221 642
222 642
223 642
224 642
225 642
226 642
227 642
228 642
229 642
230 642
231 642
232 642
233 642
234 642
235 642
236 642
237 642
238 642
239 642
240 642
241 642
242 642
243 642
244 642
245 642
246 642
247 642
248 642
249 642
250 642
251 642
252 642
253 642
254 642
255 642
256 642
257 642
258 642
259 642
260 642
261 642
262 642
263 642
264 642
265 642
266 642
267 642
268 642
269 642
270 642
271 642
272 642
273 642
274 642
275 642
276 642
277 642
278 642
279 642
280 642
281 642
282 642
283 642
284 642
285 642
286 642
287 642
288 642
289 642
290 642
291 642
292 642
293 642
294 642
295 642
296 642
297 642
298 642
299 642
300 642
301 642
302 642
303 642
304 642
305 642
306 642
307 642
308 642
309 642
310 642
311 642
312 642
313 642
314 642
315 642
316 642
317 642
318 642
319 642
320 642
321 642
322 642
323 642
324 642
325 642
326 642
327 642
328 642
329 642
330 642
331 642
332 642
333 642
334 642
335 642
336 642
337 642
338 642
339 642
340 642
341 642
342 642
343 642
344 642
345 642
346 642
347 642
348 642
349 642
350 642
351 642
352 642
353 642
354 642
355 642
356 642
357 642
358 642
359 642
360 642
361 642
362 642
363 642
364 642
365 642
366 642
367 642
368 642
369 642
370 642
371 642
372 642
373 642
374 642
375 642
376 642
377 642
378 642
379 642
380 642
381 642
382 642
383 642
384 642
385 642
386 642
387 642
388 642
389 642
390 642
391 642
392 642
393 642
394 642
395 642
396 642
397 642
398 642
399 642
400 642
401 642
402 642
403 642
404 642
405 642
406 642
407 642
408 642
409 642
410 642
411 642
412 642
413 642
414 642
415 642
416 642
417 642
418 642
419 642
420 642
421 642
422 642
423 642
424 642
425 642
426 642
427 642
428 642
429 642
430 642
431 642
432 642
433 642
434 642
435 642
436 642
437 642
438 642
439 642
440 642
441 642
442 642
443 642
444 642
445 642
446 642
447 642
448 642
449 642
450 642
451 642
452 642
453 642
454 642
455 642
456 642
457 642
458 642
459 642
460 642
461 642
462 642
463 642
464 642
465 642
466 642
467 642
468 642
469 642
470 642
471 642
472 642
473 642
474 642
475 642
476 642
477 642
478 642
479 642
480 642
481 642
482 642
483 642
484 642
485 642
486 642
487 642
488 642
489 642
490 642
491 642
492 642
493 642
494 642
495 642
496 642
497 642
498 642
499 642
500 642
501 642
502 642
503 642
504 642
505 642
506 642
507 642
508 642
509 642
510 642
511 642
512 642
513 642
514 642
515 642
516 642
517 642
518 642
519 642
520 642
521 642
522 642
523 642
524 642
525 642
526 642
527 642
528 642
529 642
530 642
531 642
532 642
533 642
534 642
535 642
536 642
537 642
538 642
539 642
540 642
541 642
542 642
543 642
544 642
545 642
546 642
547 642
548 642
549 642
550 642
551 642
552 642
553 642
554 642
555 642
556 642
557 642
558 642
559 642
560 642
561 642
562 642
563 642
564 642
565 642
566 642
567 642
568 642
569 642
570 642
571 642
572 642
573 642
574 642
575 642
576 642
577 642
578 642
579 642
580 642
581 642
582 642
583 642
584 642
585 642
586 642
587 642
588 642
589 642
590 642
591 642
592 642
593 642
594 642
595 642
596 642
597 642
598 642
599 642
600 642
601 642
602 642
603 642
604 642
605 642
606 642
607 642
608 642
609 642
610 642
611 642
612 642
613 642
614 642
615 642
616 642
617 642
618 642
619 642
620 642
621 642
622 642
623 642
624 642
625 642
626 642
627 642
628 642
629 642
630 642
631 642
632 642
633 642
634 642
635 642
636 642
637 642
638 642
639 642
640 642
641 642
642 643
