235
234
1 234
2 234
3 234
4 234
5 234
6 234
7 234
8 234
9 234
10 234
11 234
12 234
13 234
14 234
15 234
16 234
17 234
18 234
19 234
20 234
21 234
22 234
23 234
24 234
25 234
26 234
27 234
28 234
29 234
30 234
31 234
32 234
33 234
34 234
35 234
36 234
37 234
38 234
39 234
40 234
41 234
42 234
43 234
44 234
45 234
46 234
47 234
48 234
49 234
50 234
51 234
52 234
53 234
54 234
55 234
56 234
57 234
58 234
59 234
60 234
61 234
62 234
63 234
64 234
65 234
66 234
67 234
68 234
69 234
70 234
71 234
72 234
73 234
74 234
75 234
76 234
77 234
78 234
79 234
80 234
81 234
82 234
83 234
84 234
85 234
86 234
87 234
88 234
89 234
90 234
91 234
92 234
93 234
94 234
95 234
96 234
97 234
98 234
99 234
100 234
101 234
102 234
103 234
104 234
105 234
106 234
107 234
108 234
109 234
110 234
111 234
112 234
113 234
114 234
115 234
116 234
117 234
118 234
119 234
120 234
121 234
122 234
123 234
124 234
125 234
126 234
127 234
128 234
129 234
130 234
131 234
132 234
133 234
134 234
135 234
136 234
137 234
138 234
139 234
140 234
141 234
142 234
143 234
144 234
145 234
146 234
147 234
148 234
149 234
150 234
151 234
152 234
153 234
154 234
155 234
156 234
157 234
158 234
159 234
160 234
161 234
162 234
163 234
164 234
165 234
166 234
167 234
168 234
169 234
170 234
171 234
172 234
173 234
174 234
175 234
176 234
177 234
178 234
179 234
180 234
181 234
182 234
183 234
184 234
185 234
186 234
187 234
188 234
189 234
190 234
191 234
192 234
193 234
194 234
195 234
196 234
197 234
198 234
199 234
200 234
201 234
202 234
203 234
204 234
205 234
206 234
207 234
208 234
209 234
210 234
211 234
212 234
213 234
214 234
215 234
216 234
217 234
218 234
219 234
220 234
221 234
222 234
223 234
224 234
225 234
226 234
227 234
228 234
229 234
230 234
231 234
232 234
233 234
234 235
