966
965
1 965
2 965
3 965
4 965
5 965
6 965
7 965
8 965
9 965
10 965
11 965
12 965
13 965
14 965
15 965
16 965
17 965
18 965
19 965
20 965
21 965
22 965
23 965
24 965
25 965
26 965
27 965
28 965
29 965
30 965
31 965
32 965
33 965
34 965
35 965
36 965
37 965
38 965
39 965
40 965
41 965
42 965
43 965
44 965
45 965
46 965
47 965
48 965
49 965
50 965
51 965
52 965
53 965
54 965
55 965
56 965
57 965
58 965
59 965
60 965
61 965
62 965
63 965
64 965
65 965
66 965
67 965
68 965
69 965
70 965
71 965
72 965
73 965
74 965
75 965
76 965
77 965
78 965
79 965
80 965
81 965
82 965
83 965
84 965
85 965
86 965
87 965
88 965
89 965
90 965
91 965
92 965
93 965
94 965
95 965
96 965
97 965
98 965
99 965
100 965
101 965
102 965
103 965
104 965
105 965
106 965
107 965
108 965
109 965
110 965
111 965
112 965
113 965
114 965
115 965
116 965
117 965
118 965
119 965
120 965
121 965
122 965
123 965
124 965
125 965
126 965
127 965
128 965
129 965
130 965
131 965
132 965
133 965
134 965
135 965
136 965
137 965
138 965
139 965
140 965
141 965
142 965
143 965
144 965
145 965
146 965
147 965
148 965
149 965
150 965
151 965
152 965
153 965
154 965
155 965
156 965
157 965
158 965
159 965
160 965
161 965
162 965
163 965
164 965
165 965
166 965
167 965
168 965
169 965
170 965
171 965
172 965
173 965
174 965
175 965
176 965
177 965
178 965
179 965
180 965
181 965
182 965
183 965
184 965
185 965
186 965
187 965
188 965
189 965
190 965
191 965
192 965
193 965
194 965
195 965
196 965
197 965
198 965
199 965
200 965
201 965
202 965
203 965
204 965
205 965
206 965
207 965
208 965
209 965
210 965
211 965
212 965
213 965
214 965
215 965
216 965
217 965
218 965
219 965
220 965
221 965
222 965
223 965
224 965
225 965
226 965
227 965
228 965
229 965
230 965
231 965
232 965
233 965
234 965
235 965
236 965
237 965
238 965
239 965
240 965
241 965
242 965
243 965
244 965
245 965
246 965
247 965
248 965
249 965
250 965
251 965
252 965
253 965
254 965
255 965
256 965
257 965
258 965
259 965
260 965
261 965
262 965
263 965
264 965
265 965
266 965
267 965
268 965
269 965
270 965
271 965
272 965
273 965
274 965
275 965
276 965
277 965
278 965
279 965
280 965
281 965
282 965
283 965
284 965
285 965
286 965
287 965
288 965
289 965
290 965
291 965
292 965
293 965
294 965
295 965
296 965
297 965
298 965
299 965
300 965
301 965
302 965
303 965
304 965
305 965
306 965
307 965
308 965
309 965
310 965
311 965
312 965
313 965
314 965
315 965
316 965
317 965
318 965
319 965
320 965
321 965
322 965
323 965
324 965
325 965
326 965
327 965
328 965
329 965
330 965
331 965
332 965
333 965
334 965
335 965
336 965
337 965
338 965
339 965
340 965
341 965
342 965
343 965
344 965
345 965
346 965
347 965
348 965
349 965
350 965
351 965
352 965
353 965
354 965
355 965
356 965
357 965
358 965
359 965
360 965
361 965
362 965
363 965
364 965
365 965
366 965
367 965
368 965
369 965
370 965
371 965
372 965
373 965
374 965
375 965
376 965
377 965
378 965
379 965
380 965
381 965
382 965
383 965
384 965
385 965
386 965
387 965
388 965
389 965
390 965
391 965
392 965
393 965
394 965
395 965
396 965
397 965
398 965
399 965
400 965
401 965
402 965
403 965
404 965
405 965
406 965
407 965
408 965
409 965
410 965
411 965
412 965
413 965
414 965
415 965
416 965
417 965
418 965
419 965
420 965
421 965
422 965
423 965
424 965
425 965
426 965
427 965
428 965
429 965
430 965
431 965
432 965
433 965
434 965
435 965
436 965
437 965
438 965
439 965
440 965
441 965
442 965
443 965
444 965
445 965
446 965
447 965
448 965
449 965
450 965
451 965
452 965
453 965
454 965
455 965
456 965
457 965
458 965
459 965
460 965
461 965
462 965
463 965
464 965
465 965
466 965
467 965
468 965
469 965
470 965
471 965
472 965
473 965
474 965
475 965
476 965
477 965
478 965
479 965
480 965
481 965
482 965
483 965
484 965
485 965
486 965
487 965
488 965
489 965
490 965
491 965
492 965
493 965
494 965
495 965
496 965
497 965
498 965
499 965
500 965
501 965
502 965
503 965
504 965
505 965
506 965
507 965
508 965
509 965
510 965
511 965
512 965
513 965
514 965
515 965
516 965
517 965
518 965
519 965
520 965
521 965
522 965
523 965
524 965
525 965
526 965
527 965
528 965
529 965
530 965
531 965
532 965
533 965
534 965
535 965
536 965
537 965
538 965
539 965
540 965
541 965
542 965
543 965
544 965
545 965
546 965
547 965
548 965
549 965
550 965
551 965
552 965
553 965
554 965
555 965
556 965
557 965
558 965
559 965
560 965
561 965
562 965
563 965
564 965
565 965
566 965
567 965
568 965
569 965
570 965
571 965
572 965
573 965
574 965
575 965
576 965
577 965
578 965
579 965
580 965
581 965
582 965
583 965
584 965
585 965
586 965
587 965
588 965
589 965
590 965
591 965
592 965
593 965
594 965
595 965
596 965
597 965
598 965
599 965
600 965
601 965
602 965
603 965
604 965
605 965
606 965
607 965
608 965
609 965
610 965
611 965
612 965
613 965
614 965
615 965
616 965
617 965
618 965
619 965
620 965
621 965
622 965
623 965
624 965
625 965
626 965
627 965
628 965
629 965
630 965
631 965
632 965
633 965
634 965
635 965
636 965
637 965
638 965
639 965
640 965
641 965
642 965
643 965
644 965
645 965
646 965
647 965
648 965
649 965
650 965
651 965
652 965
653 965
654 965
655 965
656 965
657 965
658 965
659 965
660 965
661 965
662 965
663 965
664 965
665 965
666 965
667 965
668 965
669 965
670 965
671 965
672 965
673 965
674 965
675 965
676 965
677 965
678 965
679 965
680 965
681 965
682 965
683 965
684 965
685 965
686 965
687 965
688 965
689 965
690 965
691 965
692 965
693 965
694 965
695 965
696 965
697 965
698 965
699 965
700 965
701 965
702 965
703 965
704 965
705 965
706 965
707 965
708 965
709 965
710 965
711 965
712 965
713 965
714 965
715 965
716 965
717 965
718 965
719 965
720 965
721 965
722 965
723 965
724 965
725 965
726 965
727 965
728 965
729 965
730 965
731 965
732 965
733 965
734 965
735 965
736 965
737 965
738 965
739 965
740 965
741 965
742 965
743 965
744 965
745 965
746 965
747 965
748 965
749 965
750 965
751 965
752 965
753 965
754 965
755 965
756 965
757 965
758 965
759 965
760 965
761 965
762 965
763 965
764 965
765 965
766 965
767 965
768 965
769 965
770 965
771 965
772 965
773 965
774 965
775 965
776 965
777 965
778 965
779 965
780 965
781 965
782 965
783 965
784 965
785 965
786 965
787 965
788 965
789 965
790 965
791 965
792 965
793 965
794 965
795 965
796 965
797 965
798 965
799 965
800 965
801 965
802 965
803 965
804 965
805 965
806 965
807 965
808 965
809 965
810 965
811 965
812 965
813 965
814 965
815 965
816 965
817 965
818 965
819 965
820 965
821 965
822 965
823 965
824 965
825 965
826 965
827 965
828 965
829 965
830 965
831 965
832 965
833 965
834 965
835 965
836 965
837 965
838 965
839 965
840 965
841 965
842 965
843 965
844 965
845 965
846 965
847 965
848 965
849 965
850 965
851 965
852 965
853 965
854 965
855 965
856 965
857 965
858 965
859 965
860 965
861 965
862 965
863 965
864 965
865 965
866 965
867 965
868 965
869 965
870 965
871 965
872 965
873 965
874 965
875 965
876 965
877 965
878 965
879 965
880 965
881 965
882 965
883 965
884 965
885 965
886 965
887 965
888 965
889 965
890 965
891 965
892 965
893 965
894 965
895 965
896 965
897 965
898 965
899 965
900 965
901 965
902 965
903 965
904 965
905 965
906 965
907 965
908 965
909 965
910 965
911 965
912 965
913 965
914 965
915 965
916 965
917 965
918 965
919 965
920 965
921 965
922 965
923 965
924 965
925 965
926 965
927 965
928 965
929 965
930 965
931 965
932 965
933 965
934 965
935 965
936 965
937 965
938 965
939 965
940 965
941 965
942 965
943 965
944 965
945 965
946 965
947 965
948 965
949 965
950 965
951 965
952 965
953 965
954 965
955 965
956 965
957 965
958 965
959 965
960 965
961 965
962 965
963 965
964 965
965 966
