881
880
1 880
2 880
3 880
4 880
5 880
6 880
7 880
8 880
9 880
10 880
11 880
12 880
13 880
14 880
15 880
16 880
17 880
18 880
19 880
20 880
21 880
22 880
23 880
24 880
25 880
26 880
27 880
28 880
29 880
30 880
31 880
32 880
33 880
34 880
35 880
36 880
37 880
38 880
39 880
40 880
41 880
42 880
43 880
44 880
45 880
46 880
47 880
48 880
49 880
50 880
51 880
52 880
53 880
54 880
55 880
56 880
57 880
58 880
59 880
60 880
61 880
62 880
63 880
64 880
65 880
66 880
67 880
68 880
69 880
70 880
71 880
72 880
73 880
74 880
75 880
76 880
77 880
78 880
79 880
80 880
81 880
82 880
83 880
84 880
85 880
86 880
87 880
88 880
89 880
90 880
91 880
92 880
93 880
94 880
95 880
96 880
97 880
98 880
99 880
100 880
101 880
102 880
103 880
104 880
105 880
106 880
107 880
108 880
109 880
110 880
111 880
112 880
113 880
114 880
115 880
116 880
117 880
118 880
119 880
120 880
121 880
122 880
123 880
124 880
125 880
126 880
127 880
128 880
129 880
130 880
131 880
132 880
133 880
134 880
135 880
136 880
137 880
138 880
139 880
140 880
141 880
142 880
143 880
144 880
145 880
146 880
147 880
148 880
149 880
150 880
151 880
152 880
153 880
154 880
155 880
156 880
157 880
158 880
159 880
160 880
161 880
162 880
163 880
164 880
165 880
166 880
167 880
168 880
169 880
170 880
171 880
172 880
173 880
174 880
175 880
176 880
177 880
178 880
179 880
180 880
181 880
182 880
183 880
184 880
185 880
186 880
187 880
188 880
189 880
190 880
191 880
192 880
193 880
194 880
195 880
196 880
197 880
198 880
199 880
200 880
201 880
202 880
203 880
204 880
205 880
206 880
207 880
208 880
209 880
210 880
211 880
212 880
213 880
214 880
215 880
216 880
217 880
218 880
219 880
220 880
221 880
222 880
223 880
224 880
225 880
226 880
227 880
228 880
229 880
230 880
231 880
232 880
233 880
234 880
235 880
236 880
237 880
238 880
239 880
240 880
241 880
242 880
243 880
244 880
245 880
246 880
247 880
248 880
249 880
250 880
251 880
252 880
253 880
254 880
255 880
256 880
257 880
258 880
259 880
260 880
261 880
262 880
263 880
264 880
265 880
266 880
267 880
268 880
269 880
270 880
271 880
272 880
273 880
274 880
275 880
276 880
277 880
278 880
279 880
280 880
281 880
282 880
283 880
284 880
285 880
286 880
287 880
288 880
289 880
290 880
291 880
292 880
293 880
294 880
295 880
296 880
297 880
298 880
299 880
300 880
301 880
302 880
303 880
304 880
305 880
306 880
307 880
308 880
309 880
310 880
311 880
312 880
313 880
314 880
315 880
316 880
317 880
318 880
319 880
320 880
321 880
322 880
323 880
324 880
325 880
326 880
327 880
328 880
329 880
330 880
331 880
332 880
333 880
334 880
335 880
336 880
337 880
338 880
339 880
340 880
341 880
342 880
343 880
344 880
345 880
346 880
347 880
348 880
349 880
350 880
351 880
352 880
353 880
354 880
355 880
356 880
357 880
358 880
359 880
360 880
361 880
362 880
363 880
364 880
365 880
366 880
367 880
368 880
369 880
370 880
371 880
372 880
373 880
374 880
375 880
376 880
377 880
378 880
379 880
380 880
381 880
382 880
383 880
384 880
385 880
386 880
387 880
388 880
389 880
390 880
391 880
392 880
393 880
394 880
395 880
396 880
397 880
398 880
399 880
400 880
401 880
402 880
403 880
404 880
405 880
406 880
407 880
408 880
409 880
410 880
411 880
412 880
413 880
414 880
415 880
416 880
417 880
418 880
419 880
420 880
421 880
422 880
423 880
424 880
425 880
426 880
427 880
428 880
429 880
430 880
431 880
432 880
433 880
434 880
435 880
436 880
437 880
438 880
439 880
440 880
441 880
442 880
443 880
444 880
445 880
446 880
447 880
448 880
449 880
450 880
451 880
452 880
453 880
454 880
455 880
456 880
457 880
458 880
459 880
460 880
461 880
462 880
463 880
464 880
465 880
466 880
467 880
468 880
469 880
470 880
471 880
472 880
473 880
474 880
475 880
476 880
477 880
478 880
479 880
480 880
481 880
482 880
483 880
484 880
485 880
486 880
487 880
488 880
489 880
490 880
491 880
492 880
493 880
494 880
495 880
496 880
497 880
498 880
499 880
500 880
501 880
502 880
503 880
504 880
505 880
506 880
507 880
508 880
509 880
510 880
511 880
512 880
513 880
514 880
515 880
516 880
517 880
518 880
519 880
520 880
521 880
522 880
523 880
524 880
525 880
526 880
527 880
528 880
529 880
530 880
531 880
532 880
533 880
534 880
535 880
536 880
537 880
538 880
539 880
540 880
541 880
542 880
543 880
544 880
545 880
546 880
547 880
548 880
549 880
550 880
551 880
552 880
553 880
554 880
555 880
556 880
557 880
558 880
559 880
560 880
561 880
562 880
563 880
564 880
565 880
566 880
567 880
568 880
569 880
570 880
571 880
572 880
573 880
574 880
575 880
576 880
577 880
578 880
579 880
580 880
581 880
582 880
583 880
584 880
585 880
586 880
587 880
588 880
589 880
590 880
591 880
592 880
593 880
594 880
595 880
596 880
597 880
598 880
599 880
600 880
601 880
602 880
603 880
604 880
605 880
606 880
607 880
608 880
609 880
610 880
611 880
612 880
613 880
614 880
615 880
616 880
617 880
618 880
619 880
620 880
621 880
622 880
623 880
624 880
625 880
626 880
627 880
628 880
629 880
630 880
631 880
632 880
633 880
634 880
635 880
636 880
637 880
638 880
639 880
640 880
641 880
642 880
643 880
644 880
645 880
646 880
647 880
648 880
649 880
650 880
651 880
652 880
653 880
654 880
655 880
656 880
657 880
658 880
659 880
660 880
661 880
662 880
663 880
664 880
665 880
666 880
667 880
668 880
669 880
670 880
671 880
672 880
673 880
674 880
675 880
676 880
677 880
678 880
679 880
680 880
681 880
682 880
683 880
684 880
685 880
686 880
687 880
688 880
689 880
690 880
691 880
692 880
693 880
694 880
695 880
696 880
697 880
698 880
699 880
700 880
701 880
702 880
703 880
704 880
705 880
706 880
707 880
708 880
709 880
710 880
711 880
712 880
713 880
714 880
715 880
716 880
717 880
718 880
719 880
720 880
721 880
722 880
723 880
724 880
725 880
726 880
727 880
728 880
729 880
730 880
731 880
732 880
733 880
734 880
735 880
736 880
737 880
738 880
739 880
740 880
741 880
742 880
743 880
744 880
745 880
746 880
747 880
748 880
749 880
750 880
751 880
752 880
753 880
754 880
755 880
756 880
757 880
758 880
759 880
760 880
761 880
762 880
763 880
764 880
765 880
766 880
767 880
768 880
769 880
770 880
771 880
772 880
773 880
774 880
775 880
776 880
777 880
778 880
779 880
780 880
781 880
782 880
783 880
784 880
785 880
786 880
787 880
788 880
789 880
790 880
791 880
792 880
793 880
794 880
795 880
796 880
797 880
798 880
799 880
800 880
801 880
802 880
803 880
804 880
805 880
806 880
807 880
808 880
809 880
810 880
811 880
812 880
813 880
814 880
815 880
816 880
817 880
818 880
819 880
820 880
821 880
822 880
823 880
824 880
825 880
826 880
827 880
828 880
829 880
830 880
831 880
832 880
833 880
834 880
835 880
836 880
837 880
838 880
839 880
840 880
841 880
842 880
843 880
844 880
845 880
846 880
847 880
848 880
849 880
850 880
851 880
852 880
853 880
854 880
855 880
856 880
857 880
858 880
859 880
860 880
861 880
862 880
863 880
864 880
865 880
866 880
867 880
868 880
869 880
870 880
871 880
872 880
873 880
874 880
875 880
876 880
877 880
878 880
879 880
880 881
