713
712
1 712
2 712
3 712
4 712
5 712
6 712
7 712
8 712
9 712
10 712
11 712
12 712
13 712
14 712
15 712
16 712
17 712
18 712
19 712
20 712
21 712
22 712
23 712
24 712
25 712
26 712
27 712
28 712
29 712
30 712
31 712
32 712
33 712
34 712
35 712
36 712
37 712
38 712
39 712
40 712
41 712
42 712
43 712
44 712
45 712
46 712
47 712
48 712
49 712
50 712
51 712
52 712
53 712
54 712
55 712
56 712
57 712
58 712
59 712
60 712
61 712
62 712
63 712
64 712
65 712
66 712
67 712
68 712
69 712
70 712
71 712
72 712
73 712
74 712
75 712
76 712
77 712
78 712
79 712
80 712
81 712
82 712
83 712
84 712
85 712
86 712
87 712
88 712
89 712
90 712
91 712
92 712
93 712
94 712
95 712
96 712
97 712
98 712
99 712
100 712
101 712
102 712
103 712
104 712
105 712
106 712
107 712
108 712
109 712
110 712
111 712
112 712
113 712
114 712
115 712
116 712
117 712
118 712
119 712
120 712
121 712
122 712
123 712
124 712
125 712
126 712
127 712
128 712
129 712
130 712
131 712
132 712
133 712
134 712
135 712
136 712
137 712
138 712
139 712
140 712
141 712
142 712
143 712
144 712
145 712
146 712
147 712
148 712
149 712
150 712
151 712
152 712
153 712
154 712
155 712
156 712
157 712
158 712
159 712
160 712
161 712
162 712
163 712
164 712
165 712
166 712
167 712
168 712
169 712
170 712
171 712
172 712
173 712
174 712
175 712
176 712
177 712
178 712
179 712
180 712
181 712
182 712
183 712
184 712
185 712
186 712
187 712
188 712
189 712
190 712
191 712
192 712
193 712
194 712
195 712
196 712
197 712
198 712
199 712
200 712
201 712
202 712
203 712
204 712
205 712
206 712
207 712
208 712
209 712
210 712
211 712
212 712
213 712
214 712
215 712
216 712
217 712
218 712
219 712
220 712
221 712
222 712
223 712
224 712
225 712
226 712
227 712
228 712
229 712
230 712
231 712
232 712
233 712
234 712
235 712
236 712
237 712
238 712
239 712
240 712
241 712
242 712
243 712
244 712
245 712
246 712
247 712
248 712
249 712
250 712
251 712
252 712
253 712
254 712
255 712
256 712
257 712
258 712
259 712
260 712
261 712
262 712
263 712
264 712
265 712
266 712
267 712
268 712
269 712
270 712
271 712
272 712
273 712
274 712
275 712
276 712
277 712
278 712
279 712
280 712
281 712
282 712
283 712
284 712
285 712
286 712
287 712
288 712
289 712
290 712
291 712
292 712
293 712
294 712
295 712
296 712
297 712
298 712
299 712
300 712
301 712
302 712
303 712
304 712
305 712
306 712
307 712
308 712
309 712
310 712
311 712
312 712
313 712
314 712
315 712
316 712
317 712
318 712
319 712
320 712
321 712
322 712
323 712
324 712
325 712
326 712
327 712
328 712
329 712
330 712
331 712
332 712
333 712
334 712
335 712
336 712
337 712
338 712
339 712
340 712
341 712
342 712
343 712
344 712
345 712
346 712
347 712
348 712
349 712
350 712
351 712
352 712
353 712
354 712
355 712
356 712
357 712
358 712
359 712
360 712
361 712
362 712
363 712
364 712
365 712
366 712
367 712
368 712
369 712
370 712
371 712
372 712
373 712
374 712
375 712
376 712
377 712
378 712
379 712
380 712
381 712
382 712
383 712
384 712
385 712
386 712
387 712
388 712
389 712
390 712
391 712
392 712
393 712
394 712
395 712
396 712
397 712
398 712
399 712
400 712
401 712
402 712
403 712
404 712
405 712
406 712
407 712
408 712
409 712
410 712
411 712
412 712
413 712
414 712
415 712
416 712
417 712
418 712
419 712
420 712
421 712
422 712
423 712
424 712
425 712
426 712
427 712
428 712
429 712
430 712
431 712
432 712
433 712
434 712
435 712
436 712
437 712
438 712
439 712
440 712
441 712
442 712
443 712
444 712
445 712
446 712
447 712
448 712
449 712
450 712
451 712
452 712
453 712
454 712
455 712
456 712
457 712
458 712
459 712
460 712
461 712
462 712
463 712
464 712
465 712
466 712
467 712
468 712
469 712
470 712
471 712
472 712
473 712
474 712
475 712
476 712
477 712
478 712
479 712
480 712
481 712
482 712
483 712
484 712
485 712
486 712
487 712
488 712
489 712
490 712
491 712
492 712
493 712
494 712
495 712
496 712
497 712
498 712
499 712
500 712
501 712
502 712
503 712
504 712
505 712
506 712
507 712
508 712
509 712
510 712
511 712
512 712
513 712
514 712
515 712
516 712
517 712
518 712
519 712
520 712
521 712
522 712
523 712
524 712
525 712
526 712
527 712
528 712
529 712
530 712
531 712
532 712
533 712
534 712
535 712
536 712
537 712
538 712
539 712
540 712
541 712
542 712
543 712
544 712
545 712
546 712
547 712
548 712
549 712
550 712
551 712
552 712
553 712
554 712
555 712
556 712
557 712
558 712
559 712
560 712
561 712
562 712
563 712
564 712
565 712
566 712
567 712
568 712
569 712
570 712
571 712
572 712
573 712
574 712
575 712
576 712
577 712
578 712
579 712
580 712
581 712
582 712
583 712
584 712
585 712
586 712
587 712
588 712
589 712
590 712
591 712
592 712
593 712
594 712
595 712
596 712
597 712
598 712
599 712
600 712
601 712
602 712
603 712
604 712
605 712
606 712
607 712
608 712
609 712
610 712
611 712
612 712
613 712
614 712
615 712
616 712
617 712
618 712
619 712
620 712
621 712
622 712
623 712
624 712
625 712
626 712
627 712
628 712
629 712
630 712
631 712
632 712
633 712
634 712
635 712
636 712
637 712
638 712
639 712
640 712
641 712
642 712
643 712
644 712
645 712
646 712
647 712
648 712
649 712
650 712
651 712
652 712
653 712
654 712
655 712
656 712
657 712
658 712
659 712
660 712
661 712
662 712
663 712
664 712
665 712
666 712
667 712
668 712
669 712
670 712
671 712
672 712
673 712
674 712
675 712
676 712
677 712
678 712
679 712
680 712
681 712
682 712
683 712
684 712
685 712
686 712
687 712
688 712
689 712
690 712
691 712
692 712
693 712
694 712
695 712
696 712
697 712
698 712
699 712
700 712
701 712
702 712
703 712
704 712
705 712
706 712
707 712
708 712
709 712
710 712
711 712
712 713
