940
939
1 939
2 939
3 939
4 939
5 939
6 939
7 939
8 939
9 939
10 939
11 939
12 939
13 939
14 939
15 939
16 939
17 939
18 939
19 939
20 939
21 939
22 939
23 939
24 939
25 939
26 939
27 939
28 939
29 939
30 939
31 939
32 939
33 939
34 939
35 939
36 939
37 939
38 939
39 939
40 939
41 939
42 939
43 939
44 939
45 939
46 939
47 939
48 939
49 939
50 939
51 939
52 939
53 939
54 939
55 939
56 939
57 939
58 939
59 939
60 939
61 939
62 939
63 939
64 939
65 939
66 939
67 939
68 939
69 939
70 939
71 939
72 939
73 939
74 939
75 939
76 939
77 939
78 939
79 939
80 939
81 939
82 939
83 939
84 939
85 939
86 939
87 939
88 939
89 939
90 939
91 939
92 939
93 939
94 939
95 939
96 939
97 939
98 939
99 939
100 939
101 939
102 939
103 939
104 939
105 939
106 939
107 939
108 939
109 939
110 939
111 939
112 939
113 939
114 939
115 939
116 939
117 939
118 939
119 939
120 939
121 939
122 939
123 939
124 939
125 939
126 939
127 939
128 939
129 939
130 939
131 939
132 939
133 939
134 939
135 939
136 939
137 939
138 939
139 939
140 939
141 939
142 939
143 939
144 939
145 939
146 939
147 939
148 939
149 939
150 939
151 939
152 939
153 939
154 939
155 939
156 939
157 939
158 939
159 939
160 939
161 939
162 939
163 939
164 939
165 939
166 939
167 939
168 939
169 939
170 939
171 939
172 939
173 939
174 939
175 939
176 939
177 939
178 939
179 939
180 939
181 939
182 939
183 939
184 939
185 939
186 939
187 939
188 939
189 939
190 939
191 939
192 939
193 939
194 939
195 939
196 939
197 939
198 939
199 939
200 939
201 939
202 939
203 939
204 939
205 939
206 939
207 939
208 939
209 939
210 939
211 939
212 939
213 939
214 939
215 939
216 939
217 939
218 939
219 939
220 939
221 939
222 939
223 939
224 939
225 939
226 939
227 939
228 939
229 939
230 939
231 939
232 939
233 939
234 939
235 939
236 939
237 939
238 939
239 939
240 939
241 939
242 939
243 939
244 939
245 939
246 939
247 939
248 939
249 939
250 939
251 939
252 939
253 939
254 939
255 939
256 939
257 939
258 939
259 939
260 939
261 939
262 939
263 939
264 939
265 939
266 939
267 939
268 939
269 939
270 939
271 939
272 939
273 939
274 939
275 939
276 939
277 939
278 939
279 939
280 939
281 939
282 939
283 939
284 939
285 939
286 939
287 939
288 939
289 939
290 939
291 939
292 939
293 939
294 939
295 939
296 939
297 939
298 939
299 939
300 939
301 939
302 939
303 939
304 939
305 939
306 939
307 939
308 939
309 939
310 939
311 939
312 939
313 939
314 939
315 939
316 939
317 939
318 939
319 939
320 939
321 939
322 939
323 939
324 939
325 939
326 939
327 939
328 939
329 939
330 939
331 939
332 939
333 939
334 939
335 939
336 939
337 939
338 939
339 939
340 939
341 939
342 939
343 939
344 939
345 939
346 939
347 939
348 939
349 939
350 939
351 939
352 939
353 939
354 939
355 939
356 939
357 939
358 939
359 939
360 939
361 939
362 939
363 939
364 939
365 939
366 939
367 939
368 939
369 939
370 939
371 939
372 939
373 939
374 939
375 939
376 939
377 939
378 939
379 939
380 939
381 939
382 939
383 939
384 939
385 939
386 939
387 939
388 939
389 939
390 939
391 939
392 939
393 939
394 939
395 939
396 939
397 939
398 939
399 939
400 939
401 939
402 939
403 939
404 939
405 939
406 939
407 939
408 939
409 939
410 939
411 939
412 939
413 939
414 939
415 939
416 939
417 939
418 939
419 939
420 939
421 939
422 939
423 939
424 939
425 939
426 939
427 939
428 939
429 939
430 939
431 939
432 939
433 939
434 939
435 939
436 939
437 939
438 939
439 939
440 939
441 939
442 939
443 939
444 939
445 939
446 939
447 939
448 939
449 939
450 939
451 939
452 939
453 939
454 939
455 939
456 939
457 939
458 939
459 939
460 939
461 939
462 939
463 939
464 939
465 939
466 939
467 939
468 939
469 939
470 939
471 939
472 939
473 939
474 939
475 939
476 939
477 939
478 939
479 939
480 939
481 939
482 939
483 939
484 939
485 939
486 939
487 939
488 939
489 939
490 939
491 939
492 939
493 939
494 939
495 939
496 939
497 939
498 939
499 939
500 939
501 939
502 939
503 939
504 939
505 939
506 939
507 939
508 939
509 939
510 939
511 939
512 939
513 939
514 939
515 939
516 939
517 939
518 939
519 939
520 939
521 939
522 939
523 939
524 939
525 939
526 939
527 939
528 939
529 939
530 939
531 939
532 939
533 939
534 939
535 939
536 939
537 939
538 939
539 939
540 939
541 939
542 939
543 939
544 939
545 939
546 939
547 939
548 939
549 939
550 939
551 939
552 939
553 939
554 939
555 939
556 939
557 939
558 939
559 939
560 939
561 939
562 939
563 939
564 939
565 939
566 939
567 939
568 939
569 939
570 939
571 939
572 939
573 939
574 939
575 939
576 939
577 939
578 939
579 939
580 939
581 939
582 939
583 939
584 939
585 939
586 939
587 939
588 939
589 939
590 939
591 939
592 939
593 939
594 939
595 939
596 939
597 939
598 939
599 939
600 939
601 939
602 939
603 939
604 939
605 939
606 939
607 939
608 939
609 939
610 939
611 939
612 939
613 939
614 939
615 939
616 939
617 939
618 939
619 939
620 939
621 939
622 939
623 939
624 939
625 939
626 939
627 939
628 939
629 939
630 939
631 939
632 939
633 939
634 939
635 939
636 939
637 939
638 939
639 939
640 939
641 939
642 939
643 939
644 939
645 939
646 939
647 939
648 939
649 939
650 939
651 939
652 939
653 939
654 939
655 939
656 939
657 939
658 939
659 939
660 939
661 939
662 939
663 939
664 939
665 939
666 939
667 939
668 939
669 939
670 939
671 939
672 939
673 939
674 939
675 939
676 939
677 939
678 939
679 939
680 939
681 939
682 939
683 939
684 939
685 939
686 939
687 939
688 939
689 939
690 939
691 939
692 939
693 939
694 939
695 939
696 939
697 939
698 939
699 939
700 939
701 939
702 939
703 939
704 939
705 939
706 939
707 939
708 939
709 939
710 939
711 939
712 939
713 939
714 939
715 939
716 939
717 939
718 939
719 939
720 939
721 939
722 939
723 939
724 939
725 939
726 939
727 939
728 939
729 939
730 939
731 939
732 939
733 939
734 939
735 939
736 939
737 939
738 939
739 939
740 939
741 939
742 939
743 939
744 939
745 939
746 939
747 939
748 939
749 939
750 939
751 939
752 939
753 939
754 939
755 939
756 939
757 939
758 939
759 939
760 939
761 939
762 939
763 939
764 939
765 939
766 939
767 939
768 939
769 939
770 939
771 939
772 939
773 939
774 939
775 939
776 939
777 939
778 939
779 939
780 939
781 939
782 939
783 939
784 939
785 939
786 939
787 939
788 939
789 939
790 939
791 939
792 939
793 939
794 939
795 939
796 939
797 939
798 939
799 939
800 939
801 939
802 939
803 939
804 939
805 939
806 939
807 939
808 939
809 939
810 939
811 939
812 939
813 939
814 939
815 939
816 939
817 939
818 939
819 939
820 939
821 939
822 939
823 939
824 939
825 939
826 939
827 939
828 939
829 939
830 939
831 939
832 939
833 939
834 939
835 939
836 939
837 939
838 939
839 939
840 939
841 939
842 939
843 939
844 939
845 939
846 939
847 939
848 939
849 939
850 939
851 939
852 939
853 939
854 939
855 939
856 939
857 939
858 939
859 939
860 939
861 939
862 939
863 939
864 939
865 939
866 939
867 939
868 939
869 939
870 939
871 939
872 939
873 939
874 939
875 939
876 939
877 939
878 939
879 939
880 939
881 939
882 939
883 939
884 939
885 939
886 939
887 939
888 939
889 939
890 939
891 939
892 939
893 939
894 939
895 939
896 939
897 939
898 939
899 939
900 939
901 939
902 939
903 939
904 939
905 939
906 939
907 939
908 939
909 939
910 939
911 939
912 939
913 939
914 939
915 939
916 939
917 939
918 939
919 939
920 939
921 939
922 939
923 939
924 939
925 939
926 939
927 939
928 939
929 939
930 939
931 939
932 939
933 939
934 939
935 939
936 939
937 939
938 939
939 940
