833
832
1 832
2 832
3 832
4 832
5 832
6 832
7 832
8 832
9 832
10 832
11 832
12 832
13 832
14 832
15 832
16 832
17 832
18 832
19 832
20 832
21 832
22 832
23 832
24 832
25 832
26 832
27 832
28 832
29 832
30 832
31 832
32 832
33 832
34 832
35 832
36 832
37 832
38 832
39 832
40 832
41 832
42 832
43 832
44 832
45 832
46 832
47 832
48 832
49 832
50 832
51 832
52 832
53 832
54 832
55 832
56 832
57 832
58 832
59 832
60 832
61 832
62 832
63 832
64 832
65 832
66 832
67 832
68 832
69 832
70 832
71 832
72 832
73 832
74 832
75 832
76 832
77 832
78 832
79 832
80 832
81 832
82 832
83 832
84 832
85 832
86 832
87 832
88 832
89 832
90 832
91 832
92 832
93 832
94 832
95 832
96 832
97 832
98 832
99 832
100 832
101 832
102 832
103 832
104 832
105 832
106 832
107 832
108 832
109 832
110 832
111 832
112 832
113 832
114 832
115 832
116 832
117 832
118 832
119 832
120 832
121 832
122 832
123 832
124 832
125 832
126 832
127 832
128 832
129 832
130 832
131 832
132 832
133 832
134 832
135 832
136 832
137 832
138 832
139 832
140 832
141 832
142 832
143 832
144 832
145 832
146 832
147 832
148 832
149 832
150 832
151 832
152 832
153 832
154 832
155 832
156 832
157 832
158 832
159 832
160 832
161 832
162 832
163 832
164 832
165 832
166 832
167 832
168 832
169 832
170 832
171 832
172 832
173 832
174 832
175 832
176 832
177 832
178 832
179 832
180 832
181 832
182 832
183 832
184 832
185 832
186 832
187 832
188 832
189 832
190 832
191 832
192 832
193 832
194 832
195 832
196 832
197 832
198 832
199 832
200 832
201 832
202 832
203 832
204 832
205 832
206 832
207 832
208 832
209 832
210 832
211 832
212 832
213 832
214 832
215 832
216 832
217 832
218 832
219 832
220 832
221 832
222 832
223 832
224 832
225 832
226 832
227 832
228 832
229 832
230 832
231 832
232 832
233 832
234 832
235 832
236 832
237 832
238 832
239 832
240 832
241 832
242 832
243 832
244 832
245 832
246 832
247 832
248 832
249 832
250 832
251 832
252 832
253 832
254 832
255 832
256 832
257 832
258 832
259 832
260 832
261 832
262 832
263 832
264 832
265 832
266 832
267 832
268 832
269 832
270 832
271 832
272 832
273 832
274 832
275 832
276 832
277 832
278 832
279 832
280 832
281 832
282 832
283 832
284 832
285 832
286 832
287 832
288 832
289 832
290 832
291 832
292 832
293 832
294 832
295 832
296 832
297 832
298 832
299 832
300 832
301 832
302 832
303 832
304 832
305 832
306 832
307 832
308 832
309 832
310 832
311 832
312 832
313 832
314 832
315 832
316 832
317 832
318 832
319 832
320 832
321 832
322 832
323 832
324 832
325 832
326 832
327 832
328 832
329 832
330 832
331 832
332 832
333 832
334 832
335 832
336 832
337 832
338 832
339 832
340 832
341 832
342 832
343 832
344 832
345 832
346 832
347 832
348 832
349 832
350 832
351 832
352 832
353 832
354 832
355 832
356 832
357 832
358 832
359 832
360 832
361 832
362 832
363 832
364 832
365 832
366 832
367 832
368 832
369 832
370 832
371 832
372 832
373 832
374 832
375 832
376 832
377 832
378 832
379 832
380 832
381 832
382 832
383 832
384 832
385 832
386 832
387 832
388 832
389 832
390 832
391 832
392 832
393 832
394 832
395 832
396 832
397 832
398 832
399 832
400 832
401 832
402 832
403 832
404 832
405 832
406 832
407 832
408 832
409 832
410 832
411 832
412 832
413 832
414 832
415 832
416 832
417 832
418 832
419 832
420 832
421 832
422 832
423 832
424 832
425 832
426 832
427 832
428 832
429 832
430 832
431 832
432 832
433 832
434 832
435 832
436 832
437 832
438 832
439 832
440 832
441 832
442 832
443 832
444 832
445 832
446 832
447 832
448 832
449 832
450 832
451 832
452 832
453 832
454 832
455 832
456 832
457 832
458 832
459 832
460 832
461 832
462 832
463 832
464 832
465 832
466 832
467 832
468 832
469 832
470 832
471 832
472 832
473 832
474 832
475 832
476 832
477 832
478 832
479 832
480 832
481 832
482 832
483 832
484 832
485 832
486 832
487 832
488 832
489 832
490 832
491 832
492 832
493 832
494 832
495 832
496 832
497 832
498 832
499 832
500 832
501 832
502 832
503 832
504 832
505 832
506 832
507 832
508 832
509 832
510 832
511 832
512 832
513 832
514 832
515 832
516 832
517 832
518 832
519 832
520 832
521 832
522 832
523 832
524 832
525 832
526 832
527 832
528 832
529 832
530 832
531 832
532 832
533 832
534 832
535 832
536 832
537 832
538 832
539 832
540 832
541 832
542 832
543 832
544 832
545 832
546 832
547 832
548 832
549 832
550 832
551 832
552 832
553 832
554 832
555 832
556 832
557 832
558 832
559 832
560 832
561 832
562 832
563 832
564 832
565 832
566 832
567 832
568 832
569 832
570 832
571 832
572 832
573 832
574 832
575 832
576 832
577 832
578 832
579 832
580 832
581 832
582 832
583 832
584 832
585 832
586 832
587 832
588 832
589 832
590 832
591 832
592 832
593 832
594 832
595 832
596 832
597 832
598 832
599 832
600 832
601 832
602 832
603 832
604 832
605 832
606 832
607 832
608 832
609 832
610 832
611 832
612 832
613 832
614 832
615 832
616 832
617 832
618 832
619 832
620 832
621 832
622 832
623 832
624 832
625 832
626 832
627 832
628 832
629 832
630 832
631 832
632 832
633 832
634 832
635 832
636 832
637 832
638 832
639 832
640 832
641 832
642 832
643 832
644 832
645 832
646 832
647 832
648 832
649 832
650 832
651 832
652 832
653 832
654 832
655 832
656 832
657 832
658 832
659 832
660 832
661 832
662 832
663 832
664 832
665 832
666 832
667 832
668 832
669 832
670 832
671 832
672 832
673 832
674 832
675 832
676 832
677 832
678 832
679 832
680 832
681 832
682 832
683 832
684 832
685 832
686 832
687 832
688 832
689 832
690 832
691 832
692 832
693 832
694 832
695 832
696 832
697 832
698 832
699 832
700 832
701 832
702 832
703 832
704 832
705 832
706 832
707 832
708 832
709 832
710 832
711 832
712 832
713 832
714 832
715 832
716 832
717 832
718 832
719 832
720 832
721 832
722 832
723 832
724 832
725 832
726 832
727 832
728 832
729 832
730 832
731 832
732 832
733 832
734 832
735 832
736 832
737 832
738 832
739 832
740 832
741 832
742 832
743 832
744 832
745 832
746 832
747 832
748 832
749 832
750 832
751 832
752 832
753 832
754 832
755 832
756 832
757 832
758 832
759 832
760 832
761 832
762 832
763 832
764 832
765 832
766 832
767 832
768 832
769 832
770 832
771 832
772 832
773 832
774 832
775 832
776 832
777 832
778 832
779 832
780 832
781 832
782 832
783 832
784 832
785 832
786 832
787 832
788 832
789 832
790 832
791 832
792 832
793 832
794 832
795 832
796 832
797 832
798 832
799 832
800 832
801 832
802 832
803 832
804 832
805 832
806 832
807 832
808 832
809 832
810 832
811 832
812 832
813 832
814 832
815 832
816 832
817 832
818 832
819 832
820 832
821 832
822 832
823 832
824 832
825 832
826 832
827 832
828 832
829 832
830 832
831 832
832 833
