735
734
1 734
2 734
3 734
4 734
5 734
6 734
7 734
8 734
9 734
10 734
11 734
12 734
13 734
14 734
15 734
16 734
17 734
18 734
19 734
20 734
21 734
22 734
23 734
24 734
25 734
26 734
27 734
28 734
29 734
30 734
31 734
32 734
33 734
34 734
35 734
36 734
37 734
38 734
39 734
40 734
41 734
42 734
43 734
44 734
45 734
46 734
47 734
48 734
49 734
50 734
51 734
52 734
53 734
54 734
55 734
56 734
57 734
58 734
59 734
60 734
61 734
62 734
63 734
64 734
65 734
66 734
67 734
68 734
69 734
70 734
71 734
72 734
73 734
74 734
75 734
76 734
77 734
78 734
79 734
80 734
81 734
82 734
83 734
84 734
85 734
86 734
87 734
88 734
89 734
90 734
91 734
92 734
93 734
94 734
95 734
96 734
97 734
98 734
99 734
100 734
101 734
102 734
103 734
104 734
105 734
106 734
107 734
108 734
109 734
110 734
111 734
112 734
113 734
114 734
115 734
116 734
117 734
118 734
119 734
120 734
121 734
122 734
123 734
124 734
125 734
126 734
127 734
128 734
129 734
130 734
131 734
132 734
133 734
134 734
135 734
136 734
137 734
138 734
139 734
140 734
141 734
142 734
143 734
144 734
145 734
146 734
147 734
148 734
149 734
150 734
151 734
152 734
153 734
154 734
155 734
156 734
157 734
158 734
159 734
160 734
161 734
162 734
163 734
164 734
165 734
166 734
167 734
168 734
169 734
170 734
171 734
172 734
173 734
174 734
175 734
176 734
177 734
178 734
179 734
180 734
181 734
182 734
183 734
184 734
185 734
186 734
187 734
188 734
189 734
190 734
191 734
192 734
193 734
194 734
195 734
196 734
197 734
198 734
199 734
200 734
201 734
202 734
203 734
204 734
205 734
206 734
207 734
208 734
209 734
210 734
211 734
212 734
213 734
214 734
215 734
216 734
217 734
218 734
219 734
220 734
221 734
222 734
223 734
224 734
225 734
226 734
227 734
228 734
229 734
230 734
231 734
232 734
233 734
234 734
235 734
236 734
237 734
238 734
239 734
240 734
241 734
242 734
243 734
244 734
245 734
246 734
247 734
248 734
249 734
250 734
251 734
252 734
253 734
254 734
255 734
256 734
257 734
258 734
259 734
260 734
261 734
262 734
263 734
264 734
265 734
266 734
267 734
268 734
269 734
270 734
271 734
272 734
273 734
274 734
275 734
276 734
277 734
278 734
279 734
280 734
281 734
282 734
283 734
284 734
285 734
286 734
287 734
288 734
289 734
290 734
291 734
292 734
293 734
294 734
295 734
296 734
297 734
298 734
299 734
300 734
301 734
302 734
303 734
304 734
305 734
306 734
307 734
308 734
309 734
310 734
311 734
312 734
313 734
314 734
315 734
316 734
317 734
318 734
319 734
320 734
321 734
322 734
323 734
324 734
325 734
326 734
327 734
328 734
329 734
330 734
331 734
332 734
333 734
334 734
335 734
336 734
337 734
338 734
339 734
340 734
341 734
342 734
343 734
344 734
345 734
346 734
347 734
348 734
349 734
350 734
351 734
352 734
353 734
354 734
355 734
356 734
357 734
358 734
359 734
360 734
361 734
362 734
363 734
364 734
365 734
366 734
367 734
368 734
369 734
370 734
371 734
372 734
373 734
374 734
375 734
376 734
377 734
378 734
379 734
380 734
381 734
382 734
383 734
384 734
385 734
386 734
387 734
388 734
389 734
390 734
391 734
392 734
393 734
394 734
395 734
396 734
397 734
398 734
399 734
400 734
401 734
402 734
403 734
404 734
405 734
406 734
407 734
408 734
409 734
410 734
411 734
412 734
413 734
414 734
415 734
416 734
417 734
418 734
419 734
420 734
421 734
422 734
423 734
424 734
425 734
426 734
427 734
428 734
429 734
430 734
431 734
432 734
433 734
434 734
435 734
436 734
437 734
438 734
439 734
440 734
441 734
442 734
443 734
444 734
445 734
446 734
447 734
448 734
449 734
450 734
451 734
452 734
453 734
454 734
455 734
456 734
457 734
458 734
459 734
460 734
461 734
462 734
463 734
464 734
465 734
466 734
467 734
468 734
469 734
470 734
471 734
472 734
473 734
474 734
475 734
476 734
477 734
478 734
479 734
480 734
481 734
482 734
483 734
484 734
485 734
486 734
487 734
488 734
489 734
490 734
491 734
492 734
493 734
494 734
495 734
496 734
497 734
498 734
499 734
500 734
501 734
502 734
503 734
504 734
505 734
506 734
507 734
508 734
509 734
510 734
511 734
512 734
513 734
514 734
515 734
516 734
517 734
518 734
519 734
520 734
521 734
522 734
523 734
524 734
525 734
526 734
527 734
528 734
529 734
530 734
531 734
532 734
533 734
534 734
535 734
536 734
537 734
538 734
539 734
540 734
541 734
542 734
543 734
544 734
545 734
546 734
547 734
548 734
549 734
550 734
551 734
552 734
553 734
554 734
555 734
556 734
557 734
558 734
559 734
560 734
561 734
562 734
563 734
564 734
565 734
566 734
567 734
568 734
569 734
570 734
571 734
572 734
573 734
574 734
575 734
576 734
577 734
578 734
579 734
580 734
581 734
582 734
583 734
584 734
585 734
586 734
587 734
588 734
589 734
590 734
591 734
592 734
593 734
594 734
595 734
596 734
597 734
598 734
599 734
600 734
601 734
602 734
603 734
604 734
605 734
606 734
607 734
608 734
609 734
610 734
611 734
612 734
613 734
614 734
615 734
616 734
617 734
618 734
619 734
620 734
621 734
622 734
623 734
624 734
625 734
626 734
627 734
628 734
629 734
630 734
631 734
632 734
633 734
634 734
635 734
636 734
637 734
638 734
639 734
640 734
641 734
642 734
643 734
644 734
645 734
646 734
647 734
648 734
649 734
650 734
651 734
652 734
653 734
654 734
655 734
656 734
657 734
658 734
659 734
660 734
661 734
662 734
663 734
664 734
665 734
666 734
667 734
668 734
669 734
670 734
671 734
672 734
673 734
674 734
675 734
676 734
677 734
678 734
679 734
680 734
681 734
682 734
683 734
684 734
685 734
686 734
687 734
688 734
689 734
690 734
691 734
692 734
693 734
694 734
695 734
696 734
697 734
698 734
699 734
700 734
701 734
702 734
703 734
704 734
705 734
706 734
707 734
708 734
709 734
710 734
711 734
712 734
713 734
714 734
715 734
716 734
717 734
718 734
719 734
720 734
721 734
722 734
723 734
724 734
725 734
726 734
727 734
728 734
729 734
730 734
731 734
732 734
733 734
734 735
