705
704
1 704
2 704
3 704
4 704
5 704
6 704
7 704
8 704
9 704
10 704
11 704
12 704
13 704
14 704
15 704
16 704
17 704
18 704
19 704
20 704
21 704
22 704
23 704
24 704
25 704
26 704
27 704
28 704
29 704
30 704
31 704
32 704
33 704
34 704
35 704
36 704
37 704
38 704
39 704
40 704
41 704
42 704
43 704
44 704
45 704
46 704
47 704
48 704
49 704
50 704
51 704
52 704
53 704
54 704
55 704
56 704
57 704
58 704
59 704
60 704
61 704
62 704
63 704
64 704
65 704
66 704
67 704
68 704
69 704
70 704
71 704
72 704
73 704
74 704
75 704
76 704
77 704
78 704
79 704
80 704
81 704
82 704
83 704
84 704
85 704
86 704
87 704
88 704
89 704
90 704
91 704
92 704
93 704
94 704
95 704
96 704
97 704
98 704
99 704
100 704
101 704
102 704
103 704
104 704
105 704
106 704
107 704
108 704
109 704
110 704
111 704
112 704
113 704
114 704
115 704
116 704
117 704
118 704
119 704
120 704
121 704
122 704
123 704
124 704
125 704
126 704
127 704
128 704
129 704
130 704
131 704
132 704
133 704
134 704
135 704
136 704
137 704
138 704
139 704
140 704
141 704
142 704
143 704
144 704
145 704
146 704
147 704
148 704
149 704
150 704
151 704
152 704
153 704
154 704
155 704
156 704
157 704
158 704
159 704
160 704
161 704
162 704
163 704
164 704
165 704
166 704
167 704
168 704
169 704
170 704
171 704
172 704
173 704
174 704
175 704
176 704
177 704
178 704
179 704
180 704
181 704
182 704
183 704
184 704
185 704
186 704
187 704
188 704
189 704
190 704
191 704
192 704
193 704
194 704
195 704
196 704
197 704
198 704
199 704
200 704
201 704
202 704
203 704
204 704
205 704
206 704
207 704
208 704
209 704
210 704
211 704
212 704
213 704
214 704
215 704
216 704
217 704
218 704
219 704
220 704
221 704
222 704
223 704
224 704
225 704
226 704
227 704
228 704
229 704
230 704
231 704
232 704
233 704
234 704
235 704
236 704
237 704
238 704
239 704
240 704
241 704
242 704
243 704
244 704
245 704
246 704
247 704
248 704
249 704
250 704
251 704
252 704
253 704
254 704
255 704
256 704
257 704
258 704
259 704
260 704
261 704
262 704
263 704
264 704
265 704
266 704
267 704
268 704
269 704
270 704
271 704
272 704
273 704
274 704
275 704
276 704
277 704
278 704
279 704
280 704
281 704
282 704
283 704
284 704
285 704
286 704
287 704
288 704
289 704
290 704
291 704
292 704
293 704
294 704
295 704
296 704
297 704
298 704
299 704
300 704
301 704
302 704
303 704
304 704
305 704
306 704
307 704
308 704
309 704
310 704
311 704
312 704
313 704
314 704
315 704
316 704
317 704
318 704
319 704
320 704
321 704
322 704
323 704
324 704
325 704
326 704
327 704
328 704
329 704
330 704
331 704
332 704
333 704
334 704
335 704
336 704
337 704
338 704
339 704
340 704
341 704
342 704
343 704
344 704
345 704
346 704
347 704
348 704
349 704
350 704
351 704
352 704
353 704
354 704
355 704
356 704
357 704
358 704
359 704
360 704
361 704
362 704
363 704
364 704
365 704
366 704
367 704
368 704
369 704
370 704
371 704
372 704
373 704
374 704
375 704
376 704
377 704
378 704
379 704
380 704
381 704
382 704
383 704
384 704
385 704
386 704
387 704
388 704
389 704
390 704
391 704
392 704
393 704
394 704
395 704
396 704
397 704
398 704
399 704
400 704
401 704
402 704
403 704
404 704
405 704
406 704
407 704
408 704
409 704
410 704
411 704
412 704
413 704
414 704
415 704
416 704
417 704
418 704
419 704
420 704
421 704
422 704
423 704
424 704
425 704
426 704
427 704
428 704
429 704
430 704
431 704
432 704
433 704
434 704
435 704
436 704
437 704
438 704
439 704
440 704
441 704
442 704
443 704
444 704
445 704
446 704
447 704
448 704
449 704
450 704
451 704
452 704
453 704
454 704
455 704
456 704
457 704
458 704
459 704
460 704
461 704
462 704
463 704
464 704
465 704
466 704
467 704
468 704
469 704
470 704
471 704
472 704
473 704
474 704
475 704
476 704
477 704
478 704
479 704
480 704
481 704
482 704
483 704
484 704
485 704
486 704
487 704
488 704
489 704
490 704
491 704
492 704
493 704
494 704
495 704
496 704
497 704
498 704
499 704
500 704
501 704
502 704
503 704
504 704
505 704
506 704
507 704
508 704
509 704
510 704
511 704
512 704
513 704
514 704
515 704
516 704
517 704
518 704
519 704
520 704
521 704
522 704
523 704
524 704
525 704
526 704
527 704
528 704
529 704
530 704
531 704
532 704
533 704
534 704
535 704
536 704
537 704
538 704
539 704
540 704
541 704
542 704
543 704
544 704
545 704
546 704
547 704
548 704
549 704
550 704
551 704
552 704
553 704
554 704
555 704
556 704
557 704
558 704
559 704
560 704
561 704
562 704
563 704
564 704
565 704
566 704
567 704
568 704
569 704
570 704
571 704
572 704
573 704
574 704
575 704
576 704
577 704
578 704
579 704
580 704
581 704
582 704
583 704
584 704
585 704
586 704
587 704
588 704
589 704
590 704
591 704
592 704
593 704
594 704
595 704
596 704
597 704
598 704
599 704
600 704
601 704
602 704
603 704
604 704
605 704
606 704
607 704
608 704
609 704
610 704
611 704
612 704
613 704
614 704
615 704
616 704
617 704
618 704
619 704
620 704
621 704
622 704
623 704
624 704
625 704
626 704
627 704
628 704
629 704
630 704
631 704
632 704
633 704
634 704
635 704
636 704
637 704
638 704
639 704
640 704
641 704
642 704
643 704
644 704
645 704
646 704
647 704
648 704
649 704
650 704
651 704
652 704
653 704
654 704
655 704
656 704
657 704
658 704
659 704
660 704
661 704
662 704
663 704
664 704
665 704
666 704
667 704
668 704
669 704
670 704
671 704
672 704
673 704
674 704
675 704
676 704
677 704
678 704
679 704
680 704
681 704
682 704
683 704
684 704
685 704
686 704
687 704
688 704
689 704
690 704
691 704
692 704
693 704
694 704
695 704
696 704
697 704
698 704
699 704
700 704
701 704
702 704
703 704
704 705
