566
565
1 565
2 565
3 565
4 565
5 565
6 565
7 565
8 565
9 565
10 565
11 565
12 565
13 565
14 565
15 565
16 565
17 565
18 565
19 565
20 565
21 565
22 565
23 565
24 565
25 565
26 565
27 565
28 565
29 565
30 565
31 565
32 565
33 565
34 565
35 565
36 565
37 565
38 565
39 565
40 565
41 565
42 565
43 565
44 565
45 565
46 565
47 565
48 565
49 565
50 565
51 565
52 565
53 565
54 565
55 565
56 565
57 565
58 565
59 565
60 565
61 565
62 565
63 565
64 565
65 565
66 565
67 565
68 565
69 565
70 565
71 565
72 565
73 565
74 565
75 565
76 565
77 565
78 565
79 565
80 565
81 565
82 565
83 565
84 565
85 565
86 565
87 565
88 565
89 565
90 565
91 565
92 565
93 565
94 565
95 565
96 565
97 565
98 565
99 565
100 565
101 565
102 565
103 565
104 565
105 565
106 565
107 565
108 565
109 565
110 565
111 565
112 565
113 565
114 565
115 565
116 565
117 565
118 565
119 565
120 565
121 565
122 565
123 565
124 565
125 565
126 565
127 565
128 565
129 565
130 565
131 565
132 565
133 565
134 565
135 565
136 565
137 565
138 565
139 565
140 565
141 565
142 565
143 565
144 565
145 565
146 565
147 565
148 565
149 565
150 565
151 565
152 565
153 565
154 565
155 565
156 565
157 565
158 565
159 565
160 565
161 565
162 565
163 565
164 565
165 565
166 565
167 565
168 565
169 565
170 565
171 565
172 565
173 565
174 565
175 565
176 565
177 565
178 565
179 565
180 565
181 565
182 565
183 565
184 565
185 565
186 565
187 565
188 565
189 565
190 565
191 565
192 565
193 565
194 565
195 565
196 565
197 565
198 565
199 565
200 565
201 565
202 565
203 565
204 565
205 565
206 565
207 565
208 565
209 565
210 565
211 565
212 565
213 565
214 565
215 565
216 565
217 565
218 565
219 565
220 565
221 565
222 565
223 565
224 565
225 565
226 565
227 565
228 565
229 565
230 565
231 565
232 565
233 565
234 565
235 565
236 565
237 565
238 565
239 565
240 565
241 565
242 565
243 565
244 565
245 565
246 565
247 565
248 565
249 565
250 565
251 565
252 565
253 565
254 565
255 565
256 565
257 565
258 565
259 565
260 565
261 565
262 565
263 565
264 565
265 565
266 565
267 565
268 565
269 565
270 565
271 565
272 565
273 565
274 565
275 565
276 565
277 565
278 565
279 565
280 565
281 565
282 565
283 565
284 565
285 565
286 565
287 565
288 565
289 565
290 565
291 565
292 565
293 565
294 565
295 565
296 565
297 565
298 565
299 565
300 565
301 565
302 565
303 565
304 565
305 565
306 565
307 565
308 565
309 565
310 565
311 565
312 565
313 565
314 565
315 565
316 565
317 565
318 565
319 565
320 565
321 565
322 565
323 565
324 565
325 565
326 565
327 565
328 565
329 565
330 565
331 565
332 565
333 565
334 565
335 565
336 565
337 565
338 565
339 565
340 565
341 565
342 565
343 565
344 565
345 565
346 565
347 565
348 565
349 565
350 565
351 565
352 565
353 565
354 565
355 565
356 565
357 565
358 565
359 565
360 565
361 565
362 565
363 565
364 565
365 565
366 565
367 565
368 565
369 565
370 565
371 565
372 565
373 565
374 565
375 565
376 565
377 565
378 565
379 565
380 565
381 565
382 565
383 565
384 565
385 565
386 565
387 565
388 565
389 565
390 565
391 565
392 565
393 565
394 565
395 565
396 565
397 565
398 565
399 565
400 565
401 565
402 565
403 565
404 565
405 565
406 565
407 565
408 565
409 565
410 565
411 565
412 565
413 565
414 565
415 565
416 565
417 565
418 565
419 565
420 565
421 565
422 565
423 565
424 565
425 565
426 565
427 565
428 565
429 565
430 565
431 565
432 565
433 565
434 565
435 565
436 565
437 565
438 565
439 565
440 565
441 565
442 565
443 565
444 565
445 565
446 565
447 565
448 565
449 565
450 565
451 565
452 565
453 565
454 565
455 565
456 565
457 565
458 565
459 565
460 565
461 565
462 565
463 565
464 565
465 565
466 565
467 565
468 565
469 565
470 565
471 565
472 565
473 565
474 565
475 565
476 565
477 565
478 565
479 565
480 565
481 565
482 565
483 565
484 565
485 565
486 565
487 565
488 565
489 565
490 565
491 565
492 565
493 565
494 565
495 565
496 565
497 565
498 565
499 565
500 565
501 565
502 565
503 565
504 565
505 565
506 565
507 565
508 565
509 565
510 565
511 565
512 565
513 565
514 565
515 565
516 565
517 565
518 565
519 565
520 565
521 565
522 565
523 565
524 565
525 565
526 565
527 565
528 565
529 565
530 565
531 565
532 565
533 565
534 565
535 565
536 565
537 565
538 565
539 565
540 565
541 565
542 565
543 565
544 565
545 565
546 565
547 565
548 565
549 565
550 565
551 565
552 565
553 565
554 565
555 565
556 565
557 565
558 565
559 565
560 565
561 565
562 565
563 565
564 565
565 566
