562
561
1 561
2 561
3 561
4 561
5 561
6 561
7 561
8 561
9 561
10 561
11 561
12 561
13 561
14 561
15 561
16 561
17 561
18 561
19 561
20 561
21 561
22 561
23 561
24 561
25 561
26 561
27 561
28 561
29 561
30 561
31 561
32 561
33 561
34 561
35 561
36 561
37 561
38 561
39 561
40 561
41 561
42 561
43 561
44 561
45 561
46 561
47 561
48 561
49 561
50 561
51 561
52 561
53 561
54 561
55 561
56 561
57 561
58 561
59 561
60 561
61 561
62 561
63 561
64 561
65 561
66 561
67 561
68 561
69 561
70 561
71 561
72 561
73 561
74 561
75 561
76 561
77 561
78 561
79 561
80 561
81 561
82 561
83 561
84 561
85 561
86 561
87 561
88 561
89 561
90 561
91 561
92 561
93 561
94 561
95 561
96 561
97 561
98 561
99 561
100 561
101 561
102 561
103 561
104 561
105 561
106 561
107 561
108 561
109 561
110 561
111 561
112 561
113 561
114 561
115 561
116 561
117 561
118 561
119 561
120 561
121 561
122 561
123 561
124 561
125 561
126 561
127 561
128 561
129 561
130 561
131 561
132 561
133 561
134 561
135 561
136 561
137 561
138 561
139 561
140 561
141 561
142 561
143 561
144 561
145 561
146 561
147 561
148 561
149 561
150 561
151 561
152 561
153 561
154 561
155 561
156 561
157 561
158 561
159 561
160 561
161 561
162 561
163 561
164 561
165 561
166 561
167 561
168 561
169 561
170 561
171 561
172 561
173 561
174 561
175 561
176 561
177 561
178 561
179 561
180 561
181 561
182 561
183 561
184 561
185 561
186 561
187 561
188 561
189 561
190 561
191 561
192 561
193 561
194 561
195 561
196 561
197 561
198 561
199 561
200 561
201 561
202 561
203 561
204 561
205 561
206 561
207 561
208 561
209 561
210 561
211 561
212 561
213 561
214 561
215 561
216 561
217 561
218 561
219 561
220 561
221 561
222 561
223 561
224 561
225 561
226 561
227 561
228 561
229 561
230 561
231 561
232 561
233 561
234 561
235 561
236 561
237 561
238 561
239 561
240 561
241 561
242 561
243 561
244 561
245 561
246 561
247 561
248 561
249 561
250 561
251 561
252 561
253 561
254 561
255 561
256 561
257 561
258 561
259 561
260 561
261 561
262 561
263 561
264 561
265 561
266 561
267 561
268 561
269 561
270 561
271 561
272 561
273 561
274 561
275 561
276 561
277 561
278 561
279 561
280 561
281 561
282 561
283 561
284 561
285 561
286 561
287 561
288 561
289 561
290 561
291 561
292 561
293 561
294 561
295 561
296 561
297 561
298 561
299 561
300 561
301 561
302 561
303 561
304 561
305 561
306 561
307 561
308 561
309 561
310 561
311 561
312 561
313 561
314 561
315 561
316 561
317 561
318 561
319 561
320 561
321 561
322 561
323 561
324 561
325 561
326 561
327 561
328 561
329 561
330 561
331 561
332 561
333 561
334 561
335 561
336 561
337 561
338 561
339 561
340 561
341 561
342 561
343 561
344 561
345 561
346 561
347 561
348 561
349 561
350 561
351 561
352 561
353 561
354 561
355 561
356 561
357 561
358 561
359 561
360 561
361 561
362 561
363 561
364 561
365 561
366 561
367 561
368 561
369 561
370 561
371 561
372 561
373 561
374 561
375 561
376 561
377 561
378 561
379 561
380 561
381 561
382 561
383 561
384 561
385 561
386 561
387 561
388 561
389 561
390 561
391 561
392 561
393 561
394 561
395 561
396 561
397 561
398 561
399 561
400 561
401 561
402 561
403 561
404 561
405 561
406 561
407 561
408 561
409 561
410 561
411 561
412 561
413 561
414 561
415 561
416 561
417 561
418 561
419 561
420 561
421 561
422 561
423 561
424 561
425 561
426 561
427 561
428 561
429 561
430 561
431 561
432 561
433 561
434 561
435 561
436 561
437 561
438 561
439 561
440 561
441 561
442 561
443 561
444 561
445 561
446 561
447 561
448 561
449 561
450 561
451 561
452 561
453 561
454 561
455 561
456 561
457 561
458 561
459 561
460 561
461 561
462 561
463 561
464 561
465 561
466 561
467 561
468 561
469 561
470 561
471 561
472 561
473 561
474 561
475 561
476 561
477 561
478 561
479 561
480 561
481 561
482 561
483 561
484 561
485 561
486 561
487 561
488 561
489 561
490 561
491 561
492 561
493 561
494 561
495 561
496 561
497 561
498 561
499 561
500 561
501 561
502 561
503 561
504 561
505 561
506 561
507 561
508 561
509 561
510 561
511 561
512 561
513 561
514 561
515 561
516 561
517 561
518 561
519 561
520 561
521 561
522 561
523 561
524 561
525 561
526 561
527 561
528 561
529 561
530 561
531 561
532 561
533 561
534 561
535 561
536 561
537 561
538 561
539 561
540 561
541 561
542 561
543 561
544 561
545 561
546 561
547 561
548 561
549 561
550 561
551 561
552 561
553 561
554 561
555 561
556 561
557 561
558 561
559 561
560 561
561 562
