964
963
1 963
2 963
3 963
4 963
5 963
6 963
7 963
8 963
9 963
10 963
11 963
12 963
13 963
14 963
15 963
16 963
17 963
18 963
19 963
20 963
21 963
22 963
23 963
24 963
25 963
26 963
27 963
28 963
29 963
30 963
31 963
32 963
33 963
34 963
35 963
36 963
37 963
38 963
39 963
40 963
41 963
42 963
43 963
44 963
45 963
46 963
47 963
48 963
49 963
50 963
51 963
52 963
53 963
54 963
55 963
56 963
57 963
58 963
59 963
60 963
61 963
62 963
63 963
64 963
65 963
66 963
67 963
68 963
69 963
70 963
71 963
72 963
73 963
74 963
75 963
76 963
77 963
78 963
79 963
80 963
81 963
82 963
83 963
84 963
85 963
86 963
87 963
88 963
89 963
90 963
91 963
92 963
93 963
94 963
95 963
96 963
97 963
98 963
99 963
100 963
101 963
102 963
103 963
104 963
105 963
106 963
107 963
108 963
109 963
110 963
111 963
112 963
113 963
114 963
115 963
116 963
117 963
118 963
119 963
120 963
121 963
122 963
123 963
124 963
125 963
126 963
127 963
128 963
129 963
130 963
131 963
132 963
133 963
134 963
135 963
136 963
137 963
138 963
139 963
140 963
141 963
142 963
143 963
144 963
145 963
146 963
147 963
148 963
149 963
150 963
151 963
152 963
153 963
154 963
155 963
156 963
157 963
158 963
159 963
160 963
161 963
162 963
163 963
164 963
165 963
166 963
167 963
168 963
169 963
170 963
171 963
172 963
173 963
174 963
175 963
176 963
177 963
178 963
179 963
180 963
181 963
182 963
183 963
184 963
185 963
186 963
187 963
188 963
189 963
190 963
191 963
192 963
193 963
194 963
195 963
196 963
197 963
198 963
199 963
200 963
201 963
202 963
203 963
204 963
205 963
206 963
207 963
208 963
209 963
210 963
211 963
212 963
213 963
214 963
215 963
216 963
217 963
218 963
219 963
220 963
221 963
222 963
223 963
224 963
225 963
226 963
227 963
228 963
229 963
230 963
231 963
232 963
233 963
234 963
235 963
236 963
237 963
238 963
239 963
240 963
241 963
242 963
243 963
244 963
245 963
246 963
247 963
248 963
249 963
250 963
251 963
252 963
253 963
254 963
255 963
256 963
257 963
258 963
259 963
260 963
261 963
262 963
263 963
264 963
265 963
266 963
267 963
268 963
269 963
270 963
271 963
272 963
273 963
274 963
275 963
276 963
277 963
278 963
279 963
280 963
281 963
282 963
283 963
284 963
285 963
286 963
287 963
288 963
289 963
290 963
291 963
292 963
293 963
294 963
295 963
296 963
297 963
298 963
299 963
300 963
301 963
302 963
303 963
304 963
305 963
306 963
307 963
308 963
309 963
310 963
311 963
312 963
313 963
314 963
315 963
316 963
317 963
318 963
319 963
320 963
321 963
322 963
323 963
324 963
325 963
326 963
327 963
328 963
329 963
330 963
331 963
332 963
333 963
334 963
335 963
336 963
337 963
338 963
339 963
340 963
341 963
342 963
343 963
344 963
345 963
346 963
347 963
348 963
349 963
350 963
351 963
352 963
353 963
354 963
355 963
356 963
357 963
358 963
359 963
360 963
361 963
362 963
363 963
364 963
365 963
366 963
367 963
368 963
369 963
370 963
371 963
372 963
373 963
374 963
375 963
376 963
377 963
378 963
379 963
380 963
381 963
382 963
383 963
384 963
385 963
386 963
387 963
388 963
389 963
390 963
391 963
392 963
393 963
394 963
395 963
396 963
397 963
398 963
399 963
400 963
401 963
402 963
403 963
404 963
405 963
406 963
407 963
408 963
409 963
410 963
411 963
412 963
413 963
414 963
415 963
416 963
417 963
418 963
419 963
420 963
421 963
422 963
423 963
424 963
425 963
426 963
427 963
428 963
429 963
430 963
431 963
432 963
433 963
434 963
435 963
436 963
437 963
438 963
439 963
440 963
441 963
442 963
443 963
444 963
445 963
446 963
447 963
448 963
449 963
450 963
451 963
452 963
453 963
454 963
455 963
456 963
457 963
458 963
459 963
460 963
461 963
462 963
463 963
464 963
465 963
466 963
467 963
468 963
469 963
470 963
471 963
472 963
473 963
474 963
475 963
476 963
477 963
478 963
479 963
480 963
481 963
482 963
483 963
484 963
485 963
486 963
487 963
488 963
489 963
490 963
491 963
492 963
493 963
494 963
495 963
496 963
497 963
498 963
499 963
500 963
501 963
502 963
503 963
504 963
505 963
506 963
507 963
508 963
509 963
510 963
511 963
512 963
513 963
514 963
515 963
516 963
517 963
518 963
519 963
520 963
521 963
522 963
523 963
524 963
525 963
526 963
527 963
528 963
529 963
530 963
531 963
532 963
533 963
534 963
535 963
536 963
537 963
538 963
539 963
540 963
541 963
542 963
543 963
544 963
545 963
546 963
547 963
548 963
549 963
550 963
551 963
552 963
553 963
554 963
555 963
556 963
557 963
558 963
559 963
560 963
561 963
562 963
563 963
564 963
565 963
566 963
567 963
568 963
569 963
570 963
571 963
572 963
573 963
574 963
575 963
576 963
577 963
578 963
579 963
580 963
581 963
582 963
583 963
584 963
585 963
586 963
587 963
588 963
589 963
590 963
591 963
592 963
593 963
594 963
595 963
596 963
597 963
598 963
599 963
600 963
601 963
602 963
603 963
604 963
605 963
606 963
607 963
608 963
609 963
610 963
611 963
612 963
613 963
614 963
615 963
616 963
617 963
618 963
619 963
620 963
621 963
622 963
623 963
624 963
625 963
626 963
627 963
628 963
629 963
630 963
631 963
632 963
633 963
634 963
635 963
636 963
637 963
638 963
639 963
640 963
641 963
642 963
643 963
644 963
645 963
646 963
647 963
648 963
649 963
650 963
651 963
652 963
653 963
654 963
655 963
656 963
657 963
658 963
659 963
660 963
661 963
662 963
663 963
664 963
665 963
666 963
667 963
668 963
669 963
670 963
671 963
672 963
673 963
674 963
675 963
676 963
677 963
678 963
679 963
680 963
681 963
682 963
683 963
684 963
685 963
686 963
687 963
688 963
689 963
690 963
691 963
692 963
693 963
694 963
695 963
696 963
697 963
698 963
699 963
700 963
701 963
702 963
703 963
704 963
705 963
706 963
707 963
708 963
709 963
710 963
711 963
712 963
713 963
714 963
715 963
716 963
717 963
718 963
719 963
720 963
721 963
722 963
723 963
724 963
725 963
726 963
727 963
728 963
729 963
730 963
731 963
732 963
733 963
734 963
735 963
736 963
737 963
738 963
739 963
740 963
741 963
742 963
743 963
744 963
745 963
746 963
747 963
748 963
749 963
750 963
751 963
752 963
753 963
754 963
755 963
756 963
757 963
758 963
759 963
760 963
761 963
762 963
763 963
764 963
765 963
766 963
767 963
768 963
769 963
770 963
771 963
772 963
773 963
774 963
775 963
776 963
777 963
778 963
779 963
780 963
781 963
782 963
783 963
784 963
785 963
786 963
787 963
788 963
789 963
790 963
791 963
792 963
793 963
794 963
795 963
796 963
797 963
798 963
799 963
800 963
801 963
802 963
803 963
804 963
805 963
806 963
807 963
808 963
809 963
810 963
811 963
812 963
813 963
814 963
815 963
816 963
817 963
818 963
819 963
820 963
821 963
822 963
823 963
824 963
825 963
826 963
827 963
828 963
829 963
830 963
831 963
832 963
833 963
834 963
835 963
836 963
837 963
838 963
839 963
840 963
841 963
842 963
843 963
844 963
845 963
846 963
847 963
848 963
849 963
850 963
851 963
852 963
853 963
854 963
855 963
856 963
857 963
858 963
859 963
860 963
861 963
862 963
863 963
864 963
865 963
866 963
867 963
868 963
869 963
870 963
871 963
872 963
873 963
874 963
875 963
876 963
877 963
878 963
879 963
880 963
881 963
882 963
883 963
884 963
885 963
886 963
887 963
888 963
889 963
890 963
891 963
892 963
893 963
894 963
895 963
896 963
897 963
898 963
899 963
900 963
901 963
902 963
903 963
904 963
905 963
906 963
907 963
908 963
909 963
910 963
911 963
912 963
913 963
914 963
915 963
916 963
917 963
918 963
919 963
920 963
921 963
922 963
923 963
924 963
925 963
926 963
927 963
928 963
929 963
930 963
931 963
932 963
933 963
934 963
935 963
936 963
937 963
938 963
939 963
940 963
941 963
942 963
943 963
944 963
945 963
946 963
947 963
948 963
949 963
950 963
951 963
952 963
953 963
954 963
955 963
956 963
957 963
958 963
959 963
960 963
961 963
962 963
963 964
