875
874
1 874
2 874
3 874
4 874
5 874
6 874
7 874
8 874
9 874
10 874
11 874
12 874
13 874
14 874
15 874
16 874
17 874
18 874
19 874
20 874
21 874
22 874
23 874
24 874
25 874
26 874
27 874
28 874
29 874
30 874
31 874
32 874
33 874
34 874
35 874
36 874
37 874
38 874
39 874
40 874
41 874
42 874
43 874
44 874
45 874
46 874
47 874
48 874
49 874
50 874
51 874
52 874
53 874
54 874
55 874
56 874
57 874
58 874
59 874
60 874
61 874
62 874
63 874
64 874
65 874
66 874
67 874
68 874
69 874
70 874
71 874
72 874
73 874
74 874
75 874
76 874
77 874
78 874
79 874
80 874
81 874
82 874
83 874
84 874
85 874
86 874
87 874
88 874
89 874
90 874
91 874
92 874
93 874
94 874
95 874
96 874
97 874
98 874
99 874
100 874
101 874
102 874
103 874
104 874
105 874
106 874
107 874
108 874
109 874
110 874
111 874
112 874
113 874
114 874
115 874
116 874
117 874
118 874
119 874
120 874
121 874
122 874
123 874
124 874
125 874
126 874
127 874
128 874
129 874
130 874
131 874
132 874
133 874
134 874
135 874
136 874
137 874
138 874
139 874
140 874
141 874
142 874
143 874
144 874
145 874
146 874
147 874
148 874
149 874
150 874
151 874
152 874
153 874
154 874
155 874
156 874
157 874
158 874
159 874
160 874
161 874
162 874
163 874
164 874
165 874
166 874
167 874
168 874
169 874
170 874
171 874
172 874
173 874
174 874
175 874
176 874
177 874
178 874
179 874
180 874
181 874
182 874
183 874
184 874
185 874
186 874
187 874
188 874
189 874
190 874
191 874
192 874
193 874
194 874
195 874
196 874
197 874
198 874
199 874
200 874
201 874
202 874
203 874
204 874
205 874
206 874
207 874
208 874
209 874
210 874
211 874
212 874
213 874
214 874
215 874
216 874
217 874
218 874
219 874
220 874
221 874
222 874
223 874
224 874
225 874
226 874
227 874
228 874
229 874
230 874
231 874
232 874
233 874
234 874
235 874
236 874
237 874
238 874
239 874
240 874
241 874
242 874
243 874
244 874
245 874
246 874
247 874
248 874
249 874
250 874
251 874
252 874
253 874
254 874
255 874
256 874
257 874
258 874
259 874
260 874
261 874
262 874
263 874
264 874
265 874
266 874
267 874
268 874
269 874
270 874
271 874
272 874
273 874
274 874
275 874
276 874
277 874
278 874
279 874
280 874
281 874
282 874
283 874
284 874
285 874
286 874
287 874
288 874
289 874
290 874
291 874
292 874
293 874
294 874
295 874
296 874
297 874
298 874
299 874
300 874
301 874
302 874
303 874
304 874
305 874
306 874
307 874
308 874
309 874
310 874
311 874
312 874
313 874
314 874
315 874
316 874
317 874
318 874
319 874
320 874
321 874
322 874
323 874
324 874
325 874
326 874
327 874
328 874
329 874
330 874
331 874
332 874
333 874
334 874
335 874
336 874
337 874
338 874
339 874
340 874
341 874
342 874
343 874
344 874
345 874
346 874
347 874
348 874
349 874
350 874
351 874
352 874
353 874
354 874
355 874
356 874
357 874
358 874
359 874
360 874
361 874
362 874
363 874
364 874
365 874
366 874
367 874
368 874
369 874
370 874
371 874
372 874
373 874
374 874
375 874
376 874
377 874
378 874
379 874
380 874
381 874
382 874
383 874
384 874
385 874
386 874
387 874
388 874
389 874
390 874
391 874
392 874
393 874
394 874
395 874
396 874
397 874
398 874
399 874
400 874
401 874
402 874
403 874
404 874
405 874
406 874
407 874
408 874
409 874
410 874
411 874
412 874
413 874
414 874
415 874
416 874
417 874
418 874
419 874
420 874
421 874
422 874
423 874
424 874
425 874
426 874
427 874
428 874
429 874
430 874
431 874
432 874
433 874
434 874
435 874
436 874
437 874
438 874
439 874
440 874
441 874
442 874
443 874
444 874
445 874
446 874
447 874
448 874
449 874
450 874
451 874
452 874
453 874
454 874
455 874
456 874
457 874
458 874
459 874
460 874
461 874
462 874
463 874
464 874
465 874
466 874
467 874
468 874
469 874
470 874
471 874
472 874
473 874
474 874
475 874
476 874
477 874
478 874
479 874
480 874
481 874
482 874
483 874
484 874
485 874
486 874
487 874
488 874
489 874
490 874
491 874
492 874
493 874
494 874
495 874
496 874
497 874
498 874
499 874
500 874
501 874
502 874
503 874
504 874
505 874
506 874
507 874
508 874
509 874
510 874
511 874
512 874
513 874
514 874
515 874
516 874
517 874
518 874
519 874
520 874
521 874
522 874
523 874
524 874
525 874
526 874
527 874
528 874
529 874
530 874
531 874
532 874
533 874
534 874
535 874
536 874
537 874
538 874
539 874
540 874
541 874
542 874
543 874
544 874
545 874
546 874
547 874
548 874
549 874
550 874
551 874
552 874
553 874
554 874
555 874
556 874
557 874
558 874
559 874
560 874
561 874
562 874
563 874
564 874
565 874
566 874
567 874
568 874
569 874
570 874
571 874
572 874
573 874
574 874
575 874
576 874
577 874
578 874
579 874
580 874
581 874
582 874
583 874
584 874
585 874
586 874
587 874
588 874
589 874
590 874
591 874
592 874
593 874
594 874
595 874
596 874
597 874
598 874
599 874
600 874
601 874
602 874
603 874
604 874
605 874
606 874
607 874
608 874
609 874
610 874
611 874
612 874
613 874
614 874
615 874
616 874
617 874
618 874
619 874
620 874
621 874
622 874
623 874
624 874
625 874
626 874
627 874
628 874
629 874
630 874
631 874
632 874
633 874
634 874
635 874
636 874
637 874
638 874
639 874
640 874
641 874
642 874
643 874
644 874
645 874
646 874
647 874
648 874
649 874
650 874
651 874
652 874
653 874
654 874
655 874
656 874
657 874
658 874
659 874
660 874
661 874
662 874
663 874
664 874
665 874
666 874
667 874
668 874
669 874
670 874
671 874
672 874
673 874
674 874
675 874
676 874
677 874
678 874
679 874
680 874
681 874
682 874
683 874
684 874
685 874
686 874
687 874
688 874
689 874
690 874
691 874
692 874
693 874
694 874
695 874
696 874
697 874
698 874
699 874
700 874
701 874
702 874
703 874
704 874
705 874
706 874
707 874
708 874
709 874
710 874
711 874
712 874
713 874
714 874
715 874
716 874
717 874
718 874
719 874
720 874
721 874
722 874
723 874
724 874
725 874
726 874
727 874
728 874
729 874
730 874
731 874
732 874
733 874
734 874
735 874
736 874
737 874
738 874
739 874
740 874
741 874
742 874
743 874
744 874
745 874
746 874
747 874
748 874
749 874
750 874
751 874
752 874
753 874
754 874
755 874
756 874
757 874
758 874
759 874
760 874
761 874
762 874
763 874
764 874
765 874
766 874
767 874
768 874
769 874
770 874
771 874
772 874
773 874
774 874
775 874
776 874
777 874
778 874
779 874
780 874
781 874
782 874
783 874
784 874
785 874
786 874
787 874
788 874
789 874
790 874
791 874
792 874
793 874
794 874
795 874
796 874
797 874
798 874
799 874
800 874
801 874
802 874
803 874
804 874
805 874
806 874
807 874
808 874
809 874
810 874
811 874
812 874
813 874
814 874
815 874
816 874
817 874
818 874
819 874
820 874
821 874
822 874
823 874
824 874
825 874
826 874
827 874
828 874
829 874
830 874
831 874
832 874
833 874
834 874
835 874
836 874
837 874
838 874
839 874
840 874
841 874
842 874
843 874
844 874
845 874
846 874
847 874
848 874
849 874
850 874
851 874
852 874
853 874
854 874
855 874
856 874
857 874
858 874
859 874
860 874
861 874
862 874
863 874
864 874
865 874
866 874
867 874
868 874
869 874
870 874
871 874
872 874
873 874
874 875
