796
795
1 795
2 795
3 795
4 795
5 795
6 795
7 795
8 795
9 795
10 795
11 795
12 795
13 795
14 795
15 795
16 795
17 795
18 795
19 795
20 795
21 795
22 795
23 795
24 795
25 795
26 795
27 795
28 795
29 795
30 795
31 795
32 795
33 795
34 795
35 795
36 795
37 795
38 795
39 795
40 795
41 795
42 795
43 795
44 795
45 795
46 795
47 795
48 795
49 795
50 795
51 795
52 795
53 795
54 795
55 795
56 795
57 795
58 795
59 795
60 795
61 795
62 795
63 795
64 795
65 795
66 795
67 795
68 795
69 795
70 795
71 795
72 795
73 795
74 795
75 795
76 795
77 795
78 795
79 795
80 795
81 795
82 795
83 795
84 795
85 795
86 795
87 795
88 795
89 795
90 795
91 795
92 795
93 795
94 795
95 795
96 795
97 795
98 795
99 795
100 795
101 795
102 795
103 795
104 795
105 795
106 795
107 795
108 795
109 795
110 795
111 795
112 795
113 795
114 795
115 795
116 795
117 795
118 795
119 795
120 795
121 795
122 795
123 795
124 795
125 795
126 795
127 795
128 795
129 795
130 795
131 795
132 795
133 795
134 795
135 795
136 795
137 795
138 795
139 795
140 795
141 795
142 795
143 795
144 795
145 795
146 795
147 795
148 795
149 795
150 795
151 795
152 795
153 795
154 795
155 795
156 795
157 795
158 795
159 795
160 795
161 795
162 795
163 795
164 795
165 795
166 795
167 795
168 795
169 795
170 795
171 795
172 795
173 795
174 795
175 795
176 795
177 795
178 795
179 795
180 795
181 795
182 795
183 795
184 795
185 795
186 795
187 795
188 795
189 795
190 795
191 795
192 795
193 795
194 795
195 795
196 795
197 795
198 795
199 795
200 795
201 795
202 795
203 795
204 795
205 795
206 795
207 795
208 795
209 795
210 795
211 795
212 795
213 795
214 795
215 795
216 795
217 795
218 795
219 795
220 795
221 795
222 795
223 795
224 795
225 795
226 795
227 795
228 795
229 795
230 795
231 795
232 795
233 795
234 795
235 795
236 795
237 795
238 795
239 795
240 795
241 795
242 795
243 795
244 795
245 795
246 795
247 795
248 795
249 795
250 795
251 795
252 795
253 795
254 795
255 795
256 795
257 795
258 795
259 795
260 795
261 795
262 795
263 795
264 795
265 795
266 795
267 795
268 795
269 795
270 795
271 795
272 795
273 795
274 795
275 795
276 795
277 795
278 795
279 795
280 795
281 795
282 795
283 795
284 795
285 795
286 795
287 795
288 795
289 795
290 795
291 795
292 795
293 795
294 795
295 795
296 795
297 795
298 795
299 795
300 795
301 795
302 795
303 795
304 795
305 795
306 795
307 795
308 795
309 795
310 795
311 795
312 795
313 795
314 795
315 795
316 795
317 795
318 795
319 795
320 795
321 795
322 795
323 795
324 795
325 795
326 795
327 795
328 795
329 795
330 795
331 795
332 795
333 795
334 795
335 795
336 795
337 795
338 795
339 795
340 795
341 795
342 795
343 795
344 795
345 795
346 795
347 795
348 795
349 795
350 795
351 795
352 795
353 795
354 795
355 795
356 795
357 795
358 795
359 795
360 795
361 795
362 795
363 795
364 795
365 795
366 795
367 795
368 795
369 795
370 795
371 795
372 795
373 795
374 795
375 795
376 795
377 795
378 795
379 795
380 795
381 795
382 795
383 795
384 795
385 795
386 795
387 795
388 795
389 795
390 795
391 795
392 795
393 795
394 795
395 795
396 795
397 795
398 795
399 795
400 795
401 795
402 795
403 795
404 795
405 795
406 795
407 795
408 795
409 795
410 795
411 795
412 795
413 795
414 795
415 795
416 795
417 795
418 795
419 795
420 795
421 795
422 795
423 795
424 795
425 795
426 795
427 795
428 795
429 795
430 795
431 795
432 795
433 795
434 795
435 795
436 795
437 795
438 795
439 795
440 795
441 795
442 795
443 795
444 795
445 795
446 795
447 795
448 795
449 795
450 795
451 795
452 795
453 795
454 795
455 795
456 795
457 795
458 795
459 795
460 795
461 795
462 795
463 795
464 795
465 795
466 795
467 795
468 795
469 795
470 795
471 795
472 795
473 795
474 795
475 795
476 795
477 795
478 795
479 795
480 795
481 795
482 795
483 795
484 795
485 795
486 795
487 795
488 795
489 795
490 795
491 795
492 795
493 795
494 795
495 795
496 795
497 795
498 795
499 795
500 795
501 795
502 795
503 795
504 795
505 795
506 795
507 795
508 795
509 795
510 795
511 795
512 795
513 795
514 795
515 795
516 795
517 795
518 795
519 795
520 795
521 795
522 795
523 795
524 795
525 795
526 795
527 795
528 795
529 795
530 795
531 795
532 795
533 795
534 795
535 795
536 795
537 795
538 795
539 795
540 795
541 795
542 795
543 795
544 795
545 795
546 795
547 795
548 795
549 795
550 795
551 795
552 795
553 795
554 795
555 795
556 795
557 795
558 795
559 795
560 795
561 795
562 795
563 795
564 795
565 795
566 795
567 795
568 795
569 795
570 795
571 795
572 795
573 795
574 795
575 795
576 795
577 795
578 795
579 795
580 795
581 795
582 795
583 795
584 795
585 795
586 795
587 795
588 795
589 795
590 795
591 795
592 795
593 795
594 795
595 795
596 795
597 795
598 795
599 795
600 795
601 795
602 795
603 795
604 795
605 795
606 795
607 795
608 795
609 795
610 795
611 795
612 795
613 795
614 795
615 795
616 795
617 795
618 795
619 795
620 795
621 795
622 795
623 795
624 795
625 795
626 795
627 795
628 795
629 795
630 795
631 795
632 795
633 795
634 795
635 795
636 795
637 795
638 795
639 795
640 795
641 795
642 795
643 795
644 795
645 795
646 795
647 795
648 795
649 795
650 795
651 795
652 795
653 795
654 795
655 795
656 795
657 795
658 795
659 795
660 795
661 795
662 795
663 795
664 795
665 795
666 795
667 795
668 795
669 795
670 795
671 795
672 795
673 795
674 795
675 795
676 795
677 795
678 795
679 795
680 795
681 795
682 795
683 795
684 795
685 795
686 795
687 795
688 795
689 795
690 795
691 795
692 795
693 795
694 795
695 795
696 795
697 795
698 795
699 795
700 795
701 795
702 795
703 795
704 795
705 795
706 795
707 795
708 795
709 795
710 795
711 795
712 795
713 795
714 795
715 795
716 795
717 795
718 795
719 795
720 795
721 795
722 795
723 795
724 795
725 795
726 795
727 795
728 795
729 795
730 795
731 795
732 795
733 795
734 795
735 795
736 795
737 795
738 795
739 795
740 795
741 795
742 795
743 795
744 795
745 795
746 795
747 795
748 795
749 795
750 795
751 795
752 795
753 795
754 795
755 795
756 795
757 795
758 795
759 795
760 795
761 795
762 795
763 795
764 795
765 795
766 795
767 795
768 795
769 795
770 795
771 795
772 795
773 795
774 795
775 795
776 795
777 795
778 795
779 795
780 795
781 795
782 795
783 795
784 795
785 795
786 795
787 795
788 795
789 795
790 795
791 795
792 795
793 795
794 795
795 796
