661
660
1 660
2 660
3 660
4 660
5 660
6 660
7 660
8 660
9 660
10 660
11 660
12 660
13 660
14 660
15 660
16 660
17 660
18 660
19 660
20 660
21 660
22 660
23 660
24 660
25 660
26 660
27 660
28 660
29 660
30 660
31 660
32 660
33 660
34 660
35 660
36 660
37 660
38 660
39 660
40 660
41 660
42 660
43 660
44 660
45 660
46 660
47 660
48 660
49 660
50 660
51 660
52 660
53 660
54 660
55 660
56 660
57 660
58 660
59 660
60 660
61 660
62 660
63 660
64 660
65 660
66 660
67 660
68 660
69 660
70 660
71 660
72 660
73 660
74 660
75 660
76 660
77 660
78 660
79 660
80 660
81 660
82 660
83 660
84 660
85 660
86 660
87 660
88 660
89 660
90 660
91 660
92 660
93 660
94 660
95 660
96 660
97 660
98 660
99 660
100 660
101 660
102 660
103 660
104 660
105 660
106 660
107 660
108 660
109 660
110 660
111 660
112 660
113 660
114 660
115 660
116 660
117 660
118 660
119 660
120 660
121 660
122 660
123 660
124 660
125 660
126 660
127 660
128 660
129 660
130 660
131 660
132 660
133 660
134 660
135 660
136 660
137 660
138 660
139 660
140 660
141 660
142 660
143 660
144 660
145 660
146 660
147 660
148 660
149 660
150 660
151 660
152 660
153 660
154 660
155 660
156 660
157 660
158 660
159 660
160 660
161 660
162 660
163 660
164 660
165 660
166 660
167 660
168 660
169 660
170 660
171 660
172 660
173 660
174 660
175 660
176 660
177 660
178 660
179 660
180 660
181 660
182 660
183 660
184 660
185 660
186 660
187 660
188 660
189 660
190 660
191 660
192 660
193 660
194 660
195 660
196 660
197 660
198 660
199 660
200 660
201 660
202 660
203 660
204 660
205 660
206 660
207 660
208 660
209 660
210 660
211 660
212 660
213 660
214 660
215 660
216 660
217 660
218 660
219 660
220 660
221 660
222 660
223 660
224 660
225 660
226 660
227 660
228 660
229 660
230 660
231 660
232 660
233 660
234 660
235 660
236 660
237 660
238 660
239 660
240 660
241 660
242 660
243 660
244 660
245 660
246 660
247 660
248 660
249 660
250 660
251 660
252 660
253 660
254 660
255 660
256 660
257 660
258 660
259 660
260 660
261 660
262 660
263 660
264 660
265 660
266 660
267 660
268 660
269 660
270 660
271 660
272 660
273 660
274 660
275 660
276 660
277 660
278 660
279 660
280 660
281 660
282 660
283 660
284 660
285 660
286 660
287 660
288 660
289 660
290 660
291 660
292 660
293 660
294 660
295 660
296 660
297 660
298 660
299 660
300 660
301 660
302 660
303 660
304 660
305 660
306 660
307 660
308 660
309 660
310 660
311 660
312 660
313 660
314 660
315 660
316 660
317 660
318 660
319 660
320 660
321 660
322 660
323 660
324 660
325 660
326 660
327 660
328 660
329 660
330 660
331 660
332 660
333 660
334 660
335 660
336 660
337 660
338 660
339 660
340 660
341 660
342 660
343 660
344 660
345 660
346 660
347 660
348 660
349 660
350 660
351 660
352 660
353 660
354 660
355 660
356 660
357 660
358 660
359 660
360 660
361 660
362 660
363 660
364 660
365 660
366 660
367 660
368 660
369 660
370 660
371 660
372 660
373 660
374 660
375 660
376 660
377 660
378 660
379 660
380 660
381 660
382 660
383 660
384 660
385 660
386 660
387 660
388 660
389 660
390 660
391 660
392 660
393 660
394 660
395 660
396 660
397 660
398 660
399 660
400 660
401 660
402 660
403 660
404 660
405 660
406 660
407 660
408 660
409 660
410 660
411 660
412 660
413 660
414 660
415 660
416 660
417 660
418 660
419 660
420 660
421 660
422 660
423 660
424 660
425 660
426 660
427 660
428 660
429 660
430 660
431 660
432 660
433 660
434 660
435 660
436 660
437 660
438 660
439 660
440 660
441 660
442 660
443 660
444 660
445 660
446 660
447 660
448 660
449 660
450 660
451 660
452 660
453 660
454 660
455 660
456 660
457 660
458 660
459 660
460 660
461 660
462 660
463 660
464 660
465 660
466 660
467 660
468 660
469 660
470 660
471 660
472 660
473 660
474 660
475 660
476 660
477 660
478 660
479 660
480 660
481 660
482 660
483 660
484 660
485 660
486 660
487 660
488 660
489 660
490 660
491 660
492 660
493 660
494 660
495 660
496 660
497 660
498 660
499 660
500 660
501 660
502 660
503 660
504 660
505 660
506 660
507 660
508 660
509 660
510 660
511 660
512 660
513 660
514 660
515 660
516 660
517 660
518 660
519 660
520 660
521 660
522 660
523 660
524 660
525 660
526 660
527 660
528 660
529 660
530 660
531 660
532 660
533 660
534 660
535 660
536 660
537 660
538 660
539 660
540 660
541 660
542 660
543 660
544 660
545 660
546 660
547 660
548 660
549 660
550 660
551 660
552 660
553 660
554 660
555 660
556 660
557 660
558 660
559 660
560 660
561 660
562 660
563 660
564 660
565 660
566 660
567 660
568 660
569 660
570 660
571 660
572 660
573 660
574 660
575 660
576 660
577 660
578 660
579 660
580 660
581 660
582 660
583 660
584 660
585 660
586 660
587 660
588 660
589 660
590 660
591 660
592 660
593 660
594 660
595 660
596 660
597 660
598 660
599 660
600 660
601 660
602 660
603 660
604 660
605 660
606 660
607 660
608 660
609 660
610 660
611 660
612 660
613 660
614 660
615 660
616 660
617 660
618 660
619 660
620 660
621 660
622 660
623 660
624 660
625 660
626 660
627 660
628 660
629 660
630 660
631 660
632 660
633 660
634 660
635 660
636 660
637 660
638 660
639 660
640 660
641 660
642 660
643 660
644 660
645 660
646 660
647 660
648 660
649 660
650 660
651 660
652 660
653 660
654 660
655 660
656 660
657 660
658 660
659 660
660 661
