856
855
1 855
2 855
3 855
4 855
5 855
6 855
7 855
8 855
9 855
10 855
11 855
12 855
13 855
14 855
15 855
16 855
17 855
18 855
19 855
20 855
21 855
22 855
23 855
24 855
25 855
26 855
27 855
28 855
29 855
30 855
31 855
32 855
33 855
34 855
35 855
36 855
37 855
38 855
39 855
40 855
41 855
42 855
43 855
44 855
45 855
46 855
47 855
48 855
49 855
50 855
51 855
52 855
53 855
54 855
55 855
56 855
57 855
58 855
59 855
60 855
61 855
62 855
63 855
64 855
65 855
66 855
67 855
68 855
69 855
70 855
71 855
72 855
73 855
74 855
75 855
76 855
77 855
78 855
79 855
80 855
81 855
82 855
83 855
84 855
85 855
86 855
87 855
88 855
89 855
90 855
91 855
92 855
93 855
94 855
95 855
96 855
97 855
98 855
99 855
100 855
101 855
102 855
103 855
104 855
105 855
106 855
107 855
108 855
109 855
110 855
111 855
112 855
113 855
114 855
115 855
116 855
117 855
118 855
119 855
120 855
121 855
122 855
123 855
124 855
125 855
126 855
127 855
128 855
129 855
130 855
131 855
132 855
133 855
134 855
135 855
136 855
137 855
138 855
139 855
140 855
141 855
142 855
143 855
144 855
145 855
146 855
147 855
148 855
149 855
150 855
151 855
152 855
153 855
154 855
155 855
156 855
157 855
158 855
159 855
160 855
161 855
162 855
163 855
164 855
165 855
166 855
167 855
168 855
169 855
170 855
171 855
172 855
173 855
174 855
175 855
176 855
177 855
178 855
179 855
180 855
181 855
182 855
183 855
184 855
185 855
186 855
187 855
188 855
189 855
190 855
191 855
192 855
193 855
194 855
195 855
196 855
197 855
198 855
199 855
200 855
201 855
202 855
203 855
204 855
205 855
206 855
207 855
208 855
209 855
210 855
211 855
212 855
213 855
214 855
215 855
216 855
217 855
218 855
219 855
220 855
221 855
222 855
223 855
224 855
225 855
226 855
227 855
228 855
229 855
230 855
231 855
232 855
233 855
234 855
235 855
236 855
237 855
238 855
239 855
240 855
241 855
242 855
243 855
244 855
245 855
246 855
247 855
248 855
249 855
250 855
251 855
252 855
253 855
254 855
255 855
256 855
257 855
258 855
259 855
260 855
261 855
262 855
263 855
264 855
265 855
266 855
267 855
268 855
269 855
270 855
271 855
272 855
273 855
274 855
275 855
276 855
277 855
278 855
279 855
280 855
281 855
282 855
283 855
284 855
285 855
286 855
287 855
288 855
289 855
290 855
291 855
292 855
293 855
294 855
295 855
296 855
297 855
298 855
299 855
300 855
301 855
302 855
303 855
304 855
305 855
306 855
307 855
308 855
309 855
310 855
311 855
312 855
313 855
314 855
315 855
316 855
317 855
318 855
319 855
320 855
321 855
322 855
323 855
324 855
325 855
326 855
327 855
328 855
329 855
330 855
331 855
332 855
333 855
334 855
335 855
336 855
337 855
338 855
339 855
340 855
341 855
342 855
343 855
344 855
345 855
346 855
347 855
348 855
349 855
350 855
351 855
352 855
353 855
354 855
355 855
356 855
357 855
358 855
359 855
360 855
361 855
362 855
363 855
364 855
365 855
366 855
367 855
368 855
369 855
370 855
371 855
372 855
373 855
374 855
375 855
376 855
377 855
378 855
379 855
380 855
381 855
382 855
383 855
384 855
385 855
386 855
387 855
388 855
389 855
390 855
391 855
392 855
393 855
394 855
395 855
396 855
397 855
398 855
399 855
400 855
401 855
402 855
403 855
404 855
405 855
406 855
407 855
408 855
409 855
410 855
411 855
412 855
413 855
414 855
415 855
416 855
417 855
418 855
419 855
420 855
421 855
422 855
423 855
424 855
425 855
426 855
427 855
428 855
429 855
430 855
431 855
432 855
433 855
434 855
435 855
436 855
437 855
438 855
439 855
440 855
441 855
442 855
443 855
444 855
445 855
446 855
447 855
448 855
449 855
450 855
451 855
452 855
453 855
454 855
455 855
456 855
457 855
458 855
459 855
460 855
461 855
462 855
463 855
464 855
465 855
466 855
467 855
468 855
469 855
470 855
471 855
472 855
473 855
474 855
475 855
476 855
477 855
478 855
479 855
480 855
481 855
482 855
483 855
484 855
485 855
486 855
487 855
488 855
489 855
490 855
491 855
492 855
493 855
494 855
495 855
496 855
497 855
498 855
499 855
500 855
501 855
502 855
503 855
504 855
505 855
506 855
507 855
508 855
509 855
510 855
511 855
512 855
513 855
514 855
515 855
516 855
517 855
518 855
519 855
520 855
521 855
522 855
523 855
524 855
525 855
526 855
527 855
528 855
529 855
530 855
531 855
532 855
533 855
534 855
535 855
536 855
537 855
538 855
539 855
540 855
541 855
542 855
543 855
544 855
545 855
546 855
547 855
548 855
549 855
550 855
551 855
552 855
553 855
554 855
555 855
556 855
557 855
558 855
559 855
560 855
561 855
562 855
563 855
564 855
565 855
566 855
567 855
568 855
569 855
570 855
571 855
572 855
573 855
574 855
575 855
576 855
577 855
578 855
579 855
580 855
581 855
582 855
583 855
584 855
585 855
586 855
587 855
588 855
589 855
590 855
591 855
592 855
593 855
594 855
595 855
596 855
597 855
598 855
599 855
600 855
601 855
602 855
603 855
604 855
605 855
606 855
607 855
608 855
609 855
610 855
611 855
612 855
613 855
614 855
615 855
616 855
617 855
618 855
619 855
620 855
621 855
622 855
623 855
624 855
625 855
626 855
627 855
628 855
629 855
630 855
631 855
632 855
633 855
634 855
635 855
636 855
637 855
638 855
639 855
640 855
641 855
642 855
643 855
644 855
645 855
646 855
647 855
648 855
649 855
650 855
651 855
652 855
653 855
654 855
655 855
656 855
657 855
658 855
659 855
660 855
661 855
662 855
663 855
664 855
665 855
666 855
667 855
668 855
669 855
670 855
671 855
672 855
673 855
674 855
675 855
676 855
677 855
678 855
679 855
680 855
681 855
682 855
683 855
684 855
685 855
686 855
687 855
688 855
689 855
690 855
691 855
692 855
693 855
694 855
695 855
696 855
697 855
698 855
699 855
700 855
701 855
702 855
703 855
704 855
705 855
706 855
707 855
708 855
709 855
710 855
711 855
712 855
713 855
714 855
715 855
716 855
717 855
718 855
719 855
720 855
721 855
722 855
723 855
724 855
725 855
726 855
727 855
728 855
729 855
730 855
731 855
732 855
733 855
734 855
735 855
736 855
737 855
738 855
739 855
740 855
741 855
742 855
743 855
744 855
745 855
746 855
747 855
748 855
749 855
750 855
751 855
752 855
753 855
754 855
755 855
756 855
757 855
758 855
759 855
760 855
761 855
762 855
763 855
764 855
765 855
766 855
767 855
768 855
769 855
770 855
771 855
772 855
773 855
774 855
775 855
776 855
777 855
778 855
779 855
780 855
781 855
782 855
783 855
784 855
785 855
786 855
787 855
788 855
789 855
790 855
791 855
792 855
793 855
794 855
795 855
796 855
797 855
798 855
799 855
800 855
801 855
802 855
803 855
804 855
805 855
806 855
807 855
808 855
809 855
810 855
811 855
812 855
813 855
814 855
815 855
816 855
817 855
818 855
819 855
820 855
821 855
822 855
823 855
824 855
825 855
826 855
827 855
828 855
829 855
830 855
831 855
832 855
833 855
834 855
835 855
836 855
837 855
838 855
839 855
840 855
841 855
842 855
843 855
844 855
845 855
846 855
847 855
848 855
849 855
850 855
851 855
852 855
853 855
854 855
855 856
