616
615
1 615
2 615
3 615
4 615
5 615
6 615
7 615
8 615
9 615
10 615
11 615
12 615
13 615
14 615
15 615
16 615
17 615
18 615
19 615
20 615
21 615
22 615
23 615
24 615
25 615
26 615
27 615
28 615
29 615
30 615
31 615
32 615
33 615
34 615
35 615
36 615
37 615
38 615
39 615
40 615
41 615
42 615
43 615
44 615
45 615
46 615
47 615
48 615
49 615
50 615
51 615
52 615
53 615
54 615
55 615
56 615
57 615
58 615
59 615
60 615
61 615
62 615
63 615
64 615
65 615
66 615
67 615
68 615
69 615
70 615
71 615
72 615
73 615
74 615
75 615
76 615
77 615
78 615
79 615
80 615
81 615
82 615
83 615
84 615
85 615
86 615
87 615
88 615
89 615
90 615
91 615
92 615
93 615
94 615
95 615
96 615
97 615
98 615
99 615
100 615
101 615
102 615
103 615
104 615
105 615
106 615
107 615
108 615
109 615
110 615
111 615
112 615
113 615
114 615
115 615
116 615
117 615
118 615
119 615
120 615
121 615
122 615
123 615
124 615
125 615
126 615
127 615
128 615
129 615
130 615
131 615
132 615
133 615
134 615
135 615
136 615
137 615
138 615
139 615
140 615
141 615
142 615
143 615
144 615
145 615
146 615
147 615
148 615
149 615
150 615
151 615
152 615
153 615
154 615
155 615
156 615
157 615
158 615
159 615
160 615
161 615
162 615
163 615
164 615
165 615
166 615
167 615
168 615
169 615
170 615
171 615
172 615
173 615
174 615
175 615
176 615
177 615
178 615
179 615
180 615
181 615
182 615
183 615
184 615
185 615
186 615
187 615
188 615
189 615
190 615
191 615
192 615
193 615
194 615
195 615
196 615
197 615
198 615
199 615
200 615
201 615
202 615
203 615
204 615
205 615
206 615
207 615
208 615
209 615
210 615
211 615
212 615
213 615
214 615
215 615
216 615
217 615
218 615
219 615
220 615
221 615
222 615
223 615
224 615
225 615
226 615
227 615
228 615
229 615
230 615
231 615
232 615
233 615
234 615
235 615
236 615
237 615
238 615
239 615
240 615
241 615
242 615
243 615
244 615
245 615
246 615
247 615
248 615
249 615
250 615
251 615
252 615
253 615
254 615
255 615
256 615
257 615
258 615
259 615
260 615
261 615
262 615
263 615
264 615
265 615
266 615
267 615
268 615
269 615
270 615
271 615
272 615
273 615
274 615
275 615
276 615
277 615
278 615
279 615
280 615
281 615
282 615
283 615
284 615
285 615
286 615
287 615
288 615
289 615
290 615
291 615
292 615
293 615
294 615
295 615
296 615
297 615
298 615
299 615
300 615
301 615
302 615
303 615
304 615
305 615
306 615
307 615
308 615
309 615
310 615
311 615
312 615
313 615
314 615
315 615
316 615
317 615
318 615
319 615
320 615
321 615
322 615
323 615
324 615
325 615
326 615
327 615
328 615
329 615
330 615
331 615
332 615
333 615
334 615
335 615
336 615
337 615
338 615
339 615
340 615
341 615
342 615
343 615
344 615
345 615
346 615
347 615
348 615
349 615
350 615
351 615
352 615
353 615
354 615
355 615
356 615
357 615
358 615
359 615
360 615
361 615
362 615
363 615
364 615
365 615
366 615
367 615
368 615
369 615
370 615
371 615
372 615
373 615
374 615
375 615
376 615
377 615
378 615
379 615
380 615
381 615
382 615
383 615
384 615
385 615
386 615
387 615
388 615
389 615
390 615
391 615
392 615
393 615
394 615
395 615
396 615
397 615
398 615
399 615
400 615
401 615
402 615
403 615
404 615
405 615
406 615
407 615
408 615
409 615
410 615
411 615
412 615
413 615
414 615
415 615
416 615
417 615
418 615
419 615
420 615
421 615
422 615
423 615
424 615
425 615
426 615
427 615
428 615
429 615
430 615
431 615
432 615
433 615
434 615
435 615
436 615
437 615
438 615
439 615
440 615
441 615
442 615
443 615
444 615
445 615
446 615
447 615
448 615
449 615
450 615
451 615
452 615
453 615
454 615
455 615
456 615
457 615
458 615
459 615
460 615
461 615
462 615
463 615
464 615
465 615
466 615
467 615
468 615
469 615
470 615
471 615
472 615
473 615
474 615
475 615
476 615
477 615
478 615
479 615
480 615
481 615
482 615
483 615
484 615
485 615
486 615
487 615
488 615
489 615
490 615
491 615
492 615
493 615
494 615
495 615
496 615
497 615
498 615
499 615
500 615
501 615
502 615
503 615
504 615
505 615
506 615
507 615
508 615
509 615
510 615
511 615
512 615
513 615
514 615
515 615
516 615
517 615
518 615
519 615
520 615
521 615
522 615
523 615
524 615
525 615
526 615
527 615
528 615
529 615
530 615
531 615
532 615
533 615
534 615
535 615
536 615
537 615
538 615
539 615
540 615
541 615
542 615
543 615
544 615
545 615
546 615
547 615
548 615
549 615
550 615
551 615
552 615
553 615
554 615
555 615
556 615
557 615
558 615
559 615
560 615
561 615
562 615
563 615
564 615
565 615
566 615
567 615
568 615
569 615
570 615
571 615
572 615
573 615
574 615
575 615
576 615
577 615
578 615
579 615
580 615
581 615
582 615
583 615
584 615
585 615
586 615
587 615
588 615
589 615
590 615
591 615
592 615
593 615
594 615
595 615
596 615
597 615
598 615
599 615
600 615
601 615
602 615
603 615
604 615
605 615
606 615
607 615
608 615
609 615
610 615
611 615
612 615
613 615
614 615
615 616
