532
531
1 531
2 531
3 531
4 531
5 531
6 531
7 531
8 531
9 531
10 531
11 531
12 531
13 531
14 531
15 531
16 531
17 531
18 531
19 531
20 531
21 531
22 531
23 531
24 531
25 531
26 531
27 531
28 531
29 531
30 531
31 531
32 531
33 531
34 531
35 531
36 531
37 531
38 531
39 531
40 531
41 531
42 531
43 531
44 531
45 531
46 531
47 531
48 531
49 531
50 531
51 531
52 531
53 531
54 531
55 531
56 531
57 531
58 531
59 531
60 531
61 531
62 531
63 531
64 531
65 531
66 531
67 531
68 531
69 531
70 531
71 531
72 531
73 531
74 531
75 531
76 531
77 531
78 531
79 531
80 531
81 531
82 531
83 531
84 531
85 531
86 531
87 531
88 531
89 531
90 531
91 531
92 531
93 531
94 531
95 531
96 531
97 531
98 531
99 531
100 531
101 531
102 531
103 531
104 531
105 531
106 531
107 531
108 531
109 531
110 531
111 531
112 531
113 531
114 531
115 531
116 531
117 531
118 531
119 531
120 531
121 531
122 531
123 531
124 531
125 531
126 531
127 531
128 531
129 531
130 531
131 531
132 531
133 531
134 531
135 531
136 531
137 531
138 531
139 531
140 531
141 531
142 531
143 531
144 531
145 531
146 531
147 531
148 531
149 531
150 531
151 531
152 531
153 531
154 531
155 531
156 531
157 531
158 531
159 531
160 531
161 531
162 531
163 531
164 531
165 531
166 531
167 531
168 531
169 531
170 531
171 531
172 531
173 531
174 531
175 531
176 531
177 531
178 531
179 531
180 531
181 531
182 531
183 531
184 531
185 531
186 531
187 531
188 531
189 531
190 531
191 531
192 531
193 531
194 531
195 531
196 531
197 531
198 531
199 531
200 531
201 531
202 531
203 531
204 531
205 531
206 531
207 531
208 531
209 531
210 531
211 531
212 531
213 531
214 531
215 531
216 531
217 531
218 531
219 531
220 531
221 531
222 531
223 531
224 531
225 531
226 531
227 531
228 531
229 531
230 531
231 531
232 531
233 531
234 531
235 531
236 531
237 531
238 531
239 531
240 531
241 531
242 531
243 531
244 531
245 531
246 531
247 531
248 531
249 531
250 531
251 531
252 531
253 531
254 531
255 531
256 531
257 531
258 531
259 531
260 531
261 531
262 531
263 531
264 531
265 531
266 531
267 531
268 531
269 531
270 531
271 531
272 531
273 531
274 531
275 531
276 531
277 531
278 531
279 531
280 531
281 531
282 531
283 531
284 531
285 531
286 531
287 531
288 531
289 531
290 531
291 531
292 531
293 531
294 531
295 531
296 531
297 531
298 531
299 531
300 531
301 531
302 531
303 531
304 531
305 531
306 531
307 531
308 531
309 531
310 531
311 531
312 531
313 531
314 531
315 531
316 531
317 531
318 531
319 531
320 531
321 531
322 531
323 531
324 531
325 531
326 531
327 531
328 531
329 531
330 531
331 531
332 531
333 531
334 531
335 531
336 531
337 531
338 531
339 531
340 531
341 531
342 531
343 531
344 531
345 531
346 531
347 531
348 531
349 531
350 531
351 531
352 531
353 531
354 531
355 531
356 531
357 531
358 531
359 531
360 531
361 531
362 531
363 531
364 531
365 531
366 531
367 531
368 531
369 531
370 531
371 531
372 531
373 531
374 531
375 531
376 531
377 531
378 531
379 531
380 531
381 531
382 531
383 531
384 531
385 531
386 531
387 531
388 531
389 531
390 531
391 531
392 531
393 531
394 531
395 531
396 531
397 531
398 531
399 531
400 531
401 531
402 531
403 531
404 531
405 531
406 531
407 531
408 531
409 531
410 531
411 531
412 531
413 531
414 531
415 531
416 531
417 531
418 531
419 531
420 531
421 531
422 531
423 531
424 531
425 531
426 531
427 531
428 531
429 531
430 531
431 531
432 531
433 531
434 531
435 531
436 531
437 531
438 531
439 531
440 531
441 531
442 531
443 531
444 531
445 531
446 531
447 531
448 531
449 531
450 531
451 531
452 531
453 531
454 531
455 531
456 531
457 531
458 531
459 531
460 531
461 531
462 531
463 531
464 531
465 531
466 531
467 531
468 531
469 531
470 531
471 531
472 531
473 531
474 531
475 531
476 531
477 531
478 531
479 531
480 531
481 531
482 531
483 531
484 531
485 531
486 531
487 531
488 531
489 531
490 531
491 531
492 531
493 531
494 531
495 531
496 531
497 531
498 531
499 531
500 531
501 531
502 531
503 531
504 531
505 531
506 531
507 531
508 531
509 531
510 531
511 531
512 531
513 531
514 531
515 531
516 531
517 531
518 531
519 531
520 531
521 531
522 531
523 531
524 531
525 531
526 531
527 531
528 531
529 531
530 531
531 532
