189
188
1 188
2 188
3 188
4 188
5 188
6 188
7 188
8 188
9 188
10 188
11 188
12 188
13 188
14 188
15 188
16 188
17 188
18 188
19 188
20 188
21 188
22 188
23 188
24 188
25 188
26 188
27 188
28 188
29 188
30 188
31 188
32 188
33 188
34 188
35 188
36 188
37 188
38 188
39 188
40 188
41 188
42 188
43 188
44 188
45 188
46 188
47 188
48 188
49 188
50 188
51 188
52 188
53 188
54 188
55 188
56 188
57 188
58 188
59 188
60 188
61 188
62 188
63 188
64 188
65 188
66 188
67 188
68 188
69 188
70 188
71 188
72 188
73 188
74 188
75 188
76 188
77 188
78 188
79 188
80 188
81 188
82 188
83 188
84 188
85 188
86 188
87 188
88 188
89 188
90 188
91 188
92 188
93 188
94 188
95 188
96 188
97 188
98 188
99 188
100 188
101 188
102 188
103 188
104 188
105 188
106 188
107 188
108 188
109 188
110 188
111 188
112 188
113 188
114 188
115 188
116 188
117 188
118 188
119 188
120 188
121 188
122 188
123 188
124 188
125 188
126 188
127 188
128 188
129 188
130 188
131 188
132 188
133 188
134 188
135 188
136 188
137 188
138 188
139 188
140 188
141 188
142 188
143 188
144 188
145 188
146 188
147 188
148 188
149 188
150 188
151 188
152 188
153 188
154 188
155 188
156 188
157 188
158 188
159 188
160 188
161 188
162 188
163 188
164 188
165 188
166 188
167 188
168 188
169 188
170 188
171 188
172 188
173 188
174 188
175 188
176 188
177 188
178 188
179 188
180 188
181 188
182 188
183 188
184 188
185 188
186 188
187 188
188 189
