981
980
1 980
2 980
3 980
4 980
5 980
6 980
7 980
8 980
9 980
10 980
11 980
12 980
13 980
14 980
15 980
16 980
17 980
18 980
19 980
20 980
21 980
22 980
23 980
24 980
25 980
26 980
27 980
28 980
29 980
30 980
31 980
32 980
33 980
34 980
35 980
36 980
37 980
38 980
39 980
40 980
41 980
42 980
43 980
44 980
45 980
46 980
47 980
48 980
49 980
50 980
51 980
52 980
53 980
54 980
55 980
56 980
57 980
58 980
59 980
60 980
61 980
62 980
63 980
64 980
65 980
66 980
67 980
68 980
69 980
70 980
71 980
72 980
73 980
74 980
75 980
76 980
77 980
78 980
79 980
80 980
81 980
82 980
83 980
84 980
85 980
86 980
87 980
88 980
89 980
90 980
91 980
92 980
93 980
94 980
95 980
96 980
97 980
98 980
99 980
100 980
101 980
102 980
103 980
104 980
105 980
106 980
107 980
108 980
109 980
110 980
111 980
112 980
113 980
114 980
115 980
116 980
117 980
118 980
119 980
120 980
121 980
122 980
123 980
124 980
125 980
126 980
127 980
128 980
129 980
130 980
131 980
132 980
133 980
134 980
135 980
136 980
137 980
138 980
139 980
140 980
141 980
142 980
143 980
144 980
145 980
146 980
147 980
148 980
149 980
150 980
151 980
152 980
153 980
154 980
155 980
156 980
157 980
158 980
159 980
160 980
161 980
162 980
163 980
164 980
165 980
166 980
167 980
168 980
169 980
170 980
171 980
172 980
173 980
174 980
175 980
176 980
177 980
178 980
179 980
180 980
181 980
182 980
183 980
184 980
185 980
186 980
187 980
188 980
189 980
190 980
191 980
192 980
193 980
194 980
195 980
196 980
197 980
198 980
199 980
200 980
201 980
202 980
203 980
204 980
205 980
206 980
207 980
208 980
209 980
210 980
211 980
212 980
213 980
214 980
215 980
216 980
217 980
218 980
219 980
220 980
221 980
222 980
223 980
224 980
225 980
226 980
227 980
228 980
229 980
230 980
231 980
232 980
233 980
234 980
235 980
236 980
237 980
238 980
239 980
240 980
241 980
242 980
243 980
244 980
245 980
246 980
247 980
248 980
249 980
250 980
251 980
252 980
253 980
254 980
255 980
256 980
257 980
258 980
259 980
260 980
261 980
262 980
263 980
264 980
265 980
266 980
267 980
268 980
269 980
270 980
271 980
272 980
273 980
274 980
275 980
276 980
277 980
278 980
279 980
280 980
281 980
282 980
283 980
284 980
285 980
286 980
287 980
288 980
289 980
290 980
291 980
292 980
293 980
294 980
295 980
296 980
297 980
298 980
299 980
300 980
301 980
302 980
303 980
304 980
305 980
306 980
307 980
308 980
309 980
310 980
311 980
312 980
313 980
314 980
315 980
316 980
317 980
318 980
319 980
320 980
321 980
322 980
323 980
324 980
325 980
326 980
327 980
328 980
329 980
330 980
331 980
332 980
333 980
334 980
335 980
336 980
337 980
338 980
339 980
340 980
341 980
342 980
343 980
344 980
345 980
346 980
347 980
348 980
349 980
350 980
351 980
352 980
353 980
354 980
355 980
356 980
357 980
358 980
359 980
360 980
361 980
362 980
363 980
364 980
365 980
366 980
367 980
368 980
369 980
370 980
371 980
372 980
373 980
374 980
375 980
376 980
377 980
378 980
379 980
380 980
381 980
382 980
383 980
384 980
385 980
386 980
387 980
388 980
389 980
390 980
391 980
392 980
393 980
394 980
395 980
396 980
397 980
398 980
399 980
400 980
401 980
402 980
403 980
404 980
405 980
406 980
407 980
408 980
409 980
410 980
411 980
412 980
413 980
414 980
415 980
416 980
417 980
418 980
419 980
420 980
421 980
422 980
423 980
424 980
425 980
426 980
427 980
428 980
429 980
430 980
431 980
432 980
433 980
434 980
435 980
436 980
437 980
438 980
439 980
440 980
441 980
442 980
443 980
444 980
445 980
446 980
447 980
448 980
449 980
450 980
451 980
452 980
453 980
454 980
455 980
456 980
457 980
458 980
459 980
460 980
461 980
462 980
463 980
464 980
465 980
466 980
467 980
468 980
469 980
470 980
471 980
472 980
473 980
474 980
475 980
476 980
477 980
478 980
479 980
480 980
481 980
482 980
483 980
484 980
485 980
486 980
487 980
488 980
489 980
490 980
491 980
492 980
493 980
494 980
495 980
496 980
497 980
498 980
499 980
500 980
501 980
502 980
503 980
504 980
505 980
506 980
507 980
508 980
509 980
510 980
511 980
512 980
513 980
514 980
515 980
516 980
517 980
518 980
519 980
520 980
521 980
522 980
523 980
524 980
525 980
526 980
527 980
528 980
529 980
530 980
531 980
532 980
533 980
534 980
535 980
536 980
537 980
538 980
539 980
540 980
541 980
542 980
543 980
544 980
545 980
546 980
547 980
548 980
549 980
550 980
551 980
552 980
553 980
554 980
555 980
556 980
557 980
558 980
559 980
560 980
561 980
562 980
563 980
564 980
565 980
566 980
567 980
568 980
569 980
570 980
571 980
572 980
573 980
574 980
575 980
576 980
577 980
578 980
579 980
580 980
581 980
582 980
583 980
584 980
585 980
586 980
587 980
588 980
589 980
590 980
591 980
592 980
593 980
594 980
595 980
596 980
597 980
598 980
599 980
600 980
601 980
602 980
603 980
604 980
605 980
606 980
607 980
608 980
609 980
610 980
611 980
612 980
613 980
614 980
615 980
616 980
617 980
618 980
619 980
620 980
621 980
622 980
623 980
624 980
625 980
626 980
627 980
628 980
629 980
630 980
631 980
632 980
633 980
634 980
635 980
636 980
637 980
638 980
639 980
640 980
641 980
642 980
643 980
644 980
645 980
646 980
647 980
648 980
649 980
650 980
651 980
652 980
653 980
654 980
655 980
656 980
657 980
658 980
659 980
660 980
661 980
662 980
663 980
664 980
665 980
666 980
667 980
668 980
669 980
670 980
671 980
672 980
673 980
674 980
675 980
676 980
677 980
678 980
679 980
680 980
681 980
682 980
683 980
684 980
685 980
686 980
687 980
688 980
689 980
690 980
691 980
692 980
693 980
694 980
695 980
696 980
697 980
698 980
699 980
700 980
701 980
702 980
703 980
704 980
705 980
706 980
707 980
708 980
709 980
710 980
711 980
712 980
713 980
714 980
715 980
716 980
717 980
718 980
719 980
720 980
721 980
722 980
723 980
724 980
725 980
726 980
727 980
728 980
729 980
730 980
731 980
732 980
733 980
734 980
735 980
736 980
737 980
738 980
739 980
740 980
741 980
742 980
743 980
744 980
745 980
746 980
747 980
748 980
749 980
750 980
751 980
752 980
753 980
754 980
755 980
756 980
757 980
758 980
759 980
760 980
761 980
762 980
763 980
764 980
765 980
766 980
767 980
768 980
769 980
770 980
771 980
772 980
773 980
774 980
775 980
776 980
777 980
778 980
779 980
780 980
781 980
782 980
783 980
784 980
785 980
786 980
787 980
788 980
789 980
790 980
791 980
792 980
793 980
794 980
795 980
796 980
797 980
798 980
799 980
800 980
801 980
802 980
803 980
804 980
805 980
806 980
807 980
808 980
809 980
810 980
811 980
812 980
813 980
814 980
815 980
816 980
817 980
818 980
819 980
820 980
821 980
822 980
823 980
824 980
825 980
826 980
827 980
828 980
829 980
830 980
831 980
832 980
833 980
834 980
835 980
836 980
837 980
838 980
839 980
840 980
841 980
842 980
843 980
844 980
845 980
846 980
847 980
848 980
849 980
850 980
851 980
852 980
853 980
854 980
855 980
856 980
857 980
858 980
859 980
860 980
861 980
862 980
863 980
864 980
865 980
866 980
867 980
868 980
869 980
870 980
871 980
872 980
873 980
874 980
875 980
876 980
877 980
878 980
879 980
880 980
881 980
882 980
883 980
884 980
885 980
886 980
887 980
888 980
889 980
890 980
891 980
892 980
893 980
894 980
895 980
896 980
897 980
898 980
899 980
900 980
901 980
902 980
903 980
904 980
905 980
906 980
907 980
908 980
909 980
910 980
911 980
912 980
913 980
914 980
915 980
916 980
917 980
918 980
919 980
920 980
921 980
922 980
923 980
924 980
925 980
926 980
927 980
928 980
929 980
930 980
931 980
932 980
933 980
934 980
935 980
936 980
937 980
938 980
939 980
940 980
941 980
942 980
943 980
944 980
945 980
946 980
947 980
948 980
949 980
950 980
951 980
952 980
953 980
954 980
955 980
956 980
957 980
958 980
959 980
960 980
961 980
962 980
963 980
964 980
965 980
966 980
967 980
968 980
969 980
970 980
971 980
972 980
973 980
974 980
975 980
976 980
977 980
978 980
979 980
980 981
