242
241
1 241
2 241
3 241
4 241
5 241
6 241
7 241
8 241
9 241
10 241
11 241
12 241
13 241
14 241
15 241
16 241
17 241
18 241
19 241
20 241
21 241
22 241
23 241
24 241
25 241
26 241
27 241
28 241
29 241
30 241
31 241
32 241
33 241
34 241
35 241
36 241
37 241
38 241
39 241
40 241
41 241
42 241
43 241
44 241
45 241
46 241
47 241
48 241
49 241
50 241
51 241
52 241
53 241
54 241
55 241
56 241
57 241
58 241
59 241
60 241
61 241
62 241
63 241
64 241
65 241
66 241
67 241
68 241
69 241
70 241
71 241
72 241
73 241
74 241
75 241
76 241
77 241
78 241
79 241
80 241
81 241
82 241
83 241
84 241
85 241
86 241
87 241
88 241
89 241
90 241
91 241
92 241
93 241
94 241
95 241
96 241
97 241
98 241
99 241
100 241
101 241
102 241
103 241
104 241
105 241
106 241
107 241
108 241
109 241
110 241
111 241
112 241
113 241
114 241
115 241
116 241
117 241
118 241
119 241
120 241
121 241
122 241
123 241
124 241
125 241
126 241
127 241
128 241
129 241
130 241
131 241
132 241
133 241
134 241
135 241
136 241
137 241
138 241
139 241
140 241
141 241
142 241
143 241
144 241
145 241
146 241
147 241
148 241
149 241
150 241
151 241
152 241
153 241
154 241
155 241
156 241
157 241
158 241
159 241
160 241
161 241
162 241
163 241
164 241
165 241
166 241
167 241
168 241
169 241
170 241
171 241
172 241
173 241
174 241
175 241
176 241
177 241
178 241
179 241
180 241
181 241
182 241
183 241
184 241
185 241
186 241
187 241
188 241
189 241
190 241
191 241
192 241
193 241
194 241
195 241
196 241
197 241
198 241
199 241
200 241
201 241
202 241
203 241
204 241
205 241
206 241
207 241
208 241
209 241
210 241
211 241
212 241
213 241
214 241
215 241
216 241
217 241
218 241
219 241
220 241
221 241
222 241
223 241
224 241
225 241
226 241
227 241
228 241
229 241
230 241
231 241
232 241
233 241
234 241
235 241
236 241
237 241
238 241
239 241
240 241
241 242
