670
669
1 669
2 669
3 669
4 669
5 669
6 669
7 669
8 669
9 669
10 669
11 669
12 669
13 669
14 669
15 669
16 669
17 669
18 669
19 669
20 669
21 669
22 669
23 669
24 669
25 669
26 669
27 669
28 669
29 669
30 669
31 669
32 669
33 669
34 669
35 669
36 669
37 669
38 669
39 669
40 669
41 669
42 669
43 669
44 669
45 669
46 669
47 669
48 669
49 669
50 669
51 669
52 669
53 669
54 669
55 669
56 669
57 669
58 669
59 669
60 669
61 669
62 669
63 669
64 669
65 669
66 669
67 669
68 669
69 669
70 669
71 669
72 669
73 669
74 669
75 669
76 669
77 669
78 669
79 669
80 669
81 669
82 669
83 669
84 669
85 669
86 669
87 669
88 669
89 669
90 669
91 669
92 669
93 669
94 669
95 669
96 669
97 669
98 669
99 669
100 669
101 669
102 669
103 669
104 669
105 669
106 669
107 669
108 669
109 669
110 669
111 669
112 669
113 669
114 669
115 669
116 669
117 669
118 669
119 669
120 669
121 669
122 669
123 669
124 669
125 669
126 669
127 669
128 669
129 669
130 669
131 669
132 669
133 669
134 669
135 669
136 669
137 669
138 669
139 669
140 669
141 669
142 669
143 669
144 669
145 669
146 669
147 669
148 669
149 669
150 669
151 669
152 669
153 669
154 669
155 669
156 669
157 669
158 669
159 669
160 669
161 669
162 669
163 669
164 669
165 669
166 669
167 669
168 669
169 669
170 669
171 669
172 669
173 669
174 669
175 669
176 669
177 669
178 669
179 669
180 669
181 669
182 669
183 669
184 669
185 669
186 669
187 669
188 669
189 669
190 669
191 669
192 669
193 669
194 669
195 669
196 669
197 669
198 669
199 669
200 669
201 669
202 669
203 669
204 669
205 669
206 669
207 669
208 669
209 669
210 669
211 669
212 669
213 669
214 669
215 669
216 669
217 669
218 669
219 669
220 669
221 669
222 669
223 669
224 669
225 669
226 669
227 669
228 669
229 669
230 669
231 669
232 669
233 669
234 669
235 669
236 669
237 669
238 669
239 669
240 669
241 669
242 669
243 669
244 669
245 669
246 669
247 669
248 669
249 669
250 669
251 669
252 669
253 669
254 669
255 669
256 669
257 669
258 669
259 669
260 669
261 669
262 669
263 669
264 669
265 669
266 669
267 669
268 669
269 669
270 669
271 669
272 669
273 669
274 669
275 669
276 669
277 669
278 669
279 669
280 669
281 669
282 669
283 669
284 669
285 669
286 669
287 669
288 669
289 669
290 669
291 669
292 669
293 669
294 669
295 669
296 669
297 669
298 669
299 669
300 669
301 669
302 669
303 669
304 669
305 669
306 669
307 669
308 669
309 669
310 669
311 669
312 669
313 669
314 669
315 669
316 669
317 669
318 669
319 669
320 669
321 669
322 669
323 669
324 669
325 669
326 669
327 669
328 669
329 669
330 669
331 669
332 669
333 669
334 669
335 669
336 669
337 669
338 669
339 669
340 669
341 669
342 669
343 669
344 669
345 669
346 669
347 669
348 669
349 669
350 669
351 669
352 669
353 669
354 669
355 669
356 669
357 669
358 669
359 669
360 669
361 669
362 669
363 669
364 669
365 669
366 669
367 669
368 669
369 669
370 669
371 669
372 669
373 669
374 669
375 669
376 669
377 669
378 669
379 669
380 669
381 669
382 669
383 669
384 669
385 669
386 669
387 669
388 669
389 669
390 669
391 669
392 669
393 669
394 669
395 669
396 669
397 669
398 669
399 669
400 669
401 669
402 669
403 669
404 669
405 669
406 669
407 669
408 669
409 669
410 669
411 669
412 669
413 669
414 669
415 669
416 669
417 669
418 669
419 669
420 669
421 669
422 669
423 669
424 669
425 669
426 669
427 669
428 669
429 669
430 669
431 669
432 669
433 669
434 669
435 669
436 669
437 669
438 669
439 669
440 669
441 669
442 669
443 669
444 669
445 669
446 669
447 669
448 669
449 669
450 669
451 669
452 669
453 669
454 669
455 669
456 669
457 669
458 669
459 669
460 669
461 669
462 669
463 669
464 669
465 669
466 669
467 669
468 669
469 669
470 669
471 669
472 669
473 669
474 669
475 669
476 669
477 669
478 669
479 669
480 669
481 669
482 669
483 669
484 669
485 669
486 669
487 669
488 669
489 669
490 669
491 669
492 669
493 669
494 669
495 669
496 669
497 669
498 669
499 669
500 669
501 669
502 669
503 669
504 669
505 669
506 669
507 669
508 669
509 669
510 669
511 669
512 669
513 669
514 669
515 669
516 669
517 669
518 669
519 669
520 669
521 669
522 669
523 669
524 669
525 669
526 669
527 669
528 669
529 669
530 669
531 669
532 669
533 669
534 669
535 669
536 669
537 669
538 669
539 669
540 669
541 669
542 669
543 669
544 669
545 669
546 669
547 669
548 669
549 669
550 669
551 669
552 669
553 669
554 669
555 669
556 669
557 669
558 669
559 669
560 669
561 669
562 669
563 669
564 669
565 669
566 669
567 669
568 669
569 669
570 669
571 669
572 669
573 669
574 669
575 669
576 669
577 669
578 669
579 669
580 669
581 669
582 669
583 669
584 669
585 669
586 669
587 669
588 669
589 669
590 669
591 669
592 669
593 669
594 669
595 669
596 669
597 669
598 669
599 669
600 669
601 669
602 669
603 669
604 669
605 669
606 669
607 669
608 669
609 669
610 669
611 669
612 669
613 669
614 669
615 669
616 669
617 669
618 669
619 669
620 669
621 669
622 669
623 669
624 669
625 669
626 669
627 669
628 669
629 669
630 669
631 669
632 669
633 669
634 669
635 669
636 669
637 669
638 669
639 669
640 669
641 669
642 669
643 669
644 669
645 669
646 669
647 669
648 669
649 669
650 669
651 669
652 669
653 669
654 669
655 669
656 669
657 669
658 669
659 669
660 669
661 669
662 669
663 669
664 669
665 669
666 669
667 669
668 669
669 670
