667
666
1 666
2 666
3 666
4 666
5 666
6 666
7 666
8 666
9 666
10 666
11 666
12 666
13 666
14 666
15 666
16 666
17 666
18 666
19 666
20 666
21 666
22 666
23 666
24 666
25 666
26 666
27 666
28 666
29 666
30 666
31 666
32 666
33 666
34 666
35 666
36 666
37 666
38 666
39 666
40 666
41 666
42 666
43 666
44 666
45 666
46 666
47 666
48 666
49 666
50 666
51 666
52 666
53 666
54 666
55 666
56 666
57 666
58 666
59 666
60 666
61 666
62 666
63 666
64 666
65 666
66 666
67 666
68 666
69 666
70 666
71 666
72 666
73 666
74 666
75 666
76 666
77 666
78 666
79 666
80 666
81 666
82 666
83 666
84 666
85 666
86 666
87 666
88 666
89 666
90 666
91 666
92 666
93 666
94 666
95 666
96 666
97 666
98 666
99 666
100 666
101 666
102 666
103 666
104 666
105 666
106 666
107 666
108 666
109 666
110 666
111 666
112 666
113 666
114 666
115 666
116 666
117 666
118 666
119 666
120 666
121 666
122 666
123 666
124 666
125 666
126 666
127 666
128 666
129 666
130 666
131 666
132 666
133 666
134 666
135 666
136 666
137 666
138 666
139 666
140 666
141 666
142 666
143 666
144 666
145 666
146 666
147 666
148 666
149 666
150 666
151 666
152 666
153 666
154 666
155 666
156 666
157 666
158 666
159 666
160 666
161 666
162 666
163 666
164 666
165 666
166 666
167 666
168 666
169 666
170 666
171 666
172 666
173 666
174 666
175 666
176 666
177 666
178 666
179 666
180 666
181 666
182 666
183 666
184 666
185 666
186 666
187 666
188 666
189 666
190 666
191 666
192 666
193 666
194 666
195 666
196 666
197 666
198 666
199 666
200 666
201 666
202 666
203 666
204 666
205 666
206 666
207 666
208 666
209 666
210 666
211 666
212 666
213 666
214 666
215 666
216 666
217 666
218 666
219 666
220 666
221 666
222 666
223 666
224 666
225 666
226 666
227 666
228 666
229 666
230 666
231 666
232 666
233 666
234 666
235 666
236 666
237 666
238 666
239 666
240 666
241 666
242 666
243 666
244 666
245 666
246 666
247 666
248 666
249 666
250 666
251 666
252 666
253 666
254 666
255 666
256 666
257 666
258 666
259 666
260 666
261 666
262 666
263 666
264 666
265 666
266 666
267 666
268 666
269 666
270 666
271 666
272 666
273 666
274 666
275 666
276 666
277 666
278 666
279 666
280 666
281 666
282 666
283 666
284 666
285 666
286 666
287 666
288 666
289 666
290 666
291 666
292 666
293 666
294 666
295 666
296 666
297 666
298 666
299 666
300 666
301 666
302 666
303 666
304 666
305 666
306 666
307 666
308 666
309 666
310 666
311 666
312 666
313 666
314 666
315 666
316 666
317 666
318 666
319 666
320 666
321 666
322 666
323 666
324 666
325 666
326 666
327 666
328 666
329 666
330 666
331 666
332 666
333 666
334 666
335 666
336 666
337 666
338 666
339 666
340 666
341 666
342 666
343 666
344 666
345 666
346 666
347 666
348 666
349 666
350 666
351 666
352 666
353 666
354 666
355 666
356 666
357 666
358 666
359 666
360 666
361 666
362 666
363 666
364 666
365 666
366 666
367 666
368 666
369 666
370 666
371 666
372 666
373 666
374 666
375 666
376 666
377 666
378 666
379 666
380 666
381 666
382 666
383 666
384 666
385 666
386 666
387 666
388 666
389 666
390 666
391 666
392 666
393 666
394 666
395 666
396 666
397 666
398 666
399 666
400 666
401 666
402 666
403 666
404 666
405 666
406 666
407 666
408 666
409 666
410 666
411 666
412 666
413 666
414 666
415 666
416 666
417 666
418 666
419 666
420 666
421 666
422 666
423 666
424 666
425 666
426 666
427 666
428 666
429 666
430 666
431 666
432 666
433 666
434 666
435 666
436 666
437 666
438 666
439 666
440 666
441 666
442 666
443 666
444 666
445 666
446 666
447 666
448 666
449 666
450 666
451 666
452 666
453 666
454 666
455 666
456 666
457 666
458 666
459 666
460 666
461 666
462 666
463 666
464 666
465 666
466 666
467 666
468 666
469 666
470 666
471 666
472 666
473 666
474 666
475 666
476 666
477 666
478 666
479 666
480 666
481 666
482 666
483 666
484 666
485 666
486 666
487 666
488 666
489 666
490 666
491 666
492 666
493 666
494 666
495 666
496 666
497 666
498 666
499 666
500 666
501 666
502 666
503 666
504 666
505 666
506 666
507 666
508 666
509 666
510 666
511 666
512 666
513 666
514 666
515 666
516 666
517 666
518 666
519 666
520 666
521 666
522 666
523 666
524 666
525 666
526 666
527 666
528 666
529 666
530 666
531 666
532 666
533 666
534 666
535 666
536 666
537 666
538 666
539 666
540 666
541 666
542 666
543 666
544 666
545 666
546 666
547 666
548 666
549 666
550 666
551 666
552 666
553 666
554 666
555 666
556 666
557 666
558 666
559 666
560 666
561 666
562 666
563 666
564 666
565 666
566 666
567 666
568 666
569 666
570 666
571 666
572 666
573 666
574 666
575 666
576 666
577 666
578 666
579 666
580 666
581 666
582 666
583 666
584 666
585 666
586 666
587 666
588 666
589 666
590 666
591 666
592 666
593 666
594 666
595 666
596 666
597 666
598 666
599 666
600 666
601 666
602 666
603 666
604 666
605 666
606 666
607 666
608 666
609 666
610 666
611 666
612 666
613 666
614 666
615 666
616 666
617 666
618 666
619 666
620 666
621 666
622 666
623 666
624 666
625 666
626 666
627 666
628 666
629 666
630 666
631 666
632 666
633 666
634 666
635 666
636 666
637 666
638 666
639 666
640 666
641 666
642 666
643 666
644 666
645 666
646 666
647 666
648 666
649 666
650 666
651 666
652 666
653 666
654 666
655 666
656 666
657 666
658 666
659 666
660 666
661 666
662 666
663 666
664 666
665 666
666 667
