613
612
1 612
2 612
3 612
4 612
5 612
6 612
7 612
8 612
9 612
10 612
11 612
12 612
13 612
14 612
15 612
16 612
17 612
18 612
19 612
20 612
21 612
22 612
23 612
24 612
25 612
26 612
27 612
28 612
29 612
30 612
31 612
32 612
33 612
34 612
35 612
36 612
37 612
38 612
39 612
40 612
41 612
42 612
43 612
44 612
45 612
46 612
47 612
48 612
49 612
50 612
51 612
52 612
53 612
54 612
55 612
56 612
57 612
58 612
59 612
60 612
61 612
62 612
63 612
64 612
65 612
66 612
67 612
68 612
69 612
70 612
71 612
72 612
73 612
74 612
75 612
76 612
77 612
78 612
79 612
80 612
81 612
82 612
83 612
84 612
85 612
86 612
87 612
88 612
89 612
90 612
91 612
92 612
93 612
94 612
95 612
96 612
97 612
98 612
99 612
100 612
101 612
102 612
103 612
104 612
105 612
106 612
107 612
108 612
109 612
110 612
111 612
112 612
113 612
114 612
115 612
116 612
117 612
118 612
119 612
120 612
121 612
122 612
123 612
124 612
125 612
126 612
127 612
128 612
129 612
130 612
131 612
132 612
133 612
134 612
135 612
136 612
137 612
138 612
139 612
140 612
141 612
142 612
143 612
144 612
145 612
146 612
147 612
148 612
149 612
150 612
151 612
152 612
153 612
154 612
155 612
156 612
157 612
158 612
159 612
160 612
161 612
162 612
163 612
164 612
165 612
166 612
167 612
168 612
169 612
170 612
171 612
172 612
173 612
174 612
175 612
176 612
177 612
178 612
179 612
180 612
181 612
182 612
183 612
184 612
185 612
186 612
187 612
188 612
189 612
190 612
191 612
192 612
193 612
194 612
195 612
196 612
197 612
198 612
199 612
200 612
201 612
202 612
203 612
204 612
205 612
206 612
207 612
208 612
209 612
210 612
211 612
212 612
213 612
214 612
215 612
216 612
217 612
218 612
219 612
220 612
221 612
222 612
223 612
224 612
225 612
226 612
227 612
228 612
229 612
230 612
231 612
232 612
233 612
234 612
235 612
236 612
237 612
238 612
239 612
240 612
241 612
242 612
243 612
244 612
245 612
246 612
247 612
248 612
249 612
250 612
251 612
252 612
253 612
254 612
255 612
256 612
257 612
258 612
259 612
260 612
261 612
262 612
263 612
264 612
265 612
266 612
267 612
268 612
269 612
270 612
271 612
272 612
273 612
274 612
275 612
276 612
277 612
278 612
279 612
280 612
281 612
282 612
283 612
284 612
285 612
286 612
287 612
288 612
289 612
290 612
291 612
292 612
293 612
294 612
295 612
296 612
297 612
298 612
299 612
300 612
301 612
302 612
303 612
304 612
305 612
306 612
307 612
308 612
309 612
310 612
311 612
312 612
313 612
314 612
315 612
316 612
317 612
318 612
319 612
320 612
321 612
322 612
323 612
324 612
325 612
326 612
327 612
328 612
329 612
330 612
331 612
332 612
333 612
334 612
335 612
336 612
337 612
338 612
339 612
340 612
341 612
342 612
343 612
344 612
345 612
346 612
347 612
348 612
349 612
350 612
351 612
352 612
353 612
354 612
355 612
356 612
357 612
358 612
359 612
360 612
361 612
362 612
363 612
364 612
365 612
366 612
367 612
368 612
369 612
370 612
371 612
372 612
373 612
374 612
375 612
376 612
377 612
378 612
379 612
380 612
381 612
382 612
383 612
384 612
385 612
386 612
387 612
388 612
389 612
390 612
391 612
392 612
393 612
394 612
395 612
396 612
397 612
398 612
399 612
400 612
401 612
402 612
403 612
404 612
405 612
406 612
407 612
408 612
409 612
410 612
411 612
412 612
413 612
414 612
415 612
416 612
417 612
418 612
419 612
420 612
421 612
422 612
423 612
424 612
425 612
426 612
427 612
428 612
429 612
430 612
431 612
432 612
433 612
434 612
435 612
436 612
437 612
438 612
439 612
440 612
441 612
442 612
443 612
444 612
445 612
446 612
447 612
448 612
449 612
450 612
451 612
452 612
453 612
454 612
455 612
456 612
457 612
458 612
459 612
460 612
461 612
462 612
463 612
464 612
465 612
466 612
467 612
468 612
469 612
470 612
471 612
472 612
473 612
474 612
475 612
476 612
477 612
478 612
479 612
480 612
481 612
482 612
483 612
484 612
485 612
486 612
487 612
488 612
489 612
490 612
491 612
492 612
493 612
494 612
495 612
496 612
497 612
498 612
499 612
500 612
501 612
502 612
503 612
504 612
505 612
506 612
507 612
508 612
509 612
510 612
511 612
512 612
513 612
514 612
515 612
516 612
517 612
518 612
519 612
520 612
521 612
522 612
523 612
524 612
525 612
526 612
527 612
528 612
529 612
530 612
531 612
532 612
533 612
534 612
535 612
536 612
537 612
538 612
539 612
540 612
541 612
542 612
543 612
544 612
545 612
546 612
547 612
548 612
549 612
550 612
551 612
552 612
553 612
554 612
555 612
556 612
557 612
558 612
559 612
560 612
561 612
562 612
563 612
564 612
565 612
566 612
567 612
568 612
569 612
570 612
571 612
572 612
573 612
574 612
575 612
576 612
577 612
578 612
579 612
580 612
581 612
582 612
583 612
584 612
585 612
586 612
587 612
588 612
589 612
590 612
591 612
592 612
593 612
594 612
595 612
596 612
597 612
598 612
599 612
600 612
601 612
602 612
603 612
604 612
605 612
606 612
607 612
608 612
609 612
610 612
611 612
612 613
