945
944
1 944
2 944
3 944
4 944
5 944
6 944
7 944
8 944
9 944
10 944
11 944
12 944
13 944
14 944
15 944
16 944
17 944
18 944
19 944
20 944
21 944
22 944
23 944
24 944
25 944
26 944
27 944
28 944
29 944
30 944
31 944
32 944
33 944
34 944
35 944
36 944
37 944
38 944
39 944
40 944
41 944
42 944
43 944
44 944
45 944
46 944
47 944
48 944
49 944
50 944
51 944
52 944
53 944
54 944
55 944
56 944
57 944
58 944
59 944
60 944
61 944
62 944
63 944
64 944
65 944
66 944
67 944
68 944
69 944
70 944
71 944
72 944
73 944
74 944
75 944
76 944
77 944
78 944
79 944
80 944
81 944
82 944
83 944
84 944
85 944
86 944
87 944
88 944
89 944
90 944
91 944
92 944
93 944
94 944
95 944
96 944
97 944
98 944
99 944
100 944
101 944
102 944
103 944
104 944
105 944
106 944
107 944
108 944
109 944
110 944
111 944
112 944
113 944
114 944
115 944
116 944
117 944
118 944
119 944
120 944
121 944
122 944
123 944
124 944
125 944
126 944
127 944
128 944
129 944
130 944
131 944
132 944
133 944
134 944
135 944
136 944
137 944
138 944
139 944
140 944
141 944
142 944
143 944
144 944
145 944
146 944
147 944
148 944
149 944
150 944
151 944
152 944
153 944
154 944
155 944
156 944
157 944
158 944
159 944
160 944
161 944
162 944
163 944
164 944
165 944
166 944
167 944
168 944
169 944
170 944
171 944
172 944
173 944
174 944
175 944
176 944
177 944
178 944
179 944
180 944
181 944
182 944
183 944
184 944
185 944
186 944
187 944
188 944
189 944
190 944
191 944
192 944
193 944
194 944
195 944
196 944
197 944
198 944
199 944
200 944
201 944
202 944
203 944
204 944
205 944
206 944
207 944
208 944
209 944
210 944
211 944
212 944
213 944
214 944
215 944
216 944
217 944
218 944
219 944
220 944
221 944
222 944
223 944
224 944
225 944
226 944
227 944
228 944
229 944
230 944
231 944
232 944
233 944
234 944
235 944
236 944
237 944
238 944
239 944
240 944
241 944
242 944
243 944
244 944
245 944
246 944
247 944
248 944
249 944
250 944
251 944
252 944
253 944
254 944
255 944
256 944
257 944
258 944
259 944
260 944
261 944
262 944
263 944
264 944
265 944
266 944
267 944
268 944
269 944
270 944
271 944
272 944
273 944
274 944
275 944
276 944
277 944
278 944
279 944
280 944
281 944
282 944
283 944
284 944
285 944
286 944
287 944
288 944
289 944
290 944
291 944
292 944
293 944
294 944
295 944
296 944
297 944
298 944
299 944
300 944
301 944
302 944
303 944
304 944
305 944
306 944
307 944
308 944
309 944
310 944
311 944
312 944
313 944
314 944
315 944
316 944
317 944
318 944
319 944
320 944
321 944
322 944
323 944
324 944
325 944
326 944
327 944
328 944
329 944
330 944
331 944
332 944
333 944
334 944
335 944
336 944
337 944
338 944
339 944
340 944
341 944
342 944
343 944
344 944
345 944
346 944
347 944
348 944
349 944
350 944
351 944
352 944
353 944
354 944
355 944
356 944
357 944
358 944
359 944
360 944
361 944
362 944
363 944
364 944
365 944
366 944
367 944
368 944
369 944
370 944
371 944
372 944
373 944
374 944
375 944
376 944
377 944
378 944
379 944
380 944
381 944
382 944
383 944
384 944
385 944
386 944
387 944
388 944
389 944
390 944
391 944
392 944
393 944
394 944
395 944
396 944
397 944
398 944
399 944
400 944
401 944
402 944
403 944
404 944
405 944
406 944
407 944
408 944
409 944
410 944
411 944
412 944
413 944
414 944
415 944
416 944
417 944
418 944
419 944
420 944
421 944
422 944
423 944
424 944
425 944
426 944
427 944
428 944
429 944
430 944
431 944
432 944
433 944
434 944
435 944
436 944
437 944
438 944
439 944
440 944
441 944
442 944
443 944
444 944
445 944
446 944
447 944
448 944
449 944
450 944
451 944
452 944
453 944
454 944
455 944
456 944
457 944
458 944
459 944
460 944
461 944
462 944
463 944
464 944
465 944
466 944
467 944
468 944
469 944
470 944
471 944
472 944
473 944
474 944
475 944
476 944
477 944
478 944
479 944
480 944
481 944
482 944
483 944
484 944
485 944
486 944
487 944
488 944
489 944
490 944
491 944
492 944
493 944
494 944
495 944
496 944
497 944
498 944
499 944
500 944
501 944
502 944
503 944
504 944
505 944
506 944
507 944
508 944
509 944
510 944
511 944
512 944
513 944
514 944
515 944
516 944
517 944
518 944
519 944
520 944
521 944
522 944
523 944
524 944
525 944
526 944
527 944
528 944
529 944
530 944
531 944
532 944
533 944
534 944
535 944
536 944
537 944
538 944
539 944
540 944
541 944
542 944
543 944
544 944
545 944
546 944
547 944
548 944
549 944
550 944
551 944
552 944
553 944
554 944
555 944
556 944
557 944
558 944
559 944
560 944
561 944
562 944
563 944
564 944
565 944
566 944
567 944
568 944
569 944
570 944
571 944
572 944
573 944
574 944
575 944
576 944
577 944
578 944
579 944
580 944
581 944
582 944
583 944
584 944
585 944
586 944
587 944
588 944
589 944
590 944
591 944
592 944
593 944
594 944
595 944
596 944
597 944
598 944
599 944
600 944
601 944
602 944
603 944
604 944
605 944
606 944
607 944
608 944
609 944
610 944
611 944
612 944
613 944
614 944
615 944
616 944
617 944
618 944
619 944
620 944
621 944
622 944
623 944
624 944
625 944
626 944
627 944
628 944
629 944
630 944
631 944
632 944
633 944
634 944
635 944
636 944
637 944
638 944
639 944
640 944
641 944
642 944
643 944
644 944
645 944
646 944
647 944
648 944
649 944
650 944
651 944
652 944
653 944
654 944
655 944
656 944
657 944
658 944
659 944
660 944
661 944
662 944
663 944
664 944
665 944
666 944
667 944
668 944
669 944
670 944
671 944
672 944
673 944
674 944
675 944
676 944
677 944
678 944
679 944
680 944
681 944
682 944
683 944
684 944
685 944
686 944
687 944
688 944
689 944
690 944
691 944
692 944
693 944
694 944
695 944
696 944
697 944
698 944
699 944
700 944
701 944
702 944
703 944
704 944
705 944
706 944
707 944
708 944
709 944
710 944
711 944
712 944
713 944
714 944
715 944
716 944
717 944
718 944
719 944
720 944
721 944
722 944
723 944
724 944
725 944
726 944
727 944
728 944
729 944
730 944
731 944
732 944
733 944
734 944
735 944
736 944
737 944
738 944
739 944
740 944
741 944
742 944
743 944
744 944
745 944
746 944
747 944
748 944
749 944
750 944
751 944
752 944
753 944
754 944
755 944
756 944
757 944
758 944
759 944
760 944
761 944
762 944
763 944
764 944
765 944
766 944
767 944
768 944
769 944
770 944
771 944
772 944
773 944
774 944
775 944
776 944
777 944
778 944
779 944
780 944
781 944
782 944
783 944
784 944
785 944
786 944
787 944
788 944
789 944
790 944
791 944
792 944
793 944
794 944
795 944
796 944
797 944
798 944
799 944
800 944
801 944
802 944
803 944
804 944
805 944
806 944
807 944
808 944
809 944
810 944
811 944
812 944
813 944
814 944
815 944
816 944
817 944
818 944
819 944
820 944
821 944
822 944
823 944
824 944
825 944
826 944
827 944
828 944
829 944
830 944
831 944
832 944
833 944
834 944
835 944
836 944
837 944
838 944
839 944
840 944
841 944
842 944
843 944
844 944
845 944
846 944
847 944
848 944
849 944
850 944
851 944
852 944
853 944
854 944
855 944
856 944
857 944
858 944
859 944
860 944
861 944
862 944
863 944
864 944
865 944
866 944
867 944
868 944
869 944
870 944
871 944
872 944
873 944
874 944
875 944
876 944
877 944
878 944
879 944
880 944
881 944
882 944
883 944
884 944
885 944
886 944
887 944
888 944
889 944
890 944
891 944
892 944
893 944
894 944
895 944
896 944
897 944
898 944
899 944
900 944
901 944
902 944
903 944
904 944
905 944
906 944
907 944
908 944
909 944
910 944
911 944
912 944
913 944
914 944
915 944
916 944
917 944
918 944
919 944
920 944
921 944
922 944
923 944
924 944
925 944
926 944
927 944
928 944
929 944
930 944
931 944
932 944
933 944
934 944
935 944
936 944
937 944
938 944
939 944
940 944
941 944
942 944
943 944
944 945
