690
689
1 689
2 689
3 689
4 689
5 689
6 689
7 689
8 689
9 689
10 689
11 689
12 689
13 689
14 689
15 689
16 689
17 689
18 689
19 689
20 689
21 689
22 689
23 689
24 689
25 689
26 689
27 689
28 689
29 689
30 689
31 689
32 689
33 689
34 689
35 689
36 689
37 689
38 689
39 689
40 689
41 689
42 689
43 689
44 689
45 689
46 689
47 689
48 689
49 689
50 689
51 689
52 689
53 689
54 689
55 689
56 689
57 689
58 689
59 689
60 689
61 689
62 689
63 689
64 689
65 689
66 689
67 689
68 689
69 689
70 689
71 689
72 689
73 689
74 689
75 689
76 689
77 689
78 689
79 689
80 689
81 689
82 689
83 689
84 689
85 689
86 689
87 689
88 689
89 689
90 689
91 689
92 689
93 689
94 689
95 689
96 689
97 689
98 689
99 689
100 689
101 689
102 689
103 689
104 689
105 689
106 689
107 689
108 689
109 689
110 689
111 689
112 689
113 689
114 689
115 689
116 689
117 689
118 689
119 689
120 689
121 689
122 689
123 689
124 689
125 689
126 689
127 689
128 689
129 689
130 689
131 689
132 689
133 689
134 689
135 689
136 689
137 689
138 689
139 689
140 689
141 689
142 689
143 689
144 689
145 689
146 689
147 689
148 689
149 689
150 689
151 689
152 689
153 689
154 689
155 689
156 689
157 689
158 689
159 689
160 689
161 689
162 689
163 689
164 689
165 689
166 689
167 689
168 689
169 689
170 689
171 689
172 689
173 689
174 689
175 689
176 689
177 689
178 689
179 689
180 689
181 689
182 689
183 689
184 689
185 689
186 689
187 689
188 689
189 689
190 689
191 689
192 689
193 689
194 689
195 689
196 689
197 689
198 689
199 689
200 689
201 689
202 689
203 689
204 689
205 689
206 689
207 689
208 689
209 689
210 689
211 689
212 689
213 689
214 689
215 689
216 689
217 689
218 689
219 689
220 689
221 689
222 689
223 689
224 689
225 689
226 689
227 689
228 689
229 689
230 689
231 689
232 689
233 689
234 689
235 689
236 689
237 689
238 689
239 689
240 689
241 689
242 689
243 689
244 689
245 689
246 689
247 689
248 689
249 689
250 689
251 689
252 689
253 689
254 689
255 689
256 689
257 689
258 689
259 689
260 689
261 689
262 689
263 689
264 689
265 689
266 689
267 689
268 689
269 689
270 689
271 689
272 689
273 689
274 689
275 689
276 689
277 689
278 689
279 689
280 689
281 689
282 689
283 689
284 689
285 689
286 689
287 689
288 689
289 689
290 689
291 689
292 689
293 689
294 689
295 689
296 689
297 689
298 689
299 689
300 689
301 689
302 689
303 689
304 689
305 689
306 689
307 689
308 689
309 689
310 689
311 689
312 689
313 689
314 689
315 689
316 689
317 689
318 689
319 689
320 689
321 689
322 689
323 689
324 689
325 689
326 689
327 689
328 689
329 689
330 689
331 689
332 689
333 689
334 689
335 689
336 689
337 689
338 689
339 689
340 689
341 689
342 689
343 689
344 689
345 689
346 689
347 689
348 689
349 689
350 689
351 689
352 689
353 689
354 689
355 689
356 689
357 689
358 689
359 689
360 689
361 689
362 689
363 689
364 689
365 689
366 689
367 689
368 689
369 689
370 689
371 689
372 689
373 689
374 689
375 689
376 689
377 689
378 689
379 689
380 689
381 689
382 689
383 689
384 689
385 689
386 689
387 689
388 689
389 689
390 689
391 689
392 689
393 689
394 689
395 689
396 689
397 689
398 689
399 689
400 689
401 689
402 689
403 689
404 689
405 689
406 689
407 689
408 689
409 689
410 689
411 689
412 689
413 689
414 689
415 689
416 689
417 689
418 689
419 689
420 689
421 689
422 689
423 689
424 689
425 689
426 689
427 689
428 689
429 689
430 689
431 689
432 689
433 689
434 689
435 689
436 689
437 689
438 689
439 689
440 689
441 689
442 689
443 689
444 689
445 689
446 689
447 689
448 689
449 689
450 689
451 689
452 689
453 689
454 689
455 689
456 689
457 689
458 689
459 689
460 689
461 689
462 689
463 689
464 689
465 689
466 689
467 689
468 689
469 689
470 689
471 689
472 689
473 689
474 689
475 689
476 689
477 689
478 689
479 689
480 689
481 689
482 689
483 689
484 689
485 689
486 689
487 689
488 689
489 689
490 689
491 689
492 689
493 689
494 689
495 689
496 689
497 689
498 689
499 689
500 689
501 689
502 689
503 689
504 689
505 689
506 689
507 689
508 689
509 689
510 689
511 689
512 689
513 689
514 689
515 689
516 689
517 689
518 689
519 689
520 689
521 689
522 689
523 689
524 689
525 689
526 689
527 689
528 689
529 689
530 689
531 689
532 689
533 689
534 689
535 689
536 689
537 689
538 689
539 689
540 689
541 689
542 689
543 689
544 689
545 689
546 689
547 689
548 689
549 689
550 689
551 689
552 689
553 689
554 689
555 689
556 689
557 689
558 689
559 689
560 689
561 689
562 689
563 689
564 689
565 689
566 689
567 689
568 689
569 689
570 689
571 689
572 689
573 689
574 689
575 689
576 689
577 689
578 689
579 689
580 689
581 689
582 689
583 689
584 689
585 689
586 689
587 689
588 689
589 689
590 689
591 689
592 689
593 689
594 689
595 689
596 689
597 689
598 689
599 689
600 689
601 689
602 689
603 689
604 689
605 689
606 689
607 689
608 689
609 689
610 689
611 689
612 689
613 689
614 689
615 689
616 689
617 689
618 689
619 689
620 689
621 689
622 689
623 689
624 689
625 689
626 689
627 689
628 689
629 689
630 689
631 689
632 689
633 689
634 689
635 689
636 689
637 689
638 689
639 689
640 689
641 689
642 689
643 689
644 689
645 689
646 689
647 689
648 689
649 689
650 689
651 689
652 689
653 689
654 689
655 689
656 689
657 689
658 689
659 689
660 689
661 689
662 689
663 689
664 689
665 689
666 689
667 689
668 689
669 689
670 689
671 689
672 689
673 689
674 689
675 689
676 689
677 689
678 689
679 689
680 689
681 689
682 689
683 689
684 689
685 689
686 689
687 689
688 689
689 690
