851
850
1 850
2 850
3 850
4 850
5 850
6 850
7 850
8 850
9 850
10 850
11 850
12 850
13 850
14 850
15 850
16 850
17 850
18 850
19 850
20 850
21 850
22 850
23 850
24 850
25 850
26 850
27 850
28 850
29 850
30 850
31 850
32 850
33 850
34 850
35 850
36 850
37 850
38 850
39 850
40 850
41 850
42 850
43 850
44 850
45 850
46 850
47 850
48 850
49 850
50 850
51 850
52 850
53 850
54 850
55 850
56 850
57 850
58 850
59 850
60 850
61 850
62 850
63 850
64 850
65 850
66 850
67 850
68 850
69 850
70 850
71 850
72 850
73 850
74 850
75 850
76 850
77 850
78 850
79 850
80 850
81 850
82 850
83 850
84 850
85 850
86 850
87 850
88 850
89 850
90 850
91 850
92 850
93 850
94 850
95 850
96 850
97 850
98 850
99 850
100 850
101 850
102 850
103 850
104 850
105 850
106 850
107 850
108 850
109 850
110 850
111 850
112 850
113 850
114 850
115 850
116 850
117 850
118 850
119 850
120 850
121 850
122 850
123 850
124 850
125 850
126 850
127 850
128 850
129 850
130 850
131 850
132 850
133 850
134 850
135 850
136 850
137 850
138 850
139 850
140 850
141 850
142 850
143 850
144 850
145 850
146 850
147 850
148 850
149 850
150 850
151 850
152 850
153 850
154 850
155 850
156 850
157 850
158 850
159 850
160 850
161 850
162 850
163 850
164 850
165 850
166 850
167 850
168 850
169 850
170 850
171 850
172 850
173 850
174 850
175 850
176 850
177 850
178 850
179 850
180 850
181 850
182 850
183 850
184 850
185 850
186 850
187 850
188 850
189 850
190 850
191 850
192 850
193 850
194 850
195 850
196 850
197 850
198 850
199 850
200 850
201 850
202 850
203 850
204 850
205 850
206 850
207 850
208 850
209 850
210 850
211 850
212 850
213 850
214 850
215 850
216 850
217 850
218 850
219 850
220 850
221 850
222 850
223 850
224 850
225 850
226 850
227 850
228 850
229 850
230 850
231 850
232 850
233 850
234 850
235 850
236 850
237 850
238 850
239 850
240 850
241 850
242 850
243 850
244 850
245 850
246 850
247 850
248 850
249 850
250 850
251 850
252 850
253 850
254 850
255 850
256 850
257 850
258 850
259 850
260 850
261 850
262 850
263 850
264 850
265 850
266 850
267 850
268 850
269 850
270 850
271 850
272 850
273 850
274 850
275 850
276 850
277 850
278 850
279 850
280 850
281 850
282 850
283 850
284 850
285 850
286 850
287 850
288 850
289 850
290 850
291 850
292 850
293 850
294 850
295 850
296 850
297 850
298 850
299 850
300 850
301 850
302 850
303 850
304 850
305 850
306 850
307 850
308 850
309 850
310 850
311 850
312 850
313 850
314 850
315 850
316 850
317 850
318 850
319 850
320 850
321 850
322 850
323 850
324 850
325 850
326 850
327 850
328 850
329 850
330 850
331 850
332 850
333 850
334 850
335 850
336 850
337 850
338 850
339 850
340 850
341 850
342 850
343 850
344 850
345 850
346 850
347 850
348 850
349 850
350 850
351 850
352 850
353 850
354 850
355 850
356 850
357 850
358 850
359 850
360 850
361 850
362 850
363 850
364 850
365 850
366 850
367 850
368 850
369 850
370 850
371 850
372 850
373 850
374 850
375 850
376 850
377 850
378 850
379 850
380 850
381 850
382 850
383 850
384 850
385 850
386 850
387 850
388 850
389 850
390 850
391 850
392 850
393 850
394 850
395 850
396 850
397 850
398 850
399 850
400 850
401 850
402 850
403 850
404 850
405 850
406 850
407 850
408 850
409 850
410 850
411 850
412 850
413 850
414 850
415 850
416 850
417 850
418 850
419 850
420 850
421 850
422 850
423 850
424 850
425 850
426 850
427 850
428 850
429 850
430 850
431 850
432 850
433 850
434 850
435 850
436 850
437 850
438 850
439 850
440 850
441 850
442 850
443 850
444 850
445 850
446 850
447 850
448 850
449 850
450 850
451 850
452 850
453 850
454 850
455 850
456 850
457 850
458 850
459 850
460 850
461 850
462 850
463 850
464 850
465 850
466 850
467 850
468 850
469 850
470 850
471 850
472 850
473 850
474 850
475 850
476 850
477 850
478 850
479 850
480 850
481 850
482 850
483 850
484 850
485 850
486 850
487 850
488 850
489 850
490 850
491 850
492 850
493 850
494 850
495 850
496 850
497 850
498 850
499 850
500 850
501 850
502 850
503 850
504 850
505 850
506 850
507 850
508 850
509 850
510 850
511 850
512 850
513 850
514 850
515 850
516 850
517 850
518 850
519 850
520 850
521 850
522 850
523 850
524 850
525 850
526 850
527 850
528 850
529 850
530 850
531 850
532 850
533 850
534 850
535 850
536 850
537 850
538 850
539 850
540 850
541 850
542 850
543 850
544 850
545 850
546 850
547 850
548 850
549 850
550 850
551 850
552 850
553 850
554 850
555 850
556 850
557 850
558 850
559 850
560 850
561 850
562 850
563 850
564 850
565 850
566 850
567 850
568 850
569 850
570 850
571 850
572 850
573 850
574 850
575 850
576 850
577 850
578 850
579 850
580 850
581 850
582 850
583 850
584 850
585 850
586 850
587 850
588 850
589 850
590 850
591 850
592 850
593 850
594 850
595 850
596 850
597 850
598 850
599 850
600 850
601 850
602 850
603 850
604 850
605 850
606 850
607 850
608 850
609 850
610 850
611 850
612 850
613 850
614 850
615 850
616 850
617 850
618 850
619 850
620 850
621 850
622 850
623 850
624 850
625 850
626 850
627 850
628 850
629 850
630 850
631 850
632 850
633 850
634 850
635 850
636 850
637 850
638 850
639 850
640 850
641 850
642 850
643 850
644 850
645 850
646 850
647 850
648 850
649 850
650 850
651 850
652 850
653 850
654 850
655 850
656 850
657 850
658 850
659 850
660 850
661 850
662 850
663 850
664 850
665 850
666 850
667 850
668 850
669 850
670 850
671 850
672 850
673 850
674 850
675 850
676 850
677 850
678 850
679 850
680 850
681 850
682 850
683 850
684 850
685 850
686 850
687 850
688 850
689 850
690 850
691 850
692 850
693 850
694 850
695 850
696 850
697 850
698 850
699 850
700 850
701 850
702 850
703 850
704 850
705 850
706 850
707 850
708 850
709 850
710 850
711 850
712 850
713 850
714 850
715 850
716 850
717 850
718 850
719 850
720 850
721 850
722 850
723 850
724 850
725 850
726 850
727 850
728 850
729 850
730 850
731 850
732 850
733 850
734 850
735 850
736 850
737 850
738 850
739 850
740 850
741 850
742 850
743 850
744 850
745 850
746 850
747 850
748 850
749 850
750 850
751 850
752 850
753 850
754 850
755 850
756 850
757 850
758 850
759 850
760 850
761 850
762 850
763 850
764 850
765 850
766 850
767 850
768 850
769 850
770 850
771 850
772 850
773 850
774 850
775 850
776 850
777 850
778 850
779 850
780 850
781 850
782 850
783 850
784 850
785 850
786 850
787 850
788 850
789 850
790 850
791 850
792 850
793 850
794 850
795 850
796 850
797 850
798 850
799 850
800 850
801 850
802 850
803 850
804 850
805 850
806 850
807 850
808 850
809 850
810 850
811 850
812 850
813 850
814 850
815 850
816 850
817 850
818 850
819 850
820 850
821 850
822 850
823 850
824 850
825 850
826 850
827 850
828 850
829 850
830 850
831 850
832 850
833 850
834 850
835 850
836 850
837 850
838 850
839 850
840 850
841 850
842 850
843 850
844 850
845 850
846 850
847 850
848 850
849 850
850 851
