844
843
1 843
2 843
3 843
4 843
5 843
6 843
7 843
8 843
9 843
10 843
11 843
12 843
13 843
14 843
15 843
16 843
17 843
18 843
19 843
20 843
21 843
22 843
23 843
24 843
25 843
26 843
27 843
28 843
29 843
30 843
31 843
32 843
33 843
34 843
35 843
36 843
37 843
38 843
39 843
40 843
41 843
42 843
43 843
44 843
45 843
46 843
47 843
48 843
49 843
50 843
51 843
52 843
53 843
54 843
55 843
56 843
57 843
58 843
59 843
60 843
61 843
62 843
63 843
64 843
65 843
66 843
67 843
68 843
69 843
70 843
71 843
72 843
73 843
74 843
75 843
76 843
77 843
78 843
79 843
80 843
81 843
82 843
83 843
84 843
85 843
86 843
87 843
88 843
89 843
90 843
91 843
92 843
93 843
94 843
95 843
96 843
97 843
98 843
99 843
100 843
101 843
102 843
103 843
104 843
105 843
106 843
107 843
108 843
109 843
110 843
111 843
112 843
113 843
114 843
115 843
116 843
117 843
118 843
119 843
120 843
121 843
122 843
123 843
124 843
125 843
126 843
127 843
128 843
129 843
130 843
131 843
132 843
133 843
134 843
135 843
136 843
137 843
138 843
139 843
140 843
141 843
142 843
143 843
144 843
145 843
146 843
147 843
148 843
149 843
150 843
151 843
152 843
153 843
154 843
155 843
156 843
157 843
158 843
159 843
160 843
161 843
162 843
163 843
164 843
165 843
166 843
167 843
168 843
169 843
170 843
171 843
172 843
173 843
174 843
175 843
176 843
177 843
178 843
179 843
180 843
181 843
182 843
183 843
184 843
185 843
186 843
187 843
188 843
189 843
190 843
191 843
192 843
193 843
194 843
195 843
196 843
197 843
198 843
199 843
200 843
201 843
202 843
203 843
204 843
205 843
206 843
207 843
208 843
209 843
210 843
211 843
212 843
213 843
214 843
215 843
216 843
217 843
218 843
219 843
220 843
221 843
222 843
223 843
224 843
225 843
226 843
227 843
228 843
229 843
230 843
231 843
232 843
233 843
234 843
235 843
236 843
237 843
238 843
239 843
240 843
241 843
242 843
243 843
244 843
245 843
246 843
247 843
248 843
249 843
250 843
251 843
252 843
253 843
254 843
255 843
256 843
257 843
258 843
259 843
260 843
261 843
262 843
263 843
264 843
265 843
266 843
267 843
268 843
269 843
270 843
271 843
272 843
273 843
274 843
275 843
276 843
277 843
278 843
279 843
280 843
281 843
282 843
283 843
284 843
285 843
286 843
287 843
288 843
289 843
290 843
291 843
292 843
293 843
294 843
295 843
296 843
297 843
298 843
299 843
300 843
301 843
302 843
303 843
304 843
305 843
306 843
307 843
308 843
309 843
310 843
311 843
312 843
313 843
314 843
315 843
316 843
317 843
318 843
319 843
320 843
321 843
322 843
323 843
324 843
325 843
326 843
327 843
328 843
329 843
330 843
331 843
332 843
333 843
334 843
335 843
336 843
337 843
338 843
339 843
340 843
341 843
342 843
343 843
344 843
345 843
346 843
347 843
348 843
349 843
350 843
351 843
352 843
353 843
354 843
355 843
356 843
357 843
358 843
359 843
360 843
361 843
362 843
363 843
364 843
365 843
366 843
367 843
368 843
369 843
370 843
371 843
372 843
373 843
374 843
375 843
376 843
377 843
378 843
379 843
380 843
381 843
382 843
383 843
384 843
385 843
386 843
387 843
388 843
389 843
390 843
391 843
392 843
393 843
394 843
395 843
396 843
397 843
398 843
399 843
400 843
401 843
402 843
403 843
404 843
405 843
406 843
407 843
408 843
409 843
410 843
411 843
412 843
413 843
414 843
415 843
416 843
417 843
418 843
419 843
420 843
421 843
422 843
423 843
424 843
425 843
426 843
427 843
428 843
429 843
430 843
431 843
432 843
433 843
434 843
435 843
436 843
437 843
438 843
439 843
440 843
441 843
442 843
443 843
444 843
445 843
446 843
447 843
448 843
449 843
450 843
451 843
452 843
453 843
454 843
455 843
456 843
457 843
458 843
459 843
460 843
461 843
462 843
463 843
464 843
465 843
466 843
467 843
468 843
469 843
470 843
471 843
472 843
473 843
474 843
475 843
476 843
477 843
478 843
479 843
480 843
481 843
482 843
483 843
484 843
485 843
486 843
487 843
488 843
489 843
490 843
491 843
492 843
493 843
494 843
495 843
496 843
497 843
498 843
499 843
500 843
501 843
502 843
503 843
504 843
505 843
506 843
507 843
508 843
509 843
510 843
511 843
512 843
513 843
514 843
515 843
516 843
517 843
518 843
519 843
520 843
521 843
522 843
523 843
524 843
525 843
526 843
527 843
528 843
529 843
530 843
531 843
532 843
533 843
534 843
535 843
536 843
537 843
538 843
539 843
540 843
541 843
542 843
543 843
544 843
545 843
546 843
547 843
548 843
549 843
550 843
551 843
552 843
553 843
554 843
555 843
556 843
557 843
558 843
559 843
560 843
561 843
562 843
563 843
564 843
565 843
566 843
567 843
568 843
569 843
570 843
571 843
572 843
573 843
574 843
575 843
576 843
577 843
578 843
579 843
580 843
581 843
582 843
583 843
584 843
585 843
586 843
587 843
588 843
589 843
590 843
591 843
592 843
593 843
594 843
595 843
596 843
597 843
598 843
599 843
600 843
601 843
602 843
603 843
604 843
605 843
606 843
607 843
608 843
609 843
610 843
611 843
612 843
613 843
614 843
615 843
616 843
617 843
618 843
619 843
620 843
621 843
622 843
623 843
624 843
625 843
626 843
627 843
628 843
629 843
630 843
631 843
632 843
633 843
634 843
635 843
636 843
637 843
638 843
639 843
640 843
641 843
642 843
643 843
644 843
645 843
646 843
647 843
648 843
649 843
650 843
651 843
652 843
653 843
654 843
655 843
656 843
657 843
658 843
659 843
660 843
661 843
662 843
663 843
664 843
665 843
666 843
667 843
668 843
669 843
670 843
671 843
672 843
673 843
674 843
675 843
676 843
677 843
678 843
679 843
680 843
681 843
682 843
683 843
684 843
685 843
686 843
687 843
688 843
689 843
690 843
691 843
692 843
693 843
694 843
695 843
696 843
697 843
698 843
699 843
700 843
701 843
702 843
703 843
704 843
705 843
706 843
707 843
708 843
709 843
710 843
711 843
712 843
713 843
714 843
715 843
716 843
717 843
718 843
719 843
720 843
721 843
722 843
723 843
724 843
725 843
726 843
727 843
728 843
729 843
730 843
731 843
732 843
733 843
734 843
735 843
736 843
737 843
738 843
739 843
740 843
741 843
742 843
743 843
744 843
745 843
746 843
747 843
748 843
749 843
750 843
751 843
752 843
753 843
754 843
755 843
756 843
757 843
758 843
759 843
760 843
761 843
762 843
763 843
764 843
765 843
766 843
767 843
768 843
769 843
770 843
771 843
772 843
773 843
774 843
775 843
776 843
777 843
778 843
779 843
780 843
781 843
782 843
783 843
784 843
785 843
786 843
787 843
788 843
789 843
790 843
791 843
792 843
793 843
794 843
795 843
796 843
797 843
798 843
799 843
800 843
801 843
802 843
803 843
804 843
805 843
806 843
807 843
808 843
809 843
810 843
811 843
812 843
813 843
814 843
815 843
816 843
817 843
818 843
819 843
820 843
821 843
822 843
823 843
824 843
825 843
826 843
827 843
828 843
829 843
830 843
831 843
832 843
833 843
834 843
835 843
836 843
837 843
838 843
839 843
840 843
841 843
842 843
843 844
