857
856
1 856
2 856
3 856
4 856
5 856
6 856
7 856
8 856
9 856
10 856
11 856
12 856
13 856
14 856
15 856
16 856
17 856
18 856
19 856
20 856
21 856
22 856
23 856
24 856
25 856
26 856
27 856
28 856
29 856
30 856
31 856
32 856
33 856
34 856
35 856
36 856
37 856
38 856
39 856
40 856
41 856
42 856
43 856
44 856
45 856
46 856
47 856
48 856
49 856
50 856
51 856
52 856
53 856
54 856
55 856
56 856
57 856
58 856
59 856
60 856
61 856
62 856
63 856
64 856
65 856
66 856
67 856
68 856
69 856
70 856
71 856
72 856
73 856
74 856
75 856
76 856
77 856
78 856
79 856
80 856
81 856
82 856
83 856
84 856
85 856
86 856
87 856
88 856
89 856
90 856
91 856
92 856
93 856
94 856
95 856
96 856
97 856
98 856
99 856
100 856
101 856
102 856
103 856
104 856
105 856
106 856
107 856
108 856
109 856
110 856
111 856
112 856
113 856
114 856
115 856
116 856
117 856
118 856
119 856
120 856
121 856
122 856
123 856
124 856
125 856
126 856
127 856
128 856
129 856
130 856
131 856
132 856
133 856
134 856
135 856
136 856
137 856
138 856
139 856
140 856
141 856
142 856
143 856
144 856
145 856
146 856
147 856
148 856
149 856
150 856
151 856
152 856
153 856
154 856
155 856
156 856
157 856
158 856
159 856
160 856
161 856
162 856
163 856
164 856
165 856
166 856
167 856
168 856
169 856
170 856
171 856
172 856
173 856
174 856
175 856
176 856
177 856
178 856
179 856
180 856
181 856
182 856
183 856
184 856
185 856
186 856
187 856
188 856
189 856
190 856
191 856
192 856
193 856
194 856
195 856
196 856
197 856
198 856
199 856
200 856
201 856
202 856
203 856
204 856
205 856
206 856
207 856
208 856
209 856
210 856
211 856
212 856
213 856
214 856
215 856
216 856
217 856
218 856
219 856
220 856
221 856
222 856
223 856
224 856
225 856
226 856
227 856
228 856
229 856
230 856
231 856
232 856
233 856
234 856
235 856
236 856
237 856
238 856
239 856
240 856
241 856
242 856
243 856
244 856
245 856
246 856
247 856
248 856
249 856
250 856
251 856
252 856
253 856
254 856
255 856
256 856
257 856
258 856
259 856
260 856
261 856
262 856
263 856
264 856
265 856
266 856
267 856
268 856
269 856
270 856
271 856
272 856
273 856
274 856
275 856
276 856
277 856
278 856
279 856
280 856
281 856
282 856
283 856
284 856
285 856
286 856
287 856
288 856
289 856
290 856
291 856
292 856
293 856
294 856
295 856
296 856
297 856
298 856
299 856
300 856
301 856
302 856
303 856
304 856
305 856
306 856
307 856
308 856
309 856
310 856
311 856
312 856
313 856
314 856
315 856
316 856
317 856
318 856
319 856
320 856
321 856
322 856
323 856
324 856
325 856
326 856
327 856
328 856
329 856
330 856
331 856
332 856
333 856
334 856
335 856
336 856
337 856
338 856
339 856
340 856
341 856
342 856
343 856
344 856
345 856
346 856
347 856
348 856
349 856
350 856
351 856
352 856
353 856
354 856
355 856
356 856
357 856
358 856
359 856
360 856
361 856
362 856
363 856
364 856
365 856
366 856
367 856
368 856
369 856
370 856
371 856
372 856
373 856
374 856
375 856
376 856
377 856
378 856
379 856
380 856
381 856
382 856
383 856
384 856
385 856
386 856
387 856
388 856
389 856
390 856
391 856
392 856
393 856
394 856
395 856
396 856
397 856
398 856
399 856
400 856
401 856
402 856
403 856
404 856
405 856
406 856
407 856
408 856
409 856
410 856
411 856
412 856
413 856
414 856
415 856
416 856
417 856
418 856
419 856
420 856
421 856
422 856
423 856
424 856
425 856
426 856
427 856
428 856
429 856
430 856
431 856
432 856
433 856
434 856
435 856
436 856
437 856
438 856
439 856
440 856
441 856
442 856
443 856
444 856
445 856
446 856
447 856
448 856
449 856
450 856
451 856
452 856
453 856
454 856
455 856
456 856
457 856
458 856
459 856
460 856
461 856
462 856
463 856
464 856
465 856
466 856
467 856
468 856
469 856
470 856
471 856
472 856
473 856
474 856
475 856
476 856
477 856
478 856
479 856
480 856
481 856
482 856
483 856
484 856
485 856
486 856
487 856
488 856
489 856
490 856
491 856
492 856
493 856
494 856
495 856
496 856
497 856
498 856
499 856
500 856
501 856
502 856
503 856
504 856
505 856
506 856
507 856
508 856
509 856
510 856
511 856
512 856
513 856
514 856
515 856
516 856
517 856
518 856
519 856
520 856
521 856
522 856
523 856
524 856
525 856
526 856
527 856
528 856
529 856
530 856
531 856
532 856
533 856
534 856
535 856
536 856
537 856
538 856
539 856
540 856
541 856
542 856
543 856
544 856
545 856
546 856
547 856
548 856
549 856
550 856
551 856
552 856
553 856
554 856
555 856
556 856
557 856
558 856
559 856
560 856
561 856
562 856
563 856
564 856
565 856
566 856
567 856
568 856
569 856
570 856
571 856
572 856
573 856
574 856
575 856
576 856
577 856
578 856
579 856
580 856
581 856
582 856
583 856
584 856
585 856
586 856
587 856
588 856
589 856
590 856
591 856
592 856
593 856
594 856
595 856
596 856
597 856
598 856
599 856
600 856
601 856
602 856
603 856
604 856
605 856
606 856
607 856
608 856
609 856
610 856
611 856
612 856
613 856
614 856
615 856
616 856
617 856
618 856
619 856
620 856
621 856
622 856
623 856
624 856
625 856
626 856
627 856
628 856
629 856
630 856
631 856
632 856
633 856
634 856
635 856
636 856
637 856
638 856
639 856
640 856
641 856
642 856
643 856
644 856
645 856
646 856
647 856
648 856
649 856
650 856
651 856
652 856
653 856
654 856
655 856
656 856
657 856
658 856
659 856
660 856
661 856
662 856
663 856
664 856
665 856
666 856
667 856
668 856
669 856
670 856
671 856
672 856
673 856
674 856
675 856
676 856
677 856
678 856
679 856
680 856
681 856
682 856
683 856
684 856
685 856
686 856
687 856
688 856
689 856
690 856
691 856
692 856
693 856
694 856
695 856
696 856
697 856
698 856
699 856
700 856
701 856
702 856
703 856
704 856
705 856
706 856
707 856
708 856
709 856
710 856
711 856
712 856
713 856
714 856
715 856
716 856
717 856
718 856
719 856
720 856
721 856
722 856
723 856
724 856
725 856
726 856
727 856
728 856
729 856
730 856
731 856
732 856
733 856
734 856
735 856
736 856
737 856
738 856
739 856
740 856
741 856
742 856
743 856
744 856
745 856
746 856
747 856
748 856
749 856
750 856
751 856
752 856
753 856
754 856
755 856
756 856
757 856
758 856
759 856
760 856
761 856
762 856
763 856
764 856
765 856
766 856
767 856
768 856
769 856
770 856
771 856
772 856
773 856
774 856
775 856
776 856
777 856
778 856
779 856
780 856
781 856
782 856
783 856
784 856
785 856
786 856
787 856
788 856
789 856
790 856
791 856
792 856
793 856
794 856
795 856
796 856
797 856
798 856
799 856
800 856
801 856
802 856
803 856
804 856
805 856
806 856
807 856
808 856
809 856
810 856
811 856
812 856
813 856
814 856
815 856
816 856
817 856
818 856
819 856
820 856
821 856
822 856
823 856
824 856
825 856
826 856
827 856
828 856
829 856
830 856
831 856
832 856
833 856
834 856
835 856
836 856
837 856
838 856
839 856
840 856
841 856
842 856
843 856
844 856
845 856
846 856
847 856
848 856
849 856
850 856
851 856
852 856
853 856
854 856
855 856
856 857
