599
598
1 598
2 598
3 598
4 598
5 598
6 598
7 598
8 598
9 598
10 598
11 598
12 598
13 598
14 598
15 598
16 598
17 598
18 598
19 598
20 598
21 598
22 598
23 598
24 598
25 598
26 598
27 598
28 598
29 598
30 598
31 598
32 598
33 598
34 598
35 598
36 598
37 598
38 598
39 598
40 598
41 598
42 598
43 598
44 598
45 598
46 598
47 598
48 598
49 598
50 598
51 598
52 598
53 598
54 598
55 598
56 598
57 598
58 598
59 598
60 598
61 598
62 598
63 598
64 598
65 598
66 598
67 598
68 598
69 598
70 598
71 598
72 598
73 598
74 598
75 598
76 598
77 598
78 598
79 598
80 598
81 598
82 598
83 598
84 598
85 598
86 598
87 598
88 598
89 598
90 598
91 598
92 598
93 598
94 598
95 598
96 598
97 598
98 598
99 598
100 598
101 598
102 598
103 598
104 598
105 598
106 598
107 598
108 598
109 598
110 598
111 598
112 598
113 598
114 598
115 598
116 598
117 598
118 598
119 598
120 598
121 598
122 598
123 598
124 598
125 598
126 598
127 598
128 598
129 598
130 598
131 598
132 598
133 598
134 598
135 598
136 598
137 598
138 598
139 598
140 598
141 598
142 598
143 598
144 598
145 598
146 598
147 598
148 598
149 598
150 598
151 598
152 598
153 598
154 598
155 598
156 598
157 598
158 598
159 598
160 598
161 598
162 598
163 598
164 598
165 598
166 598
167 598
168 598
169 598
170 598
171 598
172 598
173 598
174 598
175 598
176 598
177 598
178 598
179 598
180 598
181 598
182 598
183 598
184 598
185 598
186 598
187 598
188 598
189 598
190 598
191 598
192 598
193 598
194 598
195 598
196 598
197 598
198 598
199 598
200 598
201 598
202 598
203 598
204 598
205 598
206 598
207 598
208 598
209 598
210 598
211 598
212 598
213 598
214 598
215 598
216 598
217 598
218 598
219 598
220 598
221 598
222 598
223 598
224 598
225 598
226 598
227 598
228 598
229 598
230 598
231 598
232 598
233 598
234 598
235 598
236 598
237 598
238 598
239 598
240 598
241 598
242 598
243 598
244 598
245 598
246 598
247 598
248 598
249 598
250 598
251 598
252 598
253 598
254 598
255 598
256 598
257 598
258 598
259 598
260 598
261 598
262 598
263 598
264 598
265 598
266 598
267 598
268 598
269 598
270 598
271 598
272 598
273 598
274 598
275 598
276 598
277 598
278 598
279 598
280 598
281 598
282 598
283 598
284 598
285 598
286 598
287 598
288 598
289 598
290 598
291 598
292 598
293 598
294 598
295 598
296 598
297 598
298 598
299 598
300 598
301 598
302 598
303 598
304 598
305 598
306 598
307 598
308 598
309 598
310 598
311 598
312 598
313 598
314 598
315 598
316 598
317 598
318 598
319 598
320 598
321 598
322 598
323 598
324 598
325 598
326 598
327 598
328 598
329 598
330 598
331 598
332 598
333 598
334 598
335 598
336 598
337 598
338 598
339 598
340 598
341 598
342 598
343 598
344 598
345 598
346 598
347 598
348 598
349 598
350 598
351 598
352 598
353 598
354 598
355 598
356 598
357 598
358 598
359 598
360 598
361 598
362 598
363 598
364 598
365 598
366 598
367 598
368 598
369 598
370 598
371 598
372 598
373 598
374 598
375 598
376 598
377 598
378 598
379 598
380 598
381 598
382 598
383 598
384 598
385 598
386 598
387 598
388 598
389 598
390 598
391 598
392 598
393 598
394 598
395 598
396 598
397 598
398 598
399 598
400 598
401 598
402 598
403 598
404 598
405 598
406 598
407 598
408 598
409 598
410 598
411 598
412 598
413 598
414 598
415 598
416 598
417 598
418 598
419 598
420 598
421 598
422 598
423 598
424 598
425 598
426 598
427 598
428 598
429 598
430 598
431 598
432 598
433 598
434 598
435 598
436 598
437 598
438 598
439 598
440 598
441 598
442 598
443 598
444 598
445 598
446 598
447 598
448 598
449 598
450 598
451 598
452 598
453 598
454 598
455 598
456 598
457 598
458 598
459 598
460 598
461 598
462 598
463 598
464 598
465 598
466 598
467 598
468 598
469 598
470 598
471 598
472 598
473 598
474 598
475 598
476 598
477 598
478 598
479 598
480 598
481 598
482 598
483 598
484 598
485 598
486 598
487 598
488 598
489 598
490 598
491 598
492 598
493 598
494 598
495 598
496 598
497 598
498 598
499 598
500 598
501 598
502 598
503 598
504 598
505 598
506 598
507 598
508 598
509 598
510 598
511 598
512 598
513 598
514 598
515 598
516 598
517 598
518 598
519 598
520 598
521 598
522 598
523 598
524 598
525 598
526 598
527 598
528 598
529 598
530 598
531 598
532 598
533 598
534 598
535 598
536 598
537 598
538 598
539 598
540 598
541 598
542 598
543 598
544 598
545 598
546 598
547 598
548 598
549 598
550 598
551 598
552 598
553 598
554 598
555 598
556 598
557 598
558 598
559 598
560 598
561 598
562 598
563 598
564 598
565 598
566 598
567 598
568 598
569 598
570 598
571 598
572 598
573 598
574 598
575 598
576 598
577 598
578 598
579 598
580 598
581 598
582 598
583 598
584 598
585 598
586 598
587 598
588 598
589 598
590 598
591 598
592 598
593 598
594 598
595 598
596 598
597 598
598 599
