630
629
1 629
2 629
3 629
4 629
5 629
6 629
7 629
8 629
9 629
10 629
11 629
12 629
13 629
14 629
15 629
16 629
17 629
18 629
19 629
20 629
21 629
22 629
23 629
24 629
25 629
26 629
27 629
28 629
29 629
30 629
31 629
32 629
33 629
34 629
35 629
36 629
37 629
38 629
39 629
40 629
41 629
42 629
43 629
44 629
45 629
46 629
47 629
48 629
49 629
50 629
51 629
52 629
53 629
54 629
55 629
56 629
57 629
58 629
59 629
60 629
61 629
62 629
63 629
64 629
65 629
66 629
67 629
68 629
69 629
70 629
71 629
72 629
73 629
74 629
75 629
76 629
77 629
78 629
79 629
80 629
81 629
82 629
83 629
84 629
85 629
86 629
87 629
88 629
89 629
90 629
91 629
92 629
93 629
94 629
95 629
96 629
97 629
98 629
99 629
100 629
101 629
102 629
103 629
104 629
105 629
106 629
107 629
108 629
109 629
110 629
111 629
112 629
113 629
114 629
115 629
116 629
117 629
118 629
119 629
120 629
121 629
122 629
123 629
124 629
125 629
126 629
127 629
128 629
129 629
130 629
131 629
132 629
133 629
134 629
135 629
136 629
137 629
138 629
139 629
140 629
141 629
142 629
143 629
144 629
145 629
146 629
147 629
148 629
149 629
150 629
151 629
152 629
153 629
154 629
155 629
156 629
157 629
158 629
159 629
160 629
161 629
162 629
163 629
164 629
165 629
166 629
167 629
168 629
169 629
170 629
171 629
172 629
173 629
174 629
175 629
176 629
177 629
178 629
179 629
180 629
181 629
182 629
183 629
184 629
185 629
186 629
187 629
188 629
189 629
190 629
191 629
192 629
193 629
194 629
195 629
196 629
197 629
198 629
199 629
200 629
201 629
202 629
203 629
204 629
205 629
206 629
207 629
208 629
209 629
210 629
211 629
212 629
213 629
214 629
215 629
216 629
217 629
218 629
219 629
220 629
221 629
222 629
223 629
224 629
225 629
226 629
227 629
228 629
229 629
230 629
231 629
232 629
233 629
234 629
235 629
236 629
237 629
238 629
239 629
240 629
241 629
242 629
243 629
244 629
245 629
246 629
247 629
248 629
249 629
250 629
251 629
252 629
253 629
254 629
255 629
256 629
257 629
258 629
259 629
260 629
261 629
262 629
263 629
264 629
265 629
266 629
267 629
268 629
269 629
270 629
271 629
272 629
273 629
274 629
275 629
276 629
277 629
278 629
279 629
280 629
281 629
282 629
283 629
284 629
285 629
286 629
287 629
288 629
289 629
290 629
291 629
292 629
293 629
294 629
295 629
296 629
297 629
298 629
299 629
300 629
301 629
302 629
303 629
304 629
305 629
306 629
307 629
308 629
309 629
310 629
311 629
312 629
313 629
314 629
315 629
316 629
317 629
318 629
319 629
320 629
321 629
322 629
323 629
324 629
325 629
326 629
327 629
328 629
329 629
330 629
331 629
332 629
333 629
334 629
335 629
336 629
337 629
338 629
339 629
340 629
341 629
342 629
343 629
344 629
345 629
346 629
347 629
348 629
349 629
350 629
351 629
352 629
353 629
354 629
355 629
356 629
357 629
358 629
359 629
360 629
361 629
362 629
363 629
364 629
365 629
366 629
367 629
368 629
369 629
370 629
371 629
372 629
373 629
374 629
375 629
376 629
377 629
378 629
379 629
380 629
381 629
382 629
383 629
384 629
385 629
386 629
387 629
388 629
389 629
390 629
391 629
392 629
393 629
394 629
395 629
396 629
397 629
398 629
399 629
400 629
401 629
402 629
403 629
404 629
405 629
406 629
407 629
408 629
409 629
410 629
411 629
412 629
413 629
414 629
415 629
416 629
417 629
418 629
419 629
420 629
421 629
422 629
423 629
424 629
425 629
426 629
427 629
428 629
429 629
430 629
431 629
432 629
433 629
434 629
435 629
436 629
437 629
438 629
439 629
440 629
441 629
442 629
443 629
444 629
445 629
446 629
447 629
448 629
449 629
450 629
451 629
452 629
453 629
454 629
455 629
456 629
457 629
458 629
459 629
460 629
461 629
462 629
463 629
464 629
465 629
466 629
467 629
468 629
469 629
470 629
471 629
472 629
473 629
474 629
475 629
476 629
477 629
478 629
479 629
480 629
481 629
482 629
483 629
484 629
485 629
486 629
487 629
488 629
489 629
490 629
491 629
492 629
493 629
494 629
495 629
496 629
497 629
498 629
499 629
500 629
501 629
502 629
503 629
504 629
505 629
506 629
507 629
508 629
509 629
510 629
511 629
512 629
513 629
514 629
515 629
516 629
517 629
518 629
519 629
520 629
521 629
522 629
523 629
524 629
525 629
526 629
527 629
528 629
529 629
530 629
531 629
532 629
533 629
534 629
535 629
536 629
537 629
538 629
539 629
540 629
541 629
542 629
543 629
544 629
545 629
546 629
547 629
548 629
549 629
550 629
551 629
552 629
553 629
554 629
555 629
556 629
557 629
558 629
559 629
560 629
561 629
562 629
563 629
564 629
565 629
566 629
567 629
568 629
569 629
570 629
571 629
572 629
573 629
574 629
575 629
576 629
577 629
578 629
579 629
580 629
581 629
582 629
583 629
584 629
585 629
586 629
587 629
588 629
589 629
590 629
591 629
592 629
593 629
594 629
595 629
596 629
597 629
598 629
599 629
600 629
601 629
602 629
603 629
604 629
605 629
606 629
607 629
608 629
609 629
610 629
611 629
612 629
613 629
614 629
615 629
616 629
617 629
618 629
619 629
620 629
621 629
622 629
623 629
624 629
625 629
626 629
627 629
628 629
629 630
