725
724
1 724
2 724
3 724
4 724
5 724
6 724
7 724
8 724
9 724
10 724
11 724
12 724
13 724
14 724
15 724
16 724
17 724
18 724
19 724
20 724
21 724
22 724
23 724
24 724
25 724
26 724
27 724
28 724
29 724
30 724
31 724
32 724
33 724
34 724
35 724
36 724
37 724
38 724
39 724
40 724
41 724
42 724
43 724
44 724
45 724
46 724
47 724
48 724
49 724
50 724
51 724
52 724
53 724
54 724
55 724
56 724
57 724
58 724
59 724
60 724
61 724
62 724
63 724
64 724
65 724
66 724
67 724
68 724
69 724
70 724
71 724
72 724
73 724
74 724
75 724
76 724
77 724
78 724
79 724
80 724
81 724
82 724
83 724
84 724
85 724
86 724
87 724
88 724
89 724
90 724
91 724
92 724
93 724
94 724
95 724
96 724
97 724
98 724
99 724
100 724
101 724
102 724
103 724
104 724
105 724
106 724
107 724
108 724
109 724
110 724
111 724
112 724
113 724
114 724
115 724
116 724
117 724
118 724
119 724
120 724
121 724
122 724
123 724
124 724
125 724
126 724
127 724
128 724
129 724
130 724
131 724
132 724
133 724
134 724
135 724
136 724
137 724
138 724
139 724
140 724
141 724
142 724
143 724
144 724
145 724
146 724
147 724
148 724
149 724
150 724
151 724
152 724
153 724
154 724
155 724
156 724
157 724
158 724
159 724
160 724
161 724
162 724
163 724
164 724
165 724
166 724
167 724
168 724
169 724
170 724
171 724
172 724
173 724
174 724
175 724
176 724
177 724
178 724
179 724
180 724
181 724
182 724
183 724
184 724
185 724
186 724
187 724
188 724
189 724
190 724
191 724
192 724
193 724
194 724
195 724
196 724
197 724
198 724
199 724
200 724
201 724
202 724
203 724
204 724
205 724
206 724
207 724
208 724
209 724
210 724
211 724
212 724
213 724
214 724
215 724
216 724
217 724
218 724
219 724
220 724
221 724
222 724
223 724
224 724
225 724
226 724
227 724
228 724
229 724
230 724
231 724
232 724
233 724
234 724
235 724
236 724
237 724
238 724
239 724
240 724
241 724
242 724
243 724
244 724
245 724
246 724
247 724
248 724
249 724
250 724
251 724
252 724
253 724
254 724
255 724
256 724
257 724
258 724
259 724
260 724
261 724
262 724
263 724
264 724
265 724
266 724
267 724
268 724
269 724
270 724
271 724
272 724
273 724
274 724
275 724
276 724
277 724
278 724
279 724
280 724
281 724
282 724
283 724
284 724
285 724
286 724
287 724
288 724
289 724
290 724
291 724
292 724
293 724
294 724
295 724
296 724
297 724
298 724
299 724
300 724
301 724
302 724
303 724
304 724
305 724
306 724
307 724
308 724
309 724
310 724
311 724
312 724
313 724
314 724
315 724
316 724
317 724
318 724
319 724
320 724
321 724
322 724
323 724
324 724
325 724
326 724
327 724
328 724
329 724
330 724
331 724
332 724
333 724
334 724
335 724
336 724
337 724
338 724
339 724
340 724
341 724
342 724
343 724
344 724
345 724
346 724
347 724
348 724
349 724
350 724
351 724
352 724
353 724
354 724
355 724
356 724
357 724
358 724
359 724
360 724
361 724
362 724
363 724
364 724
365 724
366 724
367 724
368 724
369 724
370 724
371 724
372 724
373 724
374 724
375 724
376 724
377 724
378 724
379 724
380 724
381 724
382 724
383 724
384 724
385 724
386 724
387 724
388 724
389 724
390 724
391 724
392 724
393 724
394 724
395 724
396 724
397 724
398 724
399 724
400 724
401 724
402 724
403 724
404 724
405 724
406 724
407 724
408 724
409 724
410 724
411 724
412 724
413 724
414 724
415 724
416 724
417 724
418 724
419 724
420 724
421 724
422 724
423 724
424 724
425 724
426 724
427 724
428 724
429 724
430 724
431 724
432 724
433 724
434 724
435 724
436 724
437 724
438 724
439 724
440 724
441 724
442 724
443 724
444 724
445 724
446 724
447 724
448 724
449 724
450 724
451 724
452 724
453 724
454 724
455 724
456 724
457 724
458 724
459 724
460 724
461 724
462 724
463 724
464 724
465 724
466 724
467 724
468 724
469 724
470 724
471 724
472 724
473 724
474 724
475 724
476 724
477 724
478 724
479 724
480 724
481 724
482 724
483 724
484 724
485 724
486 724
487 724
488 724
489 724
490 724
491 724
492 724
493 724
494 724
495 724
496 724
497 724
498 724
499 724
500 724
501 724
502 724
503 724
504 724
505 724
506 724
507 724
508 724
509 724
510 724
511 724
512 724
513 724
514 724
515 724
516 724
517 724
518 724
519 724
520 724
521 724
522 724
523 724
524 724
525 724
526 724
527 724
528 724
529 724
530 724
531 724
532 724
533 724
534 724
535 724
536 724
537 724
538 724
539 724
540 724
541 724
542 724
543 724
544 724
545 724
546 724
547 724
548 724
549 724
550 724
551 724
552 724
553 724
554 724
555 724
556 724
557 724
558 724
559 724
560 724
561 724
562 724
563 724
564 724
565 724
566 724
567 724
568 724
569 724
570 724
571 724
572 724
573 724
574 724
575 724
576 724
577 724
578 724
579 724
580 724
581 724
582 724
583 724
584 724
585 724
586 724
587 724
588 724
589 724
590 724
591 724
592 724
593 724
594 724
595 724
596 724
597 724
598 724
599 724
600 724
601 724
602 724
603 724
604 724
605 724
606 724
607 724
608 724
609 724
610 724
611 724
612 724
613 724
614 724
615 724
616 724
617 724
618 724
619 724
620 724
621 724
622 724
623 724
624 724
625 724
626 724
627 724
628 724
629 724
630 724
631 724
632 724
633 724
634 724
635 724
636 724
637 724
638 724
639 724
640 724
641 724
642 724
643 724
644 724
645 724
646 724
647 724
648 724
649 724
650 724
651 724
652 724
653 724
654 724
655 724
656 724
657 724
658 724
659 724
660 724
661 724
662 724
663 724
664 724
665 724
666 724
667 724
668 724
669 724
670 724
671 724
672 724
673 724
674 724
675 724
676 724
677 724
678 724
679 724
680 724
681 724
682 724
683 724
684 724
685 724
686 724
687 724
688 724
689 724
690 724
691 724
692 724
693 724
694 724
695 724
696 724
697 724
698 724
699 724
700 724
701 724
702 724
703 724
704 724
705 724
706 724
707 724
708 724
709 724
710 724
711 724
712 724
713 724
714 724
715 724
716 724
717 724
718 724
719 724
720 724
721 724
722 724
723 724
724 725
