925
924
1 924
2 924
3 924
4 924
5 924
6 924
7 924
8 924
9 924
10 924
11 924
12 924
13 924
14 924
15 924
16 924
17 924
18 924
19 924
20 924
21 924
22 924
23 924
24 924
25 924
26 924
27 924
28 924
29 924
30 924
31 924
32 924
33 924
34 924
35 924
36 924
37 924
38 924
39 924
40 924
41 924
42 924
43 924
44 924
45 924
46 924
47 924
48 924
49 924
50 924
51 924
52 924
53 924
54 924
55 924
56 924
57 924
58 924
59 924
60 924
61 924
62 924
63 924
64 924
65 924
66 924
67 924
68 924
69 924
70 924
71 924
72 924
73 924
74 924
75 924
76 924
77 924
78 924
79 924
80 924
81 924
82 924
83 924
84 924
85 924
86 924
87 924
88 924
89 924
90 924
91 924
92 924
93 924
94 924
95 924
96 924
97 924
98 924
99 924
100 924
101 924
102 924
103 924
104 924
105 924
106 924
107 924
108 924
109 924
110 924
111 924
112 924
113 924
114 924
115 924
116 924
117 924
118 924
119 924
120 924
121 924
122 924
123 924
124 924
125 924
126 924
127 924
128 924
129 924
130 924
131 924
132 924
133 924
134 924
135 924
136 924
137 924
138 924
139 924
140 924
141 924
142 924
143 924
144 924
145 924
146 924
147 924
148 924
149 924
150 924
151 924
152 924
153 924
154 924
155 924
156 924
157 924
158 924
159 924
160 924
161 924
162 924
163 924
164 924
165 924
166 924
167 924
168 924
169 924
170 924
171 924
172 924
173 924
174 924
175 924
176 924
177 924
178 924
179 924
180 924
181 924
182 924
183 924
184 924
185 924
186 924
187 924
188 924
189 924
190 924
191 924
192 924
193 924
194 924
195 924
196 924
197 924
198 924
199 924
200 924
201 924
202 924
203 924
204 924
205 924
206 924
207 924
208 924
209 924
210 924
211 924
212 924
213 924
214 924
215 924
216 924
217 924
218 924
219 924
220 924
221 924
222 924
223 924
224 924
225 924
226 924
227 924
228 924
229 924
230 924
231 924
232 924
233 924
234 924
235 924
236 924
237 924
238 924
239 924
240 924
241 924
242 924
243 924
244 924
245 924
246 924
247 924
248 924
249 924
250 924
251 924
252 924
253 924
254 924
255 924
256 924
257 924
258 924
259 924
260 924
261 924
262 924
263 924
264 924
265 924
266 924
267 924
268 924
269 924
270 924
271 924
272 924
273 924
274 924
275 924
276 924
277 924
278 924
279 924
280 924
281 924
282 924
283 924
284 924
285 924
286 924
287 924
288 924
289 924
290 924
291 924
292 924
293 924
294 924
295 924
296 924
297 924
298 924
299 924
300 924
301 924
302 924
303 924
304 924
305 924
306 924
307 924
308 924
309 924
310 924
311 924
312 924
313 924
314 924
315 924
316 924
317 924
318 924
319 924
320 924
321 924
322 924
323 924
324 924
325 924
326 924
327 924
328 924
329 924
330 924
331 924
332 924
333 924
334 924
335 924
336 924
337 924
338 924
339 924
340 924
341 924
342 924
343 924
344 924
345 924
346 924
347 924
348 924
349 924
350 924
351 924
352 924
353 924
354 924
355 924
356 924
357 924
358 924
359 924
360 924
361 924
362 924
363 924
364 924
365 924
366 924
367 924
368 924
369 924
370 924
371 924
372 924
373 924
374 924
375 924
376 924
377 924
378 924
379 924
380 924
381 924
382 924
383 924
384 924
385 924
386 924
387 924
388 924
389 924
390 924
391 924
392 924
393 924
394 924
395 924
396 924
397 924
398 924
399 924
400 924
401 924
402 924
403 924
404 924
405 924
406 924
407 924
408 924
409 924
410 924
411 924
412 924
413 924
414 924
415 924
416 924
417 924
418 924
419 924
420 924
421 924
422 924
423 924
424 924
425 924
426 924
427 924
428 924
429 924
430 924
431 924
432 924
433 924
434 924
435 924
436 924
437 924
438 924
439 924
440 924
441 924
442 924
443 924
444 924
445 924
446 924
447 924
448 924
449 924
450 924
451 924
452 924
453 924
454 924
455 924
456 924
457 924
458 924
459 924
460 924
461 924
462 924
463 924
464 924
465 924
466 924
467 924
468 924
469 924
470 924
471 924
472 924
473 924
474 924
475 924
476 924
477 924
478 924
479 924
480 924
481 924
482 924
483 924
484 924
485 924
486 924
487 924
488 924
489 924
490 924
491 924
492 924
493 924
494 924
495 924
496 924
497 924
498 924
499 924
500 924
501 924
502 924
503 924
504 924
505 924
506 924
507 924
508 924
509 924
510 924
511 924
512 924
513 924
514 924
515 924
516 924
517 924
518 924
519 924
520 924
521 924
522 924
523 924
524 924
525 924
526 924
527 924
528 924
529 924
530 924
531 924
532 924
533 924
534 924
535 924
536 924
537 924
538 924
539 924
540 924
541 924
542 924
543 924
544 924
545 924
546 924
547 924
548 924
549 924
550 924
551 924
552 924
553 924
554 924
555 924
556 924
557 924
558 924
559 924
560 924
561 924
562 924
563 924
564 924
565 924
566 924
567 924
568 924
569 924
570 924
571 924
572 924
573 924
574 924
575 924
576 924
577 924
578 924
579 924
580 924
581 924
582 924
583 924
584 924
585 924
586 924
587 924
588 924
589 924
590 924
591 924
592 924
593 924
594 924
595 924
596 924
597 924
598 924
599 924
600 924
601 924
602 924
603 924
604 924
605 924
606 924
607 924
608 924
609 924
610 924
611 924
612 924
613 924
614 924
615 924
616 924
617 924
618 924
619 924
620 924
621 924
622 924
623 924
624 924
625 924
626 924
627 924
628 924
629 924
630 924
631 924
632 924
633 924
634 924
635 924
636 924
637 924
638 924
639 924
640 924
641 924
642 924
643 924
644 924
645 924
646 924
647 924
648 924
649 924
650 924
651 924
652 924
653 924
654 924
655 924
656 924
657 924
658 924
659 924
660 924
661 924
662 924
663 924
664 924
665 924
666 924
667 924
668 924
669 924
670 924
671 924
672 924
673 924
674 924
675 924
676 924
677 924
678 924
679 924
680 924
681 924
682 924
683 924
684 924
685 924
686 924
687 924
688 924
689 924
690 924
691 924
692 924
693 924
694 924
695 924
696 924
697 924
698 924
699 924
700 924
701 924
702 924
703 924
704 924
705 924
706 924
707 924
708 924
709 924
710 924
711 924
712 924
713 924
714 924
715 924
716 924
717 924
718 924
719 924
720 924
721 924
722 924
723 924
724 924
725 924
726 924
727 924
728 924
729 924
730 924
731 924
732 924
733 924
734 924
735 924
736 924
737 924
738 924
739 924
740 924
741 924
742 924
743 924
744 924
745 924
746 924
747 924
748 924
749 924
750 924
751 924
752 924
753 924
754 924
755 924
756 924
757 924
758 924
759 924
760 924
761 924
762 924
763 924
764 924
765 924
766 924
767 924
768 924
769 924
770 924
771 924
772 924
773 924
774 924
775 924
776 924
777 924
778 924
779 924
780 924
781 924
782 924
783 924
784 924
785 924
786 924
787 924
788 924
789 924
790 924
791 924
792 924
793 924
794 924
795 924
796 924
797 924
798 924
799 924
800 924
801 924
802 924
803 924
804 924
805 924
806 924
807 924
808 924
809 924
810 924
811 924
812 924
813 924
814 924
815 924
816 924
817 924
818 924
819 924
820 924
821 924
822 924
823 924
824 924
825 924
826 924
827 924
828 924
829 924
830 924
831 924
832 924
833 924
834 924
835 924
836 924
837 924
838 924
839 924
840 924
841 924
842 924
843 924
844 924
845 924
846 924
847 924
848 924
849 924
850 924
851 924
852 924
853 924
854 924
855 924
856 924
857 924
858 924
859 924
860 924
861 924
862 924
863 924
864 924
865 924
866 924
867 924
868 924
869 924
870 924
871 924
872 924
873 924
874 924
875 924
876 924
877 924
878 924
879 924
880 924
881 924
882 924
883 924
884 924
885 924
886 924
887 924
888 924
889 924
890 924
891 924
892 924
893 924
894 924
895 924
896 924
897 924
898 924
899 924
900 924
901 924
902 924
903 924
904 924
905 924
906 924
907 924
908 924
909 924
910 924
911 924
912 924
913 924
914 924
915 924
916 924
917 924
918 924
919 924
920 924
921 924
922 924
923 924
924 925
