534
533
1 533
2 533
3 533
4 533
5 533
6 533
7 533
8 533
9 533
10 533
11 533
12 533
13 533
14 533
15 533
16 533
17 533
18 533
19 533
20 533
21 533
22 533
23 533
24 533
25 533
26 533
27 533
28 533
29 533
30 533
31 533
32 533
33 533
34 533
35 533
36 533
37 533
38 533
39 533
40 533
41 533
42 533
43 533
44 533
45 533
46 533
47 533
48 533
49 533
50 533
51 533
52 533
53 533
54 533
55 533
56 533
57 533
58 533
59 533
60 533
61 533
62 533
63 533
64 533
65 533
66 533
67 533
68 533
69 533
70 533
71 533
72 533
73 533
74 533
75 533
76 533
77 533
78 533
79 533
80 533
81 533
82 533
83 533
84 533
85 533
86 533
87 533
88 533
89 533
90 533
91 533
92 533
93 533
94 533
95 533
96 533
97 533
98 533
99 533
100 533
101 533
102 533
103 533
104 533
105 533
106 533
107 533
108 533
109 533
110 533
111 533
112 533
113 533
114 533
115 533
116 533
117 533
118 533
119 533
120 533
121 533
122 533
123 533
124 533
125 533
126 533
127 533
128 533
129 533
130 533
131 533
132 533
133 533
134 533
135 533
136 533
137 533
138 533
139 533
140 533
141 533
142 533
143 533
144 533
145 533
146 533
147 533
148 533
149 533
150 533
151 533
152 533
153 533
154 533
155 533
156 533
157 533
158 533
159 533
160 533
161 533
162 533
163 533
164 533
165 533
166 533
167 533
168 533
169 533
170 533
171 533
172 533
173 533
174 533
175 533
176 533
177 533
178 533
179 533
180 533
181 533
182 533
183 533
184 533
185 533
186 533
187 533
188 533
189 533
190 533
191 533
192 533
193 533
194 533
195 533
196 533
197 533
198 533
199 533
200 533
201 533
202 533
203 533
204 533
205 533
206 533
207 533
208 533
209 533
210 533
211 533
212 533
213 533
214 533
215 533
216 533
217 533
218 533
219 533
220 533
221 533
222 533
223 533
224 533
225 533
226 533
227 533
228 533
229 533
230 533
231 533
232 533
233 533
234 533
235 533
236 533
237 533
238 533
239 533
240 533
241 533
242 533
243 533
244 533
245 533
246 533
247 533
248 533
249 533
250 533
251 533
252 533
253 533
254 533
255 533
256 533
257 533
258 533
259 533
260 533
261 533
262 533
263 533
264 533
265 533
266 533
267 533
268 533
269 533
270 533
271 533
272 533
273 533
274 533
275 533
276 533
277 533
278 533
279 533
280 533
281 533
282 533
283 533
284 533
285 533
286 533
287 533
288 533
289 533
290 533
291 533
292 533
293 533
294 533
295 533
296 533
297 533
298 533
299 533
300 533
301 533
302 533
303 533
304 533
305 533
306 533
307 533
308 533
309 533
310 533
311 533
312 533
313 533
314 533
315 533
316 533
317 533
318 533
319 533
320 533
321 533
322 533
323 533
324 533
325 533
326 533
327 533
328 533
329 533
330 533
331 533
332 533
333 533
334 533
335 533
336 533
337 533
338 533
339 533
340 533
341 533
342 533
343 533
344 533
345 533
346 533
347 533
348 533
349 533
350 533
351 533
352 533
353 533
354 533
355 533
356 533
357 533
358 533
359 533
360 533
361 533
362 533
363 533
364 533
365 533
366 533
367 533
368 533
369 533
370 533
371 533
372 533
373 533
374 533
375 533
376 533
377 533
378 533
379 533
380 533
381 533
382 533
383 533
384 533
385 533
386 533
387 533
388 533
389 533
390 533
391 533
392 533
393 533
394 533
395 533
396 533
397 533
398 533
399 533
400 533
401 533
402 533
403 533
404 533
405 533
406 533
407 533
408 533
409 533
410 533
411 533
412 533
413 533
414 533
415 533
416 533
417 533
418 533
419 533
420 533
421 533
422 533
423 533
424 533
425 533
426 533
427 533
428 533
429 533
430 533
431 533
432 533
433 533
434 533
435 533
436 533
437 533
438 533
439 533
440 533
441 533
442 533
443 533
444 533
445 533
446 533
447 533
448 533
449 533
450 533
451 533
452 533
453 533
454 533
455 533
456 533
457 533
458 533
459 533
460 533
461 533
462 533
463 533
464 533
465 533
466 533
467 533
468 533
469 533
470 533
471 533
472 533
473 533
474 533
475 533
476 533
477 533
478 533
479 533
480 533
481 533
482 533
483 533
484 533
485 533
486 533
487 533
488 533
489 533
490 533
491 533
492 533
493 533
494 533
495 533
496 533
497 533
498 533
499 533
500 533
501 533
502 533
503 533
504 533
505 533
506 533
507 533
508 533
509 533
510 533
511 533
512 533
513 533
514 533
515 533
516 533
517 533
518 533
519 533
520 533
521 533
522 533
523 533
524 533
525 533
526 533
527 533
528 533
529 533
530 533
531 533
532 533
533 534
