732
731
1 731
2 731
3 731
4 731
5 731
6 731
7 731
8 731
9 731
10 731
11 731
12 731
13 731
14 731
15 731
16 731
17 731
18 731
19 731
20 731
21 731
22 731
23 731
24 731
25 731
26 731
27 731
28 731
29 731
30 731
31 731
32 731
33 731
34 731
35 731
36 731
37 731
38 731
39 731
40 731
41 731
42 731
43 731
44 731
45 731
46 731
47 731
48 731
49 731
50 731
51 731
52 731
53 731
54 731
55 731
56 731
57 731
58 731
59 731
60 731
61 731
62 731
63 731
64 731
65 731
66 731
67 731
68 731
69 731
70 731
71 731
72 731
73 731
74 731
75 731
76 731
77 731
78 731
79 731
80 731
81 731
82 731
83 731
84 731
85 731
86 731
87 731
88 731
89 731
90 731
91 731
92 731
93 731
94 731
95 731
96 731
97 731
98 731
99 731
100 731
101 731
102 731
103 731
104 731
105 731
106 731
107 731
108 731
109 731
110 731
111 731
112 731
113 731
114 731
115 731
116 731
117 731
118 731
119 731
120 731
121 731
122 731
123 731
124 731
125 731
126 731
127 731
128 731
129 731
130 731
131 731
132 731
133 731
134 731
135 731
136 731
137 731
138 731
139 731
140 731
141 731
142 731
143 731
144 731
145 731
146 731
147 731
148 731
149 731
150 731
151 731
152 731
153 731
154 731
155 731
156 731
157 731
158 731
159 731
160 731
161 731
162 731
163 731
164 731
165 731
166 731
167 731
168 731
169 731
170 731
171 731
172 731
173 731
174 731
175 731
176 731
177 731
178 731
179 731
180 731
181 731
182 731
183 731
184 731
185 731
186 731
187 731
188 731
189 731
190 731
191 731
192 731
193 731
194 731
195 731
196 731
197 731
198 731
199 731
200 731
201 731
202 731
203 731
204 731
205 731
206 731
207 731
208 731
209 731
210 731
211 731
212 731
213 731
214 731
215 731
216 731
217 731
218 731
219 731
220 731
221 731
222 731
223 731
224 731
225 731
226 731
227 731
228 731
229 731
230 731
231 731
232 731
233 731
234 731
235 731
236 731
237 731
238 731
239 731
240 731
241 731
242 731
243 731
244 731
245 731
246 731
247 731
248 731
249 731
250 731
251 731
252 731
253 731
254 731
255 731
256 731
257 731
258 731
259 731
260 731
261 731
262 731
263 731
264 731
265 731
266 731
267 731
268 731
269 731
270 731
271 731
272 731
273 731
274 731
275 731
276 731
277 731
278 731
279 731
280 731
281 731
282 731
283 731
284 731
285 731
286 731
287 731
288 731
289 731
290 731
291 731
292 731
293 731
294 731
295 731
296 731
297 731
298 731
299 731
300 731
301 731
302 731
303 731
304 731
305 731
306 731
307 731
308 731
309 731
310 731
311 731
312 731
313 731
314 731
315 731
316 731
317 731
318 731
319 731
320 731
321 731
322 731
323 731
324 731
325 731
326 731
327 731
328 731
329 731
330 731
331 731
332 731
333 731
334 731
335 731
336 731
337 731
338 731
339 731
340 731
341 731
342 731
343 731
344 731
345 731
346 731
347 731
348 731
349 731
350 731
351 731
352 731
353 731
354 731
355 731
356 731
357 731
358 731
359 731
360 731
361 731
362 731
363 731
364 731
365 731
366 731
367 731
368 731
369 731
370 731
371 731
372 731
373 731
374 731
375 731
376 731
377 731
378 731
379 731
380 731
381 731
382 731
383 731
384 731
385 731
386 731
387 731
388 731
389 731
390 731
391 731
392 731
393 731
394 731
395 731
396 731
397 731
398 731
399 731
400 731
401 731
402 731
403 731
404 731
405 731
406 731
407 731
408 731
409 731
410 731
411 731
412 731
413 731
414 731
415 731
416 731
417 731
418 731
419 731
420 731
421 731
422 731
423 731
424 731
425 731
426 731
427 731
428 731
429 731
430 731
431 731
432 731
433 731
434 731
435 731
436 731
437 731
438 731
439 731
440 731
441 731
442 731
443 731
444 731
445 731
446 731
447 731
448 731
449 731
450 731
451 731
452 731
453 731
454 731
455 731
456 731
457 731
458 731
459 731
460 731
461 731
462 731
463 731
464 731
465 731
466 731
467 731
468 731
469 731
470 731
471 731
472 731
473 731
474 731
475 731
476 731
477 731
478 731
479 731
480 731
481 731
482 731
483 731
484 731
485 731
486 731
487 731
488 731
489 731
490 731
491 731
492 731
493 731
494 731
495 731
496 731
497 731
498 731
499 731
500 731
501 731
502 731
503 731
504 731
505 731
506 731
507 731
508 731
509 731
510 731
511 731
512 731
513 731
514 731
515 731
516 731
517 731
518 731
519 731
520 731
521 731
522 731
523 731
524 731
525 731
526 731
527 731
528 731
529 731
530 731
531 731
532 731
533 731
534 731
535 731
536 731
537 731
538 731
539 731
540 731
541 731
542 731
543 731
544 731
545 731
546 731
547 731
548 731
549 731
550 731
551 731
552 731
553 731
554 731
555 731
556 731
557 731
558 731
559 731
560 731
561 731
562 731
563 731
564 731
565 731
566 731
567 731
568 731
569 731
570 731
571 731
572 731
573 731
574 731
575 731
576 731
577 731
578 731
579 731
580 731
581 731
582 731
583 731
584 731
585 731
586 731
587 731
588 731
589 731
590 731
591 731
592 731
593 731
594 731
595 731
596 731
597 731
598 731
599 731
600 731
601 731
602 731
603 731
604 731
605 731
606 731
607 731
608 731
609 731
610 731
611 731
612 731
613 731
614 731
615 731
616 731
617 731
618 731
619 731
620 731
621 731
622 731
623 731
624 731
625 731
626 731
627 731
628 731
629 731
630 731
631 731
632 731
633 731
634 731
635 731
636 731
637 731
638 731
639 731
640 731
641 731
642 731
643 731
644 731
645 731
646 731
647 731
648 731
649 731
650 731
651 731
652 731
653 731
654 731
655 731
656 731
657 731
658 731
659 731
660 731
661 731
662 731
663 731
664 731
665 731
666 731
667 731
668 731
669 731
670 731
671 731
672 731
673 731
674 731
675 731
676 731
677 731
678 731
679 731
680 731
681 731
682 731
683 731
684 731
685 731
686 731
687 731
688 731
689 731
690 731
691 731
692 731
693 731
694 731
695 731
696 731
697 731
698 731
699 731
700 731
701 731
702 731
703 731
704 731
705 731
706 731
707 731
708 731
709 731
710 731
711 731
712 731
713 731
714 731
715 731
716 731
717 731
718 731
719 731
720 731
721 731
722 731
723 731
724 731
725 731
726 731
727 731
728 731
729 731
730 731
731 732
