547
546
1 546
2 546
3 546
4 546
5 546
6 546
7 546
8 546
9 546
10 546
11 546
12 546
13 546
14 546
15 546
16 546
17 546
18 546
19 546
20 546
21 546
22 546
23 546
24 546
25 546
26 546
27 546
28 546
29 546
30 546
31 546
32 546
33 546
34 546
35 546
36 546
37 546
38 546
39 546
40 546
41 546
42 546
43 546
44 546
45 546
46 546
47 546
48 546
49 546
50 546
51 546
52 546
53 546
54 546
55 546
56 546
57 546
58 546
59 546
60 546
61 546
62 546
63 546
64 546
65 546
66 546
67 546
68 546
69 546
70 546
71 546
72 546
73 546
74 546
75 546
76 546
77 546
78 546
79 546
80 546
81 546
82 546
83 546
84 546
85 546
86 546
87 546
88 546
89 546
90 546
91 546
92 546
93 546
94 546
95 546
96 546
97 546
98 546
99 546
100 546
101 546
102 546
103 546
104 546
105 546
106 546
107 546
108 546
109 546
110 546
111 546
112 546
113 546
114 546
115 546
116 546
117 546
118 546
119 546
120 546
121 546
122 546
123 546
124 546
125 546
126 546
127 546
128 546
129 546
130 546
131 546
132 546
133 546
134 546
135 546
136 546
137 546
138 546
139 546
140 546
141 546
142 546
143 546
144 546
145 546
146 546
147 546
148 546
149 546
150 546
151 546
152 546
153 546
154 546
155 546
156 546
157 546
158 546
159 546
160 546
161 546
162 546
163 546
164 546
165 546
166 546
167 546
168 546
169 546
170 546
171 546
172 546
173 546
174 546
175 546
176 546
177 546
178 546
179 546
180 546
181 546
182 546
183 546
184 546
185 546
186 546
187 546
188 546
189 546
190 546
191 546
192 546
193 546
194 546
195 546
196 546
197 546
198 546
199 546
200 546
201 546
202 546
203 546
204 546
205 546
206 546
207 546
208 546
209 546
210 546
211 546
212 546
213 546
214 546
215 546
216 546
217 546
218 546
219 546
220 546
221 546
222 546
223 546
224 546
225 546
226 546
227 546
228 546
229 546
230 546
231 546
232 546
233 546
234 546
235 546
236 546
237 546
238 546
239 546
240 546
241 546
242 546
243 546
244 546
245 546
246 546
247 546
248 546
249 546
250 546
251 546
252 546
253 546
254 546
255 546
256 546
257 546
258 546
259 546
260 546
261 546
262 546
263 546
264 546
265 546
266 546
267 546
268 546
269 546
270 546
271 546
272 546
273 546
274 546
275 546
276 546
277 546
278 546
279 546
280 546
281 546
282 546
283 546
284 546
285 546
286 546
287 546
288 546
289 546
290 546
291 546
292 546
293 546
294 546
295 546
296 546
297 546
298 546
299 546
300 546
301 546
302 546
303 546
304 546
305 546
306 546
307 546
308 546
309 546
310 546
311 546
312 546
313 546
314 546
315 546
316 546
317 546
318 546
319 546
320 546
321 546
322 546
323 546
324 546
325 546
326 546
327 546
328 546
329 546
330 546
331 546
332 546
333 546
334 546
335 546
336 546
337 546
338 546
339 546
340 546
341 546
342 546
343 546
344 546
345 546
346 546
347 546
348 546
349 546
350 546
351 546
352 546
353 546
354 546
355 546
356 546
357 546
358 546
359 546
360 546
361 546
362 546
363 546
364 546
365 546
366 546
367 546
368 546
369 546
370 546
371 546
372 546
373 546
374 546
375 546
376 546
377 546
378 546
379 546
380 546
381 546
382 546
383 546
384 546
385 546
386 546
387 546
388 546
389 546
390 546
391 546
392 546
393 546
394 546
395 546
396 546
397 546
398 546
399 546
400 546
401 546
402 546
403 546
404 546
405 546
406 546
407 546
408 546
409 546
410 546
411 546
412 546
413 546
414 546
415 546
416 546
417 546
418 546
419 546
420 546
421 546
422 546
423 546
424 546
425 546
426 546
427 546
428 546
429 546
430 546
431 546
432 546
433 546
434 546
435 546
436 546
437 546
438 546
439 546
440 546
441 546
442 546
443 546
444 546
445 546
446 546
447 546
448 546
449 546
450 546
451 546
452 546
453 546
454 546
455 546
456 546
457 546
458 546
459 546
460 546
461 546
462 546
463 546
464 546
465 546
466 546
467 546
468 546
469 546
470 546
471 546
472 546
473 546
474 546
475 546
476 546
477 546
478 546
479 546
480 546
481 546
482 546
483 546
484 546
485 546
486 546
487 546
488 546
489 546
490 546
491 546
492 546
493 546
494 546
495 546
496 546
497 546
498 546
499 546
500 546
501 546
502 546
503 546
504 546
505 546
506 546
507 546
508 546
509 546
510 546
511 546
512 546
513 546
514 546
515 546
516 546
517 546
518 546
519 546
520 546
521 546
522 546
523 546
524 546
525 546
526 546
527 546
528 546
529 546
530 546
531 546
532 546
533 546
534 546
535 546
536 546
537 546
538 546
539 546
540 546
541 546
542 546
543 546
544 546
545 546
546 547
