878
877
1 877
2 877
3 877
4 877
5 877
6 877
7 877
8 877
9 877
10 877
11 877
12 877
13 877
14 877
15 877
16 877
17 877
18 877
19 877
20 877
21 877
22 877
23 877
24 877
25 877
26 877
27 877
28 877
29 877
30 877
31 877
32 877
33 877
34 877
35 877
36 877
37 877
38 877
39 877
40 877
41 877
42 877
43 877
44 877
45 877
46 877
47 877
48 877
49 877
50 877
51 877
52 877
53 877
54 877
55 877
56 877
57 877
58 877
59 877
60 877
61 877
62 877
63 877
64 877
65 877
66 877
67 877
68 877
69 877
70 877
71 877
72 877
73 877
74 877
75 877
76 877
77 877
78 877
79 877
80 877
81 877
82 877
83 877
84 877
85 877
86 877
87 877
88 877
89 877
90 877
91 877
92 877
93 877
94 877
95 877
96 877
97 877
98 877
99 877
100 877
101 877
102 877
103 877
104 877
105 877
106 877
107 877
108 877
109 877
110 877
111 877
112 877
113 877
114 877
115 877
116 877
117 877
118 877
119 877
120 877
121 877
122 877
123 877
124 877
125 877
126 877
127 877
128 877
129 877
130 877
131 877
132 877
133 877
134 877
135 877
136 877
137 877
138 877
139 877
140 877
141 877
142 877
143 877
144 877
145 877
146 877
147 877
148 877
149 877
150 877
151 877
152 877
153 877
154 877
155 877
156 877
157 877
158 877
159 877
160 877
161 877
162 877
163 877
164 877
165 877
166 877
167 877
168 877
169 877
170 877
171 877
172 877
173 877
174 877
175 877
176 877
177 877
178 877
179 877
180 877
181 877
182 877
183 877
184 877
185 877
186 877
187 877
188 877
189 877
190 877
191 877
192 877
193 877
194 877
195 877
196 877
197 877
198 877
199 877
200 877
201 877
202 877
203 877
204 877
205 877
206 877
207 877
208 877
209 877
210 877
211 877
212 877
213 877
214 877
215 877
216 877
217 877
218 877
219 877
220 877
221 877
222 877
223 877
224 877
225 877
226 877
227 877
228 877
229 877
230 877
231 877
232 877
233 877
234 877
235 877
236 877
237 877
238 877
239 877
240 877
241 877
242 877
243 877
244 877
245 877
246 877
247 877
248 877
249 877
250 877
251 877
252 877
253 877
254 877
255 877
256 877
257 877
258 877
259 877
260 877
261 877
262 877
263 877
264 877
265 877
266 877
267 877
268 877
269 877
270 877
271 877
272 877
273 877
274 877
275 877
276 877
277 877
278 877
279 877
280 877
281 877
282 877
283 877
284 877
285 877
286 877
287 877
288 877
289 877
290 877
291 877
292 877
293 877
294 877
295 877
296 877
297 877
298 877
299 877
300 877
301 877
302 877
303 877
304 877
305 877
306 877
307 877
308 877
309 877
310 877
311 877
312 877
313 877
314 877
315 877
316 877
317 877
318 877
319 877
320 877
321 877
322 877
323 877
324 877
325 877
326 877
327 877
328 877
329 877
330 877
331 877
332 877
333 877
334 877
335 877
336 877
337 877
338 877
339 877
340 877
341 877
342 877
343 877
344 877
345 877
346 877
347 877
348 877
349 877
350 877
351 877
352 877
353 877
354 877
355 877
356 877
357 877
358 877
359 877
360 877
361 877
362 877
363 877
364 877
365 877
366 877
367 877
368 877
369 877
370 877
371 877
372 877
373 877
374 877
375 877
376 877
377 877
378 877
379 877
380 877
381 877
382 877
383 877
384 877
385 877
386 877
387 877
388 877
389 877
390 877
391 877
392 877
393 877
394 877
395 877
396 877
397 877
398 877
399 877
400 877
401 877
402 877
403 877
404 877
405 877
406 877
407 877
408 877
409 877
410 877
411 877
412 877
413 877
414 877
415 877
416 877
417 877
418 877
419 877
420 877
421 877
422 877
423 877
424 877
425 877
426 877
427 877
428 877
429 877
430 877
431 877
432 877
433 877
434 877
435 877
436 877
437 877
438 877
439 877
440 877
441 877
442 877
443 877
444 877
445 877
446 877
447 877
448 877
449 877
450 877
451 877
452 877
453 877
454 877
455 877
456 877
457 877
458 877
459 877
460 877
461 877
462 877
463 877
464 877
465 877
466 877
467 877
468 877
469 877
470 877
471 877
472 877
473 877
474 877
475 877
476 877
477 877
478 877
479 877
480 877
481 877
482 877
483 877
484 877
485 877
486 877
487 877
488 877
489 877
490 877
491 877
492 877
493 877
494 877
495 877
496 877
497 877
498 877
499 877
500 877
501 877
502 877
503 877
504 877
505 877
506 877
507 877
508 877
509 877
510 877
511 877
512 877
513 877
514 877
515 877
516 877
517 877
518 877
519 877
520 877
521 877
522 877
523 877
524 877
525 877
526 877
527 877
528 877
529 877
530 877
531 877
532 877
533 877
534 877
535 877
536 877
537 877
538 877
539 877
540 877
541 877
542 877
543 877
544 877
545 877
546 877
547 877
548 877
549 877
550 877
551 877
552 877
553 877
554 877
555 877
556 877
557 877
558 877
559 877
560 877
561 877
562 877
563 877
564 877
565 877
566 877
567 877
568 877
569 877
570 877
571 877
572 877
573 877
574 877
575 877
576 877
577 877
578 877
579 877
580 877
581 877
582 877
583 877
584 877
585 877
586 877
587 877
588 877
589 877
590 877
591 877
592 877
593 877
594 877
595 877
596 877
597 877
598 877
599 877
600 877
601 877
602 877
603 877
604 877
605 877
606 877
607 877
608 877
609 877
610 877
611 877
612 877
613 877
614 877
615 877
616 877
617 877
618 877
619 877
620 877
621 877
622 877
623 877
624 877
625 877
626 877
627 877
628 877
629 877
630 877
631 877
632 877
633 877
634 877
635 877
636 877
637 877
638 877
639 877
640 877
641 877
642 877
643 877
644 877
645 877
646 877
647 877
648 877
649 877
650 877
651 877
652 877
653 877
654 877
655 877
656 877
657 877
658 877
659 877
660 877
661 877
662 877
663 877
664 877
665 877
666 877
667 877
668 877
669 877
670 877
671 877
672 877
673 877
674 877
675 877
676 877
677 877
678 877
679 877
680 877
681 877
682 877
683 877
684 877
685 877
686 877
687 877
688 877
689 877
690 877
691 877
692 877
693 877
694 877
695 877
696 877
697 877
698 877
699 877
700 877
701 877
702 877
703 877
704 877
705 877
706 877
707 877
708 877
709 877
710 877
711 877
712 877
713 877
714 877
715 877
716 877
717 877
718 877
719 877
720 877
721 877
722 877
723 877
724 877
725 877
726 877
727 877
728 877
729 877
730 877
731 877
732 877
733 877
734 877
735 877
736 877
737 877
738 877
739 877
740 877
741 877
742 877
743 877
744 877
745 877
746 877
747 877
748 877
749 877
750 877
751 877
752 877
753 877
754 877
755 877
756 877
757 877
758 877
759 877
760 877
761 877
762 877
763 877
764 877
765 877
766 877
767 877
768 877
769 877
770 877
771 877
772 877
773 877
774 877
775 877
776 877
777 877
778 877
779 877
780 877
781 877
782 877
783 877
784 877
785 877
786 877
787 877
788 877
789 877
790 877
791 877
792 877
793 877
794 877
795 877
796 877
797 877
798 877
799 877
800 877
801 877
802 877
803 877
804 877
805 877
806 877
807 877
808 877
809 877
810 877
811 877
812 877
813 877
814 877
815 877
816 877
817 877
818 877
819 877
820 877
821 877
822 877
823 877
824 877
825 877
826 877
827 877
828 877
829 877
830 877
831 877
832 877
833 877
834 877
835 877
836 877
837 877
838 877
839 877
840 877
841 877
842 877
843 877
844 877
845 877
846 877
847 877
848 877
849 877
850 877
851 877
852 877
853 877
854 877
855 877
856 877
857 877
858 877
859 877
860 877
861 877
862 877
863 877
864 877
865 877
866 877
867 877
868 877
869 877
870 877
871 877
872 877
873 877
874 877
875 877
876 877
877 878
