495
494
1 494
2 494
3 494
4 494
5 494
6 494
7 494
8 494
9 494
10 494
11 494
12 494
13 494
14 494
15 494
16 494
17 494
18 494
19 494
20 494
21 494
22 494
23 494
24 494
25 494
26 494
27 494
28 494
29 494
30 494
31 494
32 494
33 494
34 494
35 494
36 494
37 494
38 494
39 494
40 494
41 494
42 494
43 494
44 494
45 494
46 494
47 494
48 494
49 494
50 494
51 494
52 494
53 494
54 494
55 494
56 494
57 494
58 494
59 494
60 494
61 494
62 494
63 494
64 494
65 494
66 494
67 494
68 494
69 494
70 494
71 494
72 494
73 494
74 494
75 494
76 494
77 494
78 494
79 494
80 494
81 494
82 494
83 494
84 494
85 494
86 494
87 494
88 494
89 494
90 494
91 494
92 494
93 494
94 494
95 494
96 494
97 494
98 494
99 494
100 494
101 494
102 494
103 494
104 494
105 494
106 494
107 494
108 494
109 494
110 494
111 494
112 494
113 494
114 494
115 494
116 494
117 494
118 494
119 494
120 494
121 494
122 494
123 494
124 494
125 494
126 494
127 494
128 494
129 494
130 494
131 494
132 494
133 494
134 494
135 494
136 494
137 494
138 494
139 494
140 494
141 494
142 494
143 494
144 494
145 494
146 494
147 494
148 494
149 494
150 494
151 494
152 494
153 494
154 494
155 494
156 494
157 494
158 494
159 494
160 494
161 494
162 494
163 494
164 494
165 494
166 494
167 494
168 494
169 494
170 494
171 494
172 494
173 494
174 494
175 494
176 494
177 494
178 494
179 494
180 494
181 494
182 494
183 494
184 494
185 494
186 494
187 494
188 494
189 494
190 494
191 494
192 494
193 494
194 494
195 494
196 494
197 494
198 494
199 494
200 494
201 494
202 494
203 494
204 494
205 494
206 494
207 494
208 494
209 494
210 494
211 494
212 494
213 494
214 494
215 494
216 494
217 494
218 494
219 494
220 494
221 494
222 494
223 494
224 494
225 494
226 494
227 494
228 494
229 494
230 494
231 494
232 494
233 494
234 494
235 494
236 494
237 494
238 494
239 494
240 494
241 494
242 494
243 494
244 494
245 494
246 494
247 494
248 494
249 494
250 494
251 494
252 494
253 494
254 494
255 494
256 494
257 494
258 494
259 494
260 494
261 494
262 494
263 494
264 494
265 494
266 494
267 494
268 494
269 494
270 494
271 494
272 494
273 494
274 494
275 494
276 494
277 494
278 494
279 494
280 494
281 494
282 494
283 494
284 494
285 494
286 494
287 494
288 494
289 494
290 494
291 494
292 494
293 494
294 494
295 494
296 494
297 494
298 494
299 494
300 494
301 494
302 494
303 494
304 494
305 494
306 494
307 494
308 494
309 494
310 494
311 494
312 494
313 494
314 494
315 494
316 494
317 494
318 494
319 494
320 494
321 494
322 494
323 494
324 494
325 494
326 494
327 494
328 494
329 494
330 494
331 494
332 494
333 494
334 494
335 494
336 494
337 494
338 494
339 494
340 494
341 494
342 494
343 494
344 494
345 494
346 494
347 494
348 494
349 494
350 494
351 494
352 494
353 494
354 494
355 494
356 494
357 494
358 494
359 494
360 494
361 494
362 494
363 494
364 494
365 494
366 494
367 494
368 494
369 494
370 494
371 494
372 494
373 494
374 494
375 494
376 494
377 494
378 494
379 494
380 494
381 494
382 494
383 494
384 494
385 494
386 494
387 494
388 494
389 494
390 494
391 494
392 494
393 494
394 494
395 494
396 494
397 494
398 494
399 494
400 494
401 494
402 494
403 494
404 494
405 494
406 494
407 494
408 494
409 494
410 494
411 494
412 494
413 494
414 494
415 494
416 494
417 494
418 494
419 494
420 494
421 494
422 494
423 494
424 494
425 494
426 494
427 494
428 494
429 494
430 494
431 494
432 494
433 494
434 494
435 494
436 494
437 494
438 494
439 494
440 494
441 494
442 494
443 494
444 494
445 494
446 494
447 494
448 494
449 494
450 494
451 494
452 494
453 494
454 494
455 494
456 494
457 494
458 494
459 494
460 494
461 494
462 494
463 494
464 494
465 494
466 494
467 494
468 494
469 494
470 494
471 494
472 494
473 494
474 494
475 494
476 494
477 494
478 494
479 494
480 494
481 494
482 494
483 494
484 494
485 494
486 494
487 494
488 494
489 494
490 494
491 494
492 494
493 494
494 495
