791
790
1 790
2 790
3 790
4 790
5 790
6 790
7 790
8 790
9 790
10 790
11 790
12 790
13 790
14 790
15 790
16 790
17 790
18 790
19 790
20 790
21 790
22 790
23 790
24 790
25 790
26 790
27 790
28 790
29 790
30 790
31 790
32 790
33 790
34 790
35 790
36 790
37 790
38 790
39 790
40 790
41 790
42 790
43 790
44 790
45 790
46 790
47 790
48 790
49 790
50 790
51 790
52 790
53 790
54 790
55 790
56 790
57 790
58 790
59 790
60 790
61 790
62 790
63 790
64 790
65 790
66 790
67 790
68 790
69 790
70 790
71 790
72 790
73 790
74 790
75 790
76 790
77 790
78 790
79 790
80 790
81 790
82 790
83 790
84 790
85 790
86 790
87 790
88 790
89 790
90 790
91 790
92 790
93 790
94 790
95 790
96 790
97 790
98 790
99 790
100 790
101 790
102 790
103 790
104 790
105 790
106 790
107 790
108 790
109 790
110 790
111 790
112 790
113 790
114 790
115 790
116 790
117 790
118 790
119 790
120 790
121 790
122 790
123 790
124 790
125 790
126 790
127 790
128 790
129 790
130 790
131 790
132 790
133 790
134 790
135 790
136 790
137 790
138 790
139 790
140 790
141 790
142 790
143 790
144 790
145 790
146 790
147 790
148 790
149 790
150 790
151 790
152 790
153 790
154 790
155 790
156 790
157 790
158 790
159 790
160 790
161 790
162 790
163 790
164 790
165 790
166 790
167 790
168 790
169 790
170 790
171 790
172 790
173 790
174 790
175 790
176 790
177 790
178 790
179 790
180 790
181 790
182 790
183 790
184 790
185 790
186 790
187 790
188 790
189 790
190 790
191 790
192 790
193 790
194 790
195 790
196 790
197 790
198 790
199 790
200 790
201 790
202 790
203 790
204 790
205 790
206 790
207 790
208 790
209 790
210 790
211 790
212 790
213 790
214 790
215 790
216 790
217 790
218 790
219 790
220 790
221 790
222 790
223 790
224 790
225 790
226 790
227 790
228 790
229 790
230 790
231 790
232 790
233 790
234 790
235 790
236 790
237 790
238 790
239 790
240 790
241 790
242 790
243 790
244 790
245 790
246 790
247 790
248 790
249 790
250 790
251 790
252 790
253 790
254 790
255 790
256 790
257 790
258 790
259 790
260 790
261 790
262 790
263 790
264 790
265 790
266 790
267 790
268 790
269 790
270 790
271 790
272 790
273 790
274 790
275 790
276 790
277 790
278 790
279 790
280 790
281 790
282 790
283 790
284 790
285 790
286 790
287 790
288 790
289 790
290 790
291 790
292 790
293 790
294 790
295 790
296 790
297 790
298 790
299 790
300 790
301 790
302 790
303 790
304 790
305 790
306 790
307 790
308 790
309 790
310 790
311 790
312 790
313 790
314 790
315 790
316 790
317 790
318 790
319 790
320 790
321 790
322 790
323 790
324 790
325 790
326 790
327 790
328 790
329 790
330 790
331 790
332 790
333 790
334 790
335 790
336 790
337 790
338 790
339 790
340 790
341 790
342 790
343 790
344 790
345 790
346 790
347 790
348 790
349 790
350 790
351 790
352 790
353 790
354 790
355 790
356 790
357 790
358 790
359 790
360 790
361 790
362 790
363 790
364 790
365 790
366 790
367 790
368 790
369 790
370 790
371 790
372 790
373 790
374 790
375 790
376 790
377 790
378 790
379 790
380 790
381 790
382 790
383 790
384 790
385 790
386 790
387 790
388 790
389 790
390 790
391 790
392 790
393 790
394 790
395 790
396 790
397 790
398 790
399 790
400 790
401 790
402 790
403 790
404 790
405 790
406 790
407 790
408 790
409 790
410 790
411 790
412 790
413 790
414 790
415 790
416 790
417 790
418 790
419 790
420 790
421 790
422 790
423 790
424 790
425 790
426 790
427 790
428 790
429 790
430 790
431 790
432 790
433 790
434 790
435 790
436 790
437 790
438 790
439 790
440 790
441 790
442 790
443 790
444 790
445 790
446 790
447 790
448 790
449 790
450 790
451 790
452 790
453 790
454 790
455 790
456 790
457 790
458 790
459 790
460 790
461 790
462 790
463 790
464 790
465 790
466 790
467 790
468 790
469 790
470 790
471 790
472 790
473 790
474 790
475 790
476 790
477 790
478 790
479 790
480 790
481 790
482 790
483 790
484 790
485 790
486 790
487 790
488 790
489 790
490 790
491 790
492 790
493 790
494 790
495 790
496 790
497 790
498 790
499 790
500 790
501 790
502 790
503 790
504 790
505 790
506 790
507 790
508 790
509 790
510 790
511 790
512 790
513 790
514 790
515 790
516 790
517 790
518 790
519 790
520 790
521 790
522 790
523 790
524 790
525 790
526 790
527 790
528 790
529 790
530 790
531 790
532 790
533 790
534 790
535 790
536 790
537 790
538 790
539 790
540 790
541 790
542 790
543 790
544 790
545 790
546 790
547 790
548 790
549 790
550 790
551 790
552 790
553 790
554 790
555 790
556 790
557 790
558 790
559 790
560 790
561 790
562 790
563 790
564 790
565 790
566 790
567 790
568 790
569 790
570 790
571 790
572 790
573 790
574 790
575 790
576 790
577 790
578 790
579 790
580 790
581 790
582 790
583 790
584 790
585 790
586 790
587 790
588 790
589 790
590 790
591 790
592 790
593 790
594 790
595 790
596 790
597 790
598 790
599 790
600 790
601 790
602 790
603 790
604 790
605 790
606 790
607 790
608 790
609 790
610 790
611 790
612 790
613 790
614 790
615 790
616 790
617 790
618 790
619 790
620 790
621 790
622 790
623 790
624 790
625 790
626 790
627 790
628 790
629 790
630 790
631 790
632 790
633 790
634 790
635 790
636 790
637 790
638 790
639 790
640 790
641 790
642 790
643 790
644 790
645 790
646 790
647 790
648 790
649 790
650 790
651 790
652 790
653 790
654 790
655 790
656 790
657 790
658 790
659 790
660 790
661 790
662 790
663 790
664 790
665 790
666 790
667 790
668 790
669 790
670 790
671 790
672 790
673 790
674 790
675 790
676 790
677 790
678 790
679 790
680 790
681 790
682 790
683 790
684 790
685 790
686 790
687 790
688 790
689 790
690 790
691 790
692 790
693 790
694 790
695 790
696 790
697 790
698 790
699 790
700 790
701 790
702 790
703 790
704 790
705 790
706 790
707 790
708 790
709 790
710 790
711 790
712 790
713 790
714 790
715 790
716 790
717 790
718 790
719 790
720 790
721 790
722 790
723 790
724 790
725 790
726 790
727 790
728 790
729 790
730 790
731 790
732 790
733 790
734 790
735 790
736 790
737 790
738 790
739 790
740 790
741 790
742 790
743 790
744 790
745 790
746 790
747 790
748 790
749 790
750 790
751 790
752 790
753 790
754 790
755 790
756 790
757 790
758 790
759 790
760 790
761 790
762 790
763 790
764 790
765 790
766 790
767 790
768 790
769 790
770 790
771 790
772 790
773 790
774 790
775 790
776 790
777 790
778 790
779 790
780 790
781 790
782 790
783 790
784 790
785 790
786 790
787 790
788 790
789 790
790 791
