772
771
1 771
2 771
3 771
4 771
5 771
6 771
7 771
8 771
9 771
10 771
11 771
12 771
13 771
14 771
15 771
16 771
17 771
18 771
19 771
20 771
21 771
22 771
23 771
24 771
25 771
26 771
27 771
28 771
29 771
30 771
31 771
32 771
33 771
34 771
35 771
36 771
37 771
38 771
39 771
40 771
41 771
42 771
43 771
44 771
45 771
46 771
47 771
48 771
49 771
50 771
51 771
52 771
53 771
54 771
55 771
56 771
57 771
58 771
59 771
60 771
61 771
62 771
63 771
64 771
65 771
66 771
67 771
68 771
69 771
70 771
71 771
72 771
73 771
74 771
75 771
76 771
77 771
78 771
79 771
80 771
81 771
82 771
83 771
84 771
85 771
86 771
87 771
88 771
89 771
90 771
91 771
92 771
93 771
94 771
95 771
96 771
97 771
98 771
99 771
100 771
101 771
102 771
103 771
104 771
105 771
106 771
107 771
108 771
109 771
110 771
111 771
112 771
113 771
114 771
115 771
116 771
117 771
118 771
119 771
120 771
121 771
122 771
123 771
124 771
125 771
126 771
127 771
128 771
129 771
130 771
131 771
132 771
133 771
134 771
135 771
136 771
137 771
138 771
139 771
140 771
141 771
142 771
143 771
144 771
145 771
146 771
147 771
148 771
149 771
150 771
151 771
152 771
153 771
154 771
155 771
156 771
157 771
158 771
159 771
160 771
161 771
162 771
163 771
164 771
165 771
166 771
167 771
168 771
169 771
170 771
171 771
172 771
173 771
174 771
175 771
176 771
177 771
178 771
179 771
180 771
181 771
182 771
183 771
184 771
185 771
186 771
187 771
188 771
189 771
190 771
191 771
192 771
193 771
194 771
195 771
196 771
197 771
198 771
199 771
200 771
201 771
202 771
203 771
204 771
205 771
206 771
207 771
208 771
209 771
210 771
211 771
212 771
213 771
214 771
215 771
216 771
217 771
218 771
219 771
220 771
221 771
222 771
223 771
224 771
225 771
226 771
227 771
228 771
229 771
230 771
231 771
232 771
233 771
234 771
235 771
236 771
237 771
238 771
239 771
240 771
241 771
242 771
243 771
244 771
245 771
246 771
247 771
248 771
249 771
250 771
251 771
252 771
253 771
254 771
255 771
256 771
257 771
258 771
259 771
260 771
261 771
262 771
263 771
264 771
265 771
266 771
267 771
268 771
269 771
270 771
271 771
272 771
273 771
274 771
275 771
276 771
277 771
278 771
279 771
280 771
281 771
282 771
283 771
284 771
285 771
286 771
287 771
288 771
289 771
290 771
291 771
292 771
293 771
294 771
295 771
296 771
297 771
298 771
299 771
300 771
301 771
302 771
303 771
304 771
305 771
306 771
307 771
308 771
309 771
310 771
311 771
312 771
313 771
314 771
315 771
316 771
317 771
318 771
319 771
320 771
321 771
322 771
323 771
324 771
325 771
326 771
327 771
328 771
329 771
330 771
331 771
332 771
333 771
334 771
335 771
336 771
337 771
338 771
339 771
340 771
341 771
342 771
343 771
344 771
345 771
346 771
347 771
348 771
349 771
350 771
351 771
352 771
353 771
354 771
355 771
356 771
357 771
358 771
359 771
360 771
361 771
362 771
363 771
364 771
365 771
366 771
367 771
368 771
369 771
370 771
371 771
372 771
373 771
374 771
375 771
376 771
377 771
378 771
379 771
380 771
381 771
382 771
383 771
384 771
385 771
386 771
387 771
388 771
389 771
390 771
391 771
392 771
393 771
394 771
395 771
396 771
397 771
398 771
399 771
400 771
401 771
402 771
403 771
404 771
405 771
406 771
407 771
408 771
409 771
410 771
411 771
412 771
413 771
414 771
415 771
416 771
417 771
418 771
419 771
420 771
421 771
422 771
423 771
424 771
425 771
426 771
427 771
428 771
429 771
430 771
431 771
432 771
433 771
434 771
435 771
436 771
437 771
438 771
439 771
440 771
441 771
442 771
443 771
444 771
445 771
446 771
447 771
448 771
449 771
450 771
451 771
452 771
453 771
454 771
455 771
456 771
457 771
458 771
459 771
460 771
461 771
462 771
463 771
464 771
465 771
466 771
467 771
468 771
469 771
470 771
471 771
472 771
473 771
474 771
475 771
476 771
477 771
478 771
479 771
480 771
481 771
482 771
483 771
484 771
485 771
486 771
487 771
488 771
489 771
490 771
491 771
492 771
493 771
494 771
495 771
496 771
497 771
498 771
499 771
500 771
501 771
502 771
503 771
504 771
505 771
506 771
507 771
508 771
509 771
510 771
511 771
512 771
513 771
514 771
515 771
516 771
517 771
518 771
519 771
520 771
521 771
522 771
523 771
524 771
525 771
526 771
527 771
528 771
529 771
530 771
531 771
532 771
533 771
534 771
535 771
536 771
537 771
538 771
539 771
540 771
541 771
542 771
543 771
544 771
545 771
546 771
547 771
548 771
549 771
550 771
551 771
552 771
553 771
554 771
555 771
556 771
557 771
558 771
559 771
560 771
561 771
562 771
563 771
564 771
565 771
566 771
567 771
568 771
569 771
570 771
571 771
572 771
573 771
574 771
575 771
576 771
577 771
578 771
579 771
580 771
581 771
582 771
583 771
584 771
585 771
586 771
587 771
588 771
589 771
590 771
591 771
592 771
593 771
594 771
595 771
596 771
597 771
598 771
599 771
600 771
601 771
602 771
603 771
604 771
605 771
606 771
607 771
608 771
609 771
610 771
611 771
612 771
613 771
614 771
615 771
616 771
617 771
618 771
619 771
620 771
621 771
622 771
623 771
624 771
625 771
626 771
627 771
628 771
629 771
630 771
631 771
632 771
633 771
634 771
635 771
636 771
637 771
638 771
639 771
640 771
641 771
642 771
643 771
644 771
645 771
646 771
647 771
648 771
649 771
650 771
651 771
652 771
653 771
654 771
655 771
656 771
657 771
658 771
659 771
660 771
661 771
662 771
663 771
664 771
665 771
666 771
667 771
668 771
669 771
670 771
671 771
672 771
673 771
674 771
675 771
676 771
677 771
678 771
679 771
680 771
681 771
682 771
683 771
684 771
685 771
686 771
687 771
688 771
689 771
690 771
691 771
692 771
693 771
694 771
695 771
696 771
697 771
698 771
699 771
700 771
701 771
702 771
703 771
704 771
705 771
706 771
707 771
708 771
709 771
710 771
711 771
712 771
713 771
714 771
715 771
716 771
717 771
718 771
719 771
720 771
721 771
722 771
723 771
724 771
725 771
726 771
727 771
728 771
729 771
730 771
731 771
732 771
733 771
734 771
735 771
736 771
737 771
738 771
739 771
740 771
741 771
742 771
743 771
744 771
745 771
746 771
747 771
748 771
749 771
750 771
751 771
752 771
753 771
754 771
755 771
756 771
757 771
758 771
759 771
760 771
761 771
762 771
763 771
764 771
765 771
766 771
767 771
768 771
769 771
770 771
771 772
