387
386
1 386
2 386
3 386
4 386
5 386
6 386
7 386
8 386
9 386
10 386
11 386
12 386
13 386
14 386
15 386
16 386
17 386
18 386
19 386
20 386
21 386
22 386
23 386
24 386
25 386
26 386
27 386
28 386
29 386
30 386
31 386
32 386
33 386
34 386
35 386
36 386
37 386
38 386
39 386
40 386
41 386
42 386
43 386
44 386
45 386
46 386
47 386
48 386
49 386
50 386
51 386
52 386
53 386
54 386
55 386
56 386
57 386
58 386
59 386
60 386
61 386
62 386
63 386
64 386
65 386
66 386
67 386
68 386
69 386
70 386
71 386
72 386
73 386
74 386
75 386
76 386
77 386
78 386
79 386
80 386
81 386
82 386
83 386
84 386
85 386
86 386
87 386
88 386
89 386
90 386
91 386
92 386
93 386
94 386
95 386
96 386
97 386
98 386
99 386
100 386
101 386
102 386
103 386
104 386
105 386
106 386
107 386
108 386
109 386
110 386
111 386
112 386
113 386
114 386
115 386
116 386
117 386
118 386
119 386
120 386
121 386
122 386
123 386
124 386
125 386
126 386
127 386
128 386
129 386
130 386
131 386
132 386
133 386
134 386
135 386
136 386
137 386
138 386
139 386
140 386
141 386
142 386
143 386
144 386
145 386
146 386
147 386
148 386
149 386
150 386
151 386
152 386
153 386
154 386
155 386
156 386
157 386
158 386
159 386
160 386
161 386
162 386
163 386
164 386
165 386
166 386
167 386
168 386
169 386
170 386
171 386
172 386
173 386
174 386
175 386
176 386
177 386
178 386
179 386
180 386
181 386
182 386
183 386
184 386
185 386
186 386
187 386
188 386
189 386
190 386
191 386
192 386
193 386
194 386
195 386
196 386
197 386
198 386
199 386
200 386
201 386
202 386
203 386
204 386
205 386
206 386
207 386
208 386
209 386
210 386
211 386
212 386
213 386
214 386
215 386
216 386
217 386
218 386
219 386
220 386
221 386
222 386
223 386
224 386
225 386
226 386
227 386
228 386
229 386
230 386
231 386
232 386
233 386
234 386
235 386
236 386
237 386
238 386
239 386
240 386
241 386
242 386
243 386
244 386
245 386
246 386
247 386
248 386
249 386
250 386
251 386
252 386
253 386
254 386
255 386
256 386
257 386
258 386
259 386
260 386
261 386
262 386
263 386
264 386
265 386
266 386
267 386
268 386
269 386
270 386
271 386
272 386
273 386
274 386
275 386
276 386
277 386
278 386
279 386
280 386
281 386
282 386
283 386
284 386
285 386
286 386
287 386
288 386
289 386
290 386
291 386
292 386
293 386
294 386
295 386
296 386
297 386
298 386
299 386
300 386
301 386
302 386
303 386
304 386
305 386
306 386
307 386
308 386
309 386
310 386
311 386
312 386
313 386
314 386
315 386
316 386
317 386
318 386
319 386
320 386
321 386
322 386
323 386
324 386
325 386
326 386
327 386
328 386
329 386
330 386
331 386
332 386
333 386
334 386
335 386
336 386
337 386
338 386
339 386
340 386
341 386
342 386
343 386
344 386
345 386
346 386
347 386
348 386
349 386
350 386
351 386
352 386
353 386
354 386
355 386
356 386
357 386
358 386
359 386
360 386
361 386
362 386
363 386
364 386
365 386
366 386
367 386
368 386
369 386
370 386
371 386
372 386
373 386
374 386
375 386
376 386
377 386
378 386
379 386
380 386
381 386
382 386
383 386
384 386
385 386
386 387
