518
517
1 517
2 517
3 517
4 517
5 517
6 517
7 517
8 517
9 517
10 517
11 517
12 517
13 517
14 517
15 517
16 517
17 517
18 517
19 517
20 517
21 517
22 517
23 517
24 517
25 517
26 517
27 517
28 517
29 517
30 517
31 517
32 517
33 517
34 517
35 517
36 517
37 517
38 517
39 517
40 517
41 517
42 517
43 517
44 517
45 517
46 517
47 517
48 517
49 517
50 517
51 517
52 517
53 517
54 517
55 517
56 517
57 517
58 517
59 517
60 517
61 517
62 517
63 517
64 517
65 517
66 517
67 517
68 517
69 517
70 517
71 517
72 517
73 517
74 517
75 517
76 517
77 517
78 517
79 517
80 517
81 517
82 517
83 517
84 517
85 517
86 517
87 517
88 517
89 517
90 517
91 517
92 517
93 517
94 517
95 517
96 517
97 517
98 517
99 517
100 517
101 517
102 517
103 517
104 517
105 517
106 517
107 517
108 517
109 517
110 517
111 517
112 517
113 517
114 517
115 517
116 517
117 517
118 517
119 517
120 517
121 517
122 517
123 517
124 517
125 517
126 517
127 517
128 517
129 517
130 517
131 517
132 517
133 517
134 517
135 517
136 517
137 517
138 517
139 517
140 517
141 517
142 517
143 517
144 517
145 517
146 517
147 517
148 517
149 517
150 517
151 517
152 517
153 517
154 517
155 517
156 517
157 517
158 517
159 517
160 517
161 517
162 517
163 517
164 517
165 517
166 517
167 517
168 517
169 517
170 517
171 517
172 517
173 517
174 517
175 517
176 517
177 517
178 517
179 517
180 517
181 517
182 517
183 517
184 517
185 517
186 517
187 517
188 517
189 517
190 517
191 517
192 517
193 517
194 517
195 517
196 517
197 517
198 517
199 517
200 517
201 517
202 517
203 517
204 517
205 517
206 517
207 517
208 517
209 517
210 517
211 517
212 517
213 517
214 517
215 517
216 517
217 517
218 517
219 517
220 517
221 517
222 517
223 517
224 517
225 517
226 517
227 517
228 517
229 517
230 517
231 517
232 517
233 517
234 517
235 517
236 517
237 517
238 517
239 517
240 517
241 517
242 517
243 517
244 517
245 517
246 517
247 517
248 517
249 517
250 517
251 517
252 517
253 517
254 517
255 517
256 517
257 517
258 517
259 517
260 517
261 517
262 517
263 517
264 517
265 517
266 517
267 517
268 517
269 517
270 517
271 517
272 517
273 517
274 517
275 517
276 517
277 517
278 517
279 517
280 517
281 517
282 517
283 517
284 517
285 517
286 517
287 517
288 517
289 517
290 517
291 517
292 517
293 517
294 517
295 517
296 517
297 517
298 517
299 517
300 517
301 517
302 517
303 517
304 517
305 517
306 517
307 517
308 517
309 517
310 517
311 517
312 517
313 517
314 517
315 517
316 517
317 517
318 517
319 517
320 517
321 517
322 517
323 517
324 517
325 517
326 517
327 517
328 517
329 517
330 517
331 517
332 517
333 517
334 517
335 517
336 517
337 517
338 517
339 517
340 517
341 517
342 517
343 517
344 517
345 517
346 517
347 517
348 517
349 517
350 517
351 517
352 517
353 517
354 517
355 517
356 517
357 517
358 517
359 517
360 517
361 517
362 517
363 517
364 517
365 517
366 517
367 517
368 517
369 517
370 517
371 517
372 517
373 517
374 517
375 517
376 517
377 517
378 517
379 517
380 517
381 517
382 517
383 517
384 517
385 517
386 517
387 517
388 517
389 517
390 517
391 517
392 517
393 517
394 517
395 517
396 517
397 517
398 517
399 517
400 517
401 517
402 517
403 517
404 517
405 517
406 517
407 517
408 517
409 517
410 517
411 517
412 517
413 517
414 517
415 517
416 517
417 517
418 517
419 517
420 517
421 517
422 517
423 517
424 517
425 517
426 517
427 517
428 517
429 517
430 517
431 517
432 517
433 517
434 517
435 517
436 517
437 517
438 517
439 517
440 517
441 517
442 517
443 517
444 517
445 517
446 517
447 517
448 517
449 517
450 517
451 517
452 517
453 517
454 517
455 517
456 517
457 517
458 517
459 517
460 517
461 517
462 517
463 517
464 517
465 517
466 517
467 517
468 517
469 517
470 517
471 517
472 517
473 517
474 517
475 517
476 517
477 517
478 517
479 517
480 517
481 517
482 517
483 517
484 517
485 517
486 517
487 517
488 517
489 517
490 517
491 517
492 517
493 517
494 517
495 517
496 517
497 517
498 517
499 517
500 517
501 517
502 517
503 517
504 517
505 517
506 517
507 517
508 517
509 517
510 517
511 517
512 517
513 517
514 517
515 517
516 517
517 518
