863
862
1 862
2 862
3 862
4 862
5 862
6 862
7 862
8 862
9 862
10 862
11 862
12 862
13 862
14 862
15 862
16 862
17 862
18 862
19 862
20 862
21 862
22 862
23 862
24 862
25 862
26 862
27 862
28 862
29 862
30 862
31 862
32 862
33 862
34 862
35 862
36 862
37 862
38 862
39 862
40 862
41 862
42 862
43 862
44 862
45 862
46 862
47 862
48 862
49 862
50 862
51 862
52 862
53 862
54 862
55 862
56 862
57 862
58 862
59 862
60 862
61 862
62 862
63 862
64 862
65 862
66 862
67 862
68 862
69 862
70 862
71 862
72 862
73 862
74 862
75 862
76 862
77 862
78 862
79 862
80 862
81 862
82 862
83 862
84 862
85 862
86 862
87 862
88 862
89 862
90 862
91 862
92 862
93 862
94 862
95 862
96 862
97 862
98 862
99 862
100 862
101 862
102 862
103 862
104 862
105 862
106 862
107 862
108 862
109 862
110 862
111 862
112 862
113 862
114 862
115 862
116 862
117 862
118 862
119 862
120 862
121 862
122 862
123 862
124 862
125 862
126 862
127 862
128 862
129 862
130 862
131 862
132 862
133 862
134 862
135 862
136 862
137 862
138 862
139 862
140 862
141 862
142 862
143 862
144 862
145 862
146 862
147 862
148 862
149 862
150 862
151 862
152 862
153 862
154 862
155 862
156 862
157 862
158 862
159 862
160 862
161 862
162 862
163 862
164 862
165 862
166 862
167 862
168 862
169 862
170 862
171 862
172 862
173 862
174 862
175 862
176 862
177 862
178 862
179 862
180 862
181 862
182 862
183 862
184 862
185 862
186 862
187 862
188 862
189 862
190 862
191 862
192 862
193 862
194 862
195 862
196 862
197 862
198 862
199 862
200 862
201 862
202 862
203 862
204 862
205 862
206 862
207 862
208 862
209 862
210 862
211 862
212 862
213 862
214 862
215 862
216 862
217 862
218 862
219 862
220 862
221 862
222 862
223 862
224 862
225 862
226 862
227 862
228 862
229 862
230 862
231 862
232 862
233 862
234 862
235 862
236 862
237 862
238 862
239 862
240 862
241 862
242 862
243 862
244 862
245 862
246 862
247 862
248 862
249 862
250 862
251 862
252 862
253 862
254 862
255 862
256 862
257 862
258 862
259 862
260 862
261 862
262 862
263 862
264 862
265 862
266 862
267 862
268 862
269 862
270 862
271 862
272 862
273 862
274 862
275 862
276 862
277 862
278 862
279 862
280 862
281 862
282 862
283 862
284 862
285 862
286 862
287 862
288 862
289 862
290 862
291 862
292 862
293 862
294 862
295 862
296 862
297 862
298 862
299 862
300 862
301 862
302 862
303 862
304 862
305 862
306 862
307 862
308 862
309 862
310 862
311 862
312 862
313 862
314 862
315 862
316 862
317 862
318 862
319 862
320 862
321 862
322 862
323 862
324 862
325 862
326 862
327 862
328 862
329 862
330 862
331 862
332 862
333 862
334 862
335 862
336 862
337 862
338 862
339 862
340 862
341 862
342 862
343 862
344 862
345 862
346 862
347 862
348 862
349 862
350 862
351 862
352 862
353 862
354 862
355 862
356 862
357 862
358 862
359 862
360 862
361 862
362 862
363 862
364 862
365 862
366 862
367 862
368 862
369 862
370 862
371 862
372 862
373 862
374 862
375 862
376 862
377 862
378 862
379 862
380 862
381 862
382 862
383 862
384 862
385 862
386 862
387 862
388 862
389 862
390 862
391 862
392 862
393 862
394 862
395 862
396 862
397 862
398 862
399 862
400 862
401 862
402 862
403 862
404 862
405 862
406 862
407 862
408 862
409 862
410 862
411 862
412 862
413 862
414 862
415 862
416 862
417 862
418 862
419 862
420 862
421 862
422 862
423 862
424 862
425 862
426 862
427 862
428 862
429 862
430 862
431 862
432 862
433 862
434 862
435 862
436 862
437 862
438 862
439 862
440 862
441 862
442 862
443 862
444 862
445 862
446 862
447 862
448 862
449 862
450 862
451 862
452 862
453 862
454 862
455 862
456 862
457 862
458 862
459 862
460 862
461 862
462 862
463 862
464 862
465 862
466 862
467 862
468 862
469 862
470 862
471 862
472 862
473 862
474 862
475 862
476 862
477 862
478 862
479 862
480 862
481 862
482 862
483 862
484 862
485 862
486 862
487 862
488 862
489 862
490 862
491 862
492 862
493 862
494 862
495 862
496 862
497 862
498 862
499 862
500 862
501 862
502 862
503 862
504 862
505 862
506 862
507 862
508 862
509 862
510 862
511 862
512 862
513 862
514 862
515 862
516 862
517 862
518 862
519 862
520 862
521 862
522 862
523 862
524 862
525 862
526 862
527 862
528 862
529 862
530 862
531 862
532 862
533 862
534 862
535 862
536 862
537 862
538 862
539 862
540 862
541 862
542 862
543 862
544 862
545 862
546 862
547 862
548 862
549 862
550 862
551 862
552 862
553 862
554 862
555 862
556 862
557 862
558 862
559 862
560 862
561 862
562 862
563 862
564 862
565 862
566 862
567 862
568 862
569 862
570 862
571 862
572 862
573 862
574 862
575 862
576 862
577 862
578 862
579 862
580 862
581 862
582 862
583 862
584 862
585 862
586 862
587 862
588 862
589 862
590 862
591 862
592 862
593 862
594 862
595 862
596 862
597 862
598 862
599 862
600 862
601 862
602 862
603 862
604 862
605 862
606 862
607 862
608 862
609 862
610 862
611 862
612 862
613 862
614 862
615 862
616 862
617 862
618 862
619 862
620 862
621 862
622 862
623 862
624 862
625 862
626 862
627 862
628 862
629 862
630 862
631 862
632 862
633 862
634 862
635 862
636 862
637 862
638 862
639 862
640 862
641 862
642 862
643 862
644 862
645 862
646 862
647 862
648 862
649 862
650 862
651 862
652 862
653 862
654 862
655 862
656 862
657 862
658 862
659 862
660 862
661 862
662 862
663 862
664 862
665 862
666 862
667 862
668 862
669 862
670 862
671 862
672 862
673 862
674 862
675 862
676 862
677 862
678 862
679 862
680 862
681 862
682 862
683 862
684 862
685 862
686 862
687 862
688 862
689 862
690 862
691 862
692 862
693 862
694 862
695 862
696 862
697 862
698 862
699 862
700 862
701 862
702 862
703 862
704 862
705 862
706 862
707 862
708 862
709 862
710 862
711 862
712 862
713 862
714 862
715 862
716 862
717 862
718 862
719 862
720 862
721 862
722 862
723 862
724 862
725 862
726 862
727 862
728 862
729 862
730 862
731 862
732 862
733 862
734 862
735 862
736 862
737 862
738 862
739 862
740 862
741 862
742 862
743 862
744 862
745 862
746 862
747 862
748 862
749 862
750 862
751 862
752 862
753 862
754 862
755 862
756 862
757 862
758 862
759 862
760 862
761 862
762 862
763 862
764 862
765 862
766 862
767 862
768 862
769 862
770 862
771 862
772 862
773 862
774 862
775 862
776 862
777 862
778 862
779 862
780 862
781 862
782 862
783 862
784 862
785 862
786 862
787 862
788 862
789 862
790 862
791 862
792 862
793 862
794 862
795 862
796 862
797 862
798 862
799 862
800 862
801 862
802 862
803 862
804 862
805 862
806 862
807 862
808 862
809 862
810 862
811 862
812 862
813 862
814 862
815 862
816 862
817 862
818 862
819 862
820 862
821 862
822 862
823 862
824 862
825 862
826 862
827 862
828 862
829 862
830 862
831 862
832 862
833 862
834 862
835 862
836 862
837 862
838 862
839 862
840 862
841 862
842 862
843 862
844 862
845 862
846 862
847 862
848 862
849 862
850 862
851 862
852 862
853 862
854 862
855 862
856 862
857 862
858 862
859 862
860 862
861 862
862 863
