823
822
1 822
2 822
3 822
4 822
5 822
6 822
7 822
8 822
9 822
10 822
11 822
12 822
13 822
14 822
15 822
16 822
17 822
18 822
19 822
20 822
21 822
22 822
23 822
24 822
25 822
26 822
27 822
28 822
29 822
30 822
31 822
32 822
33 822
34 822
35 822
36 822
37 822
38 822
39 822
40 822
41 822
42 822
43 822
44 822
45 822
46 822
47 822
48 822
49 822
50 822
51 822
52 822
53 822
54 822
55 822
56 822
57 822
58 822
59 822
60 822
61 822
62 822
63 822
64 822
65 822
66 822
67 822
68 822
69 822
70 822
71 822
72 822
73 822
74 822
75 822
76 822
77 822
78 822
79 822
80 822
81 822
82 822
83 822
84 822
85 822
86 822
87 822
88 822
89 822
90 822
91 822
92 822
93 822
94 822
95 822
96 822
97 822
98 822
99 822
100 822
101 822
102 822
103 822
104 822
105 822
106 822
107 822
108 822
109 822
110 822
111 822
112 822
113 822
114 822
115 822
116 822
117 822
118 822
119 822
120 822
121 822
122 822
123 822
124 822
125 822
126 822
127 822
128 822
129 822
130 822
131 822
132 822
133 822
134 822
135 822
136 822
137 822
138 822
139 822
140 822
141 822
142 822
143 822
144 822
145 822
146 822
147 822
148 822
149 822
150 822
151 822
152 822
153 822
154 822
155 822
156 822
157 822
158 822
159 822
160 822
161 822
162 822
163 822
164 822
165 822
166 822
167 822
168 822
169 822
170 822
171 822
172 822
173 822
174 822
175 822
176 822
177 822
178 822
179 822
180 822
181 822
182 822
183 822
184 822
185 822
186 822
187 822
188 822
189 822
190 822
191 822
192 822
193 822
194 822
195 822
196 822
197 822
198 822
199 822
200 822
201 822
202 822
203 822
204 822
205 822
206 822
207 822
208 822
209 822
210 822
211 822
212 822
213 822
214 822
215 822
216 822
217 822
218 822
219 822
220 822
221 822
222 822
223 822
224 822
225 822
226 822
227 822
228 822
229 822
230 822
231 822
232 822
233 822
234 822
235 822
236 822
237 822
238 822
239 822
240 822
241 822
242 822
243 822
244 822
245 822
246 822
247 822
248 822
249 822
250 822
251 822
252 822
253 822
254 822
255 822
256 822
257 822
258 822
259 822
260 822
261 822
262 822
263 822
264 822
265 822
266 822
267 822
268 822
269 822
270 822
271 822
272 822
273 822
274 822
275 822
276 822
277 822
278 822
279 822
280 822
281 822
282 822
283 822
284 822
285 822
286 822
287 822
288 822
289 822
290 822
291 822
292 822
293 822
294 822
295 822
296 822
297 822
298 822
299 822
300 822
301 822
302 822
303 822
304 822
305 822
306 822
307 822
308 822
309 822
310 822
311 822
312 822
313 822
314 822
315 822
316 822
317 822
318 822
319 822
320 822
321 822
322 822
323 822
324 822
325 822
326 822
327 822
328 822
329 822
330 822
331 822
332 822
333 822
334 822
335 822
336 822
337 822
338 822
339 822
340 822
341 822
342 822
343 822
344 822
345 822
346 822
347 822
348 822
349 822
350 822
351 822
352 822
353 822
354 822
355 822
356 822
357 822
358 822
359 822
360 822
361 822
362 822
363 822
364 822
365 822
366 822
367 822
368 822
369 822
370 822
371 822
372 822
373 822
374 822
375 822
376 822
377 822
378 822
379 822
380 822
381 822
382 822
383 822
384 822
385 822
386 822
387 822
388 822
389 822
390 822
391 822
392 822
393 822
394 822
395 822
396 822
397 822
398 822
399 822
400 822
401 822
402 822
403 822
404 822
405 822
406 822
407 822
408 822
409 822
410 822
411 822
412 822
413 822
414 822
415 822
416 822
417 822
418 822
419 822
420 822
421 822
422 822
423 822
424 822
425 822
426 822
427 822
428 822
429 822
430 822
431 822
432 822
433 822
434 822
435 822
436 822
437 822
438 822
439 822
440 822
441 822
442 822
443 822
444 822
445 822
446 822
447 822
448 822
449 822
450 822
451 822
452 822
453 822
454 822
455 822
456 822
457 822
458 822
459 822
460 822
461 822
462 822
463 822
464 822
465 822
466 822
467 822
468 822
469 822
470 822
471 822
472 822
473 822
474 822
475 822
476 822
477 822
478 822
479 822
480 822
481 822
482 822
483 822
484 822
485 822
486 822
487 822
488 822
489 822
490 822
491 822
492 822
493 822
494 822
495 822
496 822
497 822
498 822
499 822
500 822
501 822
502 822
503 822
504 822
505 822
506 822
507 822
508 822
509 822
510 822
511 822
512 822
513 822
514 822
515 822
516 822
517 822
518 822
519 822
520 822
521 822
522 822
523 822
524 822
525 822
526 822
527 822
528 822
529 822
530 822
531 822
532 822
533 822
534 822
535 822
536 822
537 822
538 822
539 822
540 822
541 822
542 822
543 822
544 822
545 822
546 822
547 822
548 822
549 822
550 822
551 822
552 822
553 822
554 822
555 822
556 822
557 822
558 822
559 822
560 822
561 822
562 822
563 822
564 822
565 822
566 822
567 822
568 822
569 822
570 822
571 822
572 822
573 822
574 822
575 822
576 822
577 822
578 822
579 822
580 822
581 822
582 822
583 822
584 822
585 822
586 822
587 822
588 822
589 822
590 822
591 822
592 822
593 822
594 822
595 822
596 822
597 822
598 822
599 822
600 822
601 822
602 822
603 822
604 822
605 822
606 822
607 822
608 822
609 822
610 822
611 822
612 822
613 822
614 822
615 822
616 822
617 822
618 822
619 822
620 822
621 822
622 822
623 822
624 822
625 822
626 822
627 822
628 822
629 822
630 822
631 822
632 822
633 822
634 822
635 822
636 822
637 822
638 822
639 822
640 822
641 822
642 822
643 822
644 822
645 822
646 822
647 822
648 822
649 822
650 822
651 822
652 822
653 822
654 822
655 822
656 822
657 822
658 822
659 822
660 822
661 822
662 822
663 822
664 822
665 822
666 822
667 822
668 822
669 822
670 822
671 822
672 822
673 822
674 822
675 822
676 822
677 822
678 822
679 822
680 822
681 822
682 822
683 822
684 822
685 822
686 822
687 822
688 822
689 822
690 822
691 822
692 822
693 822
694 822
695 822
696 822
697 822
698 822
699 822
700 822
701 822
702 822
703 822
704 822
705 822
706 822
707 822
708 822
709 822
710 822
711 822
712 822
713 822
714 822
715 822
716 822
717 822
718 822
719 822
720 822
721 822
722 822
723 822
724 822
725 822
726 822
727 822
728 822
729 822
730 822
731 822
732 822
733 822
734 822
735 822
736 822
737 822
738 822
739 822
740 822
741 822
742 822
743 822
744 822
745 822
746 822
747 822
748 822
749 822
750 822
751 822
752 822
753 822
754 822
755 822
756 822
757 822
758 822
759 822
760 822
761 822
762 822
763 822
764 822
765 822
766 822
767 822
768 822
769 822
770 822
771 822
772 822
773 822
774 822
775 822
776 822
777 822
778 822
779 822
780 822
781 822
782 822
783 822
784 822
785 822
786 822
787 822
788 822
789 822
790 822
791 822
792 822
793 822
794 822
795 822
796 822
797 822
798 822
799 822
800 822
801 822
802 822
803 822
804 822
805 822
806 822
807 822
808 822
809 822
810 822
811 822
812 822
813 822
814 822
815 822
816 822
817 822
818 822
819 822
820 822
821 822
822 823
