944
943
1 943
2 943
3 943
4 943
5 943
6 943
7 943
8 943
9 943
10 943
11 943
12 943
13 943
14 943
15 943
16 943
17 943
18 943
19 943
20 943
21 943
22 943
23 943
24 943
25 943
26 943
27 943
28 943
29 943
30 943
31 943
32 943
33 943
34 943
35 943
36 943
37 943
38 943
39 943
40 943
41 943
42 943
43 943
44 943
45 943
46 943
47 943
48 943
49 943
50 943
51 943
52 943
53 943
54 943
55 943
56 943
57 943
58 943
59 943
60 943
61 943
62 943
63 943
64 943
65 943
66 943
67 943
68 943
69 943
70 943
71 943
72 943
73 943
74 943
75 943
76 943
77 943
78 943
79 943
80 943
81 943
82 943
83 943
84 943
85 943
86 943
87 943
88 943
89 943
90 943
91 943
92 943
93 943
94 943
95 943
96 943
97 943
98 943
99 943
100 943
101 943
102 943
103 943
104 943
105 943
106 943
107 943
108 943
109 943
110 943
111 943
112 943
113 943
114 943
115 943
116 943
117 943
118 943
119 943
120 943
121 943
122 943
123 943
124 943
125 943
126 943
127 943
128 943
129 943
130 943
131 943
132 943
133 943
134 943
135 943
136 943
137 943
138 943
139 943
140 943
141 943
142 943
143 943
144 943
145 943
146 943
147 943
148 943
149 943
150 943
151 943
152 943
153 943
154 943
155 943
156 943
157 943
158 943
159 943
160 943
161 943
162 943
163 943
164 943
165 943
166 943
167 943
168 943
169 943
170 943
171 943
172 943
173 943
174 943
175 943
176 943
177 943
178 943
179 943
180 943
181 943
182 943
183 943
184 943
185 943
186 943
187 943
188 943
189 943
190 943
191 943
192 943
193 943
194 943
195 943
196 943
197 943
198 943
199 943
200 943
201 943
202 943
203 943
204 943
205 943
206 943
207 943
208 943
209 943
210 943
211 943
212 943
213 943
214 943
215 943
216 943
217 943
218 943
219 943
220 943
221 943
222 943
223 943
224 943
225 943
226 943
227 943
228 943
229 943
230 943
231 943
232 943
233 943
234 943
235 943
236 943
237 943
238 943
239 943
240 943
241 943
242 943
243 943
244 943
245 943
246 943
247 943
248 943
249 943
250 943
251 943
252 943
253 943
254 943
255 943
256 943
257 943
258 943
259 943
260 943
261 943
262 943
263 943
264 943
265 943
266 943
267 943
268 943
269 943
270 943
271 943
272 943
273 943
274 943
275 943
276 943
277 943
278 943
279 943
280 943
281 943
282 943
283 943
284 943
285 943
286 943
287 943
288 943
289 943
290 943
291 943
292 943
293 943
294 943
295 943
296 943
297 943
298 943
299 943
300 943
301 943
302 943
303 943
304 943
305 943
306 943
307 943
308 943
309 943
310 943
311 943
312 943
313 943
314 943
315 943
316 943
317 943
318 943
319 943
320 943
321 943
322 943
323 943
324 943
325 943
326 943
327 943
328 943
329 943
330 943
331 943
332 943
333 943
334 943
335 943
336 943
337 943
338 943
339 943
340 943
341 943
342 943
343 943
344 943
345 943
346 943
347 943
348 943
349 943
350 943
351 943
352 943
353 943
354 943
355 943
356 943
357 943
358 943
359 943
360 943
361 943
362 943
363 943
364 943
365 943
366 943
367 943
368 943
369 943
370 943
371 943
372 943
373 943
374 943
375 943
376 943
377 943
378 943
379 943
380 943
381 943
382 943
383 943
384 943
385 943
386 943
387 943
388 943
389 943
390 943
391 943
392 943
393 943
394 943
395 943
396 943
397 943
398 943
399 943
400 943
401 943
402 943
403 943
404 943
405 943
406 943
407 943
408 943
409 943
410 943
411 943
412 943
413 943
414 943
415 943
416 943
417 943
418 943
419 943
420 943
421 943
422 943
423 943
424 943
425 943
426 943
427 943
428 943
429 943
430 943
431 943
432 943
433 943
434 943
435 943
436 943
437 943
438 943
439 943
440 943
441 943
442 943
443 943
444 943
445 943
446 943
447 943
448 943
449 943
450 943
451 943
452 943
453 943
454 943
455 943
456 943
457 943
458 943
459 943
460 943
461 943
462 943
463 943
464 943
465 943
466 943
467 943
468 943
469 943
470 943
471 943
472 943
473 943
474 943
475 943
476 943
477 943
478 943
479 943
480 943
481 943
482 943
483 943
484 943
485 943
486 943
487 943
488 943
489 943
490 943
491 943
492 943
493 943
494 943
495 943
496 943
497 943
498 943
499 943
500 943
501 943
502 943
503 943
504 943
505 943
506 943
507 943
508 943
509 943
510 943
511 943
512 943
513 943
514 943
515 943
516 943
517 943
518 943
519 943
520 943
521 943
522 943
523 943
524 943
525 943
526 943
527 943
528 943
529 943
530 943
531 943
532 943
533 943
534 943
535 943
536 943
537 943
538 943
539 943
540 943
541 943
542 943
543 943
544 943
545 943
546 943
547 943
548 943
549 943
550 943
551 943
552 943
553 943
554 943
555 943
556 943
557 943
558 943
559 943
560 943
561 943
562 943
563 943
564 943
565 943
566 943
567 943
568 943
569 943
570 943
571 943
572 943
573 943
574 943
575 943
576 943
577 943
578 943
579 943
580 943
581 943
582 943
583 943
584 943
585 943
586 943
587 943
588 943
589 943
590 943
591 943
592 943
593 943
594 943
595 943
596 943
597 943
598 943
599 943
600 943
601 943
602 943
603 943
604 943
605 943
606 943
607 943
608 943
609 943
610 943
611 943
612 943
613 943
614 943
615 943
616 943
617 943
618 943
619 943
620 943
621 943
622 943
623 943
624 943
625 943
626 943
627 943
628 943
629 943
630 943
631 943
632 943
633 943
634 943
635 943
636 943
637 943
638 943
639 943
640 943
641 943
642 943
643 943
644 943
645 943
646 943
647 943
648 943
649 943
650 943
651 943
652 943
653 943
654 943
655 943
656 943
657 943
658 943
659 943
660 943
661 943
662 943
663 943
664 943
665 943
666 943
667 943
668 943
669 943
670 943
671 943
672 943
673 943
674 943
675 943
676 943
677 943
678 943
679 943
680 943
681 943
682 943
683 943
684 943
685 943
686 943
687 943
688 943
689 943
690 943
691 943
692 943
693 943
694 943
695 943
696 943
697 943
698 943
699 943
700 943
701 943
702 943
703 943
704 943
705 943
706 943
707 943
708 943
709 943
710 943
711 943
712 943
713 943
714 943
715 943
716 943
717 943
718 943
719 943
720 943
721 943
722 943
723 943
724 943
725 943
726 943
727 943
728 943
729 943
730 943
731 943
732 943
733 943
734 943
735 943
736 943
737 943
738 943
739 943
740 943
741 943
742 943
743 943
744 943
745 943
746 943
747 943
748 943
749 943
750 943
751 943
752 943
753 943
754 943
755 943
756 943
757 943
758 943
759 943
760 943
761 943
762 943
763 943
764 943
765 943
766 943
767 943
768 943
769 943
770 943
771 943
772 943
773 943
774 943
775 943
776 943
777 943
778 943
779 943
780 943
781 943
782 943
783 943
784 943
785 943
786 943
787 943
788 943
789 943
790 943
791 943
792 943
793 943
794 943
795 943
796 943
797 943
798 943
799 943
800 943
801 943
802 943
803 943
804 943
805 943
806 943
807 943
808 943
809 943
810 943
811 943
812 943
813 943
814 943
815 943
816 943
817 943
818 943
819 943
820 943
821 943
822 943
823 943
824 943
825 943
826 943
827 943
828 943
829 943
830 943
831 943
832 943
833 943
834 943
835 943
836 943
837 943
838 943
839 943
840 943
841 943
842 943
843 943
844 943
845 943
846 943
847 943
848 943
849 943
850 943
851 943
852 943
853 943
854 943
855 943
856 943
857 943
858 943
859 943
860 943
861 943
862 943
863 943
864 943
865 943
866 943
867 943
868 943
869 943
870 943
871 943
872 943
873 943
874 943
875 943
876 943
877 943
878 943
879 943
880 943
881 943
882 943
883 943
884 943
885 943
886 943
887 943
888 943
889 943
890 943
891 943
892 943
893 943
894 943
895 943
896 943
897 943
898 943
899 943
900 943
901 943
902 943
903 943
904 943
905 943
906 943
907 943
908 943
909 943
910 943
911 943
912 943
913 943
914 943
915 943
916 943
917 943
918 943
919 943
920 943
921 943
922 943
923 943
924 943
925 943
926 943
927 943
928 943
929 943
930 943
931 943
932 943
933 943
934 943
935 943
936 943
937 943
938 943
939 943
940 943
941 943
942 943
943 944
