619
618
1 618
2 618
3 618
4 618
5 618
6 618
7 618
8 618
9 618
10 618
11 618
12 618
13 618
14 618
15 618
16 618
17 618
18 618
19 618
20 618
21 618
22 618
23 618
24 618
25 618
26 618
27 618
28 618
29 618
30 618
31 618
32 618
33 618
34 618
35 618
36 618
37 618
38 618
39 618
40 618
41 618
42 618
43 618
44 618
45 618
46 618
47 618
48 618
49 618
50 618
51 618
52 618
53 618
54 618
55 618
56 618
57 618
58 618
59 618
60 618
61 618
62 618
63 618
64 618
65 618
66 618
67 618
68 618
69 618
70 618
71 618
72 618
73 618
74 618
75 618
76 618
77 618
78 618
79 618
80 618
81 618
82 618
83 618
84 618
85 618
86 618
87 618
88 618
89 618
90 618
91 618
92 618
93 618
94 618
95 618
96 618
97 618
98 618
99 618
100 618
101 618
102 618
103 618
104 618
105 618
106 618
107 618
108 618
109 618
110 618
111 618
112 618
113 618
114 618
115 618
116 618
117 618
118 618
119 618
120 618
121 618
122 618
123 618
124 618
125 618
126 618
127 618
128 618
129 618
130 618
131 618
132 618
133 618
134 618
135 618
136 618
137 618
138 618
139 618
140 618
141 618
142 618
143 618
144 618
145 618
146 618
147 618
148 618
149 618
150 618
151 618
152 618
153 618
154 618
155 618
156 618
157 618
158 618
159 618
160 618
161 618
162 618
163 618
164 618
165 618
166 618
167 618
168 618
169 618
170 618
171 618
172 618
173 618
174 618
175 618
176 618
177 618
178 618
179 618
180 618
181 618
182 618
183 618
184 618
185 618
186 618
187 618
188 618
189 618
190 618
191 618
192 618
193 618
194 618
195 618
196 618
197 618
198 618
199 618
200 618
201 618
202 618
203 618
204 618
205 618
206 618
207 618
208 618
209 618
210 618
211 618
212 618
213 618
214 618
215 618
216 618
217 618
218 618
219 618
220 618
221 618
222 618
223 618
224 618
225 618
226 618
227 618
228 618
229 618
230 618
231 618
232 618
233 618
234 618
235 618
236 618
237 618
238 618
239 618
240 618
241 618
242 618
243 618
244 618
245 618
246 618
247 618
248 618
249 618
250 618
251 618
252 618
253 618
254 618
255 618
256 618
257 618
258 618
259 618
260 618
261 618
262 618
263 618
264 618
265 618
266 618
267 618
268 618
269 618
270 618
271 618
272 618
273 618
274 618
275 618
276 618
277 618
278 618
279 618
280 618
281 618
282 618
283 618
284 618
285 618
286 618
287 618
288 618
289 618
290 618
291 618
292 618
293 618
294 618
295 618
296 618
297 618
298 618
299 618
300 618
301 618
302 618
303 618
304 618
305 618
306 618
307 618
308 618
309 618
310 618
311 618
312 618
313 618
314 618
315 618
316 618
317 618
318 618
319 618
320 618
321 618
322 618
323 618
324 618
325 618
326 618
327 618
328 618
329 618
330 618
331 618
332 618
333 618
334 618
335 618
336 618
337 618
338 618
339 618
340 618
341 618
342 618
343 618
344 618
345 618
346 618
347 618
348 618
349 618
350 618
351 618
352 618
353 618
354 618
355 618
356 618
357 618
358 618
359 618
360 618
361 618
362 618
363 618
364 618
365 618
366 618
367 618
368 618
369 618
370 618
371 618
372 618
373 618
374 618
375 618
376 618
377 618
378 618
379 618
380 618
381 618
382 618
383 618
384 618
385 618
386 618
387 618
388 618
389 618
390 618
391 618
392 618
393 618
394 618
395 618
396 618
397 618
398 618
399 618
400 618
401 618
402 618
403 618
404 618
405 618
406 618
407 618
408 618
409 618
410 618
411 618
412 618
413 618
414 618
415 618
416 618
417 618
418 618
419 618
420 618
421 618
422 618
423 618
424 618
425 618
426 618
427 618
428 618
429 618
430 618
431 618
432 618
433 618
434 618
435 618
436 618
437 618
438 618
439 618
440 618
441 618
442 618
443 618
444 618
445 618
446 618
447 618
448 618
449 618
450 618
451 618
452 618
453 618
454 618
455 618
456 618
457 618
458 618
459 618
460 618
461 618
462 618
463 618
464 618
465 618
466 618
467 618
468 618
469 618
470 618
471 618
472 618
473 618
474 618
475 618
476 618
477 618
478 618
479 618
480 618
481 618
482 618
483 618
484 618
485 618
486 618
487 618
488 618
489 618
490 618
491 618
492 618
493 618
494 618
495 618
496 618
497 618
498 618
499 618
500 618
501 618
502 618
503 618
504 618
505 618
506 618
507 618
508 618
509 618
510 618
511 618
512 618
513 618
514 618
515 618
516 618
517 618
518 618
519 618
520 618
521 618
522 618
523 618
524 618
525 618
526 618
527 618
528 618
529 618
530 618
531 618
532 618
533 618
534 618
535 618
536 618
537 618
538 618
539 618
540 618
541 618
542 618
543 618
544 618
545 618
546 618
547 618
548 618
549 618
550 618
551 618
552 618
553 618
554 618
555 618
556 618
557 618
558 618
559 618
560 618
561 618
562 618
563 618
564 618
565 618
566 618
567 618
568 618
569 618
570 618
571 618
572 618
573 618
574 618
575 618
576 618
577 618
578 618
579 618
580 618
581 618
582 618
583 618
584 618
585 618
586 618
587 618
588 618
589 618
590 618
591 618
592 618
593 618
594 618
595 618
596 618
597 618
598 618
599 618
600 618
601 618
602 618
603 618
604 618
605 618
606 618
607 618
608 618
609 618
610 618
611 618
612 618
613 618
614 618
615 618
616 618
617 618
618 619
