276
275
1 275
2 275
3 275
4 275
5 275
6 275
7 275
8 275
9 275
10 275
11 275
12 275
13 275
14 275
15 275
16 275
17 275
18 275
19 275
20 275
21 275
22 275
23 275
24 275
25 275
26 275
27 275
28 275
29 275
30 275
31 275
32 275
33 275
34 275
35 275
36 275
37 275
38 275
39 275
40 275
41 275
42 275
43 275
44 275
45 275
46 275
47 275
48 275
49 275
50 275
51 275
52 275
53 275
54 275
55 275
56 275
57 275
58 275
59 275
60 275
61 275
62 275
63 275
64 275
65 275
66 275
67 275
68 275
69 275
70 275
71 275
72 275
73 275
74 275
75 275
76 275
77 275
78 275
79 275
80 275
81 275
82 275
83 275
84 275
85 275
86 275
87 275
88 275
89 275
90 275
91 275
92 275
93 275
94 275
95 275
96 275
97 275
98 275
99 275
100 275
101 275
102 275
103 275
104 275
105 275
106 275
107 275
108 275
109 275
110 275
111 275
112 275
113 275
114 275
115 275
116 275
117 275
118 275
119 275
120 275
121 275
122 275
123 275
124 275
125 275
126 275
127 275
128 275
129 275
130 275
131 275
132 275
133 275
134 275
135 275
136 275
137 275
138 275
139 275
140 275
141 275
142 275
143 275
144 275
145 275
146 275
147 275
148 275
149 275
150 275
151 275
152 275
153 275
154 275
155 275
156 275
157 275
158 275
159 275
160 275
161 275
162 275
163 275
164 275
165 275
166 275
167 275
168 275
169 275
170 275
171 275
172 275
173 275
174 275
175 275
176 275
177 275
178 275
179 275
180 275
181 275
182 275
183 275
184 275
185 275
186 275
187 275
188 275
189 275
190 275
191 275
192 275
193 275
194 275
195 275
196 275
197 275
198 275
199 275
200 275
201 275
202 275
203 275
204 275
205 275
206 275
207 275
208 275
209 275
210 275
211 275
212 275
213 275
214 275
215 275
216 275
217 275
218 275
219 275
220 275
221 275
222 275
223 275
224 275
225 275
226 275
227 275
228 275
229 275
230 275
231 275
232 275
233 275
234 275
235 275
236 275
237 275
238 275
239 275
240 275
241 275
242 275
243 275
244 275
245 275
246 275
247 275
248 275
249 275
250 275
251 275
252 275
253 275
254 275
255 275
256 275
257 275
258 275
259 275
260 275
261 275
262 275
263 275
264 275
265 275
266 275
267 275
268 275
269 275
270 275
271 275
272 275
273 275
274 275
275 276
