965
964
1 964
2 964
3 964
4 964
5 964
6 964
7 964
8 964
9 964
10 964
11 964
12 964
13 964
14 964
15 964
16 964
17 964
18 964
19 964
20 964
21 964
22 964
23 964
24 964
25 964
26 964
27 964
28 964
29 964
30 964
31 964
32 964
33 964
34 964
35 964
36 964
37 964
38 964
39 964
40 964
41 964
42 964
43 964
44 964
45 964
46 964
47 964
48 964
49 964
50 964
51 964
52 964
53 964
54 964
55 964
56 964
57 964
58 964
59 964
60 964
61 964
62 964
63 964
64 964
65 964
66 964
67 964
68 964
69 964
70 964
71 964
72 964
73 964
74 964
75 964
76 964
77 964
78 964
79 964
80 964
81 964
82 964
83 964
84 964
85 964
86 964
87 964
88 964
89 964
90 964
91 964
92 964
93 964
94 964
95 964
96 964
97 964
98 964
99 964
100 964
101 964
102 964
103 964
104 964
105 964
106 964
107 964
108 964
109 964
110 964
111 964
112 964
113 964
114 964
115 964
116 964
117 964
118 964
119 964
120 964
121 964
122 964
123 964
124 964
125 964
126 964
127 964
128 964
129 964
130 964
131 964
132 964
133 964
134 964
135 964
136 964
137 964
138 964
139 964
140 964
141 964
142 964
143 964
144 964
145 964
146 964
147 964
148 964
149 964
150 964
151 964
152 964
153 964
154 964
155 964
156 964
157 964
158 964
159 964
160 964
161 964
162 964
163 964
164 964
165 964
166 964
167 964
168 964
169 964
170 964
171 964
172 964
173 964
174 964
175 964
176 964
177 964
178 964
179 964
180 964
181 964
182 964
183 964
184 964
185 964
186 964
187 964
188 964
189 964
190 964
191 964
192 964
193 964
194 964
195 964
196 964
197 964
198 964
199 964
200 964
201 964
202 964
203 964
204 964
205 964
206 964
207 964
208 964
209 964
210 964
211 964
212 964
213 964
214 964
215 964
216 964
217 964
218 964
219 964
220 964
221 964
222 964
223 964
224 964
225 964
226 964
227 964
228 964
229 964
230 964
231 964
232 964
233 964
234 964
235 964
236 964
237 964
238 964
239 964
240 964
241 964
242 964
243 964
244 964
245 964
246 964
247 964
248 964
249 964
250 964
251 964
252 964
253 964
254 964
255 964
256 964
257 964
258 964
259 964
260 964
261 964
262 964
263 964
264 964
265 964
266 964
267 964
268 964
269 964
270 964
271 964
272 964
273 964
274 964
275 964
276 964
277 964
278 964
279 964
280 964
281 964
282 964
283 964
284 964
285 964
286 964
287 964
288 964
289 964
290 964
291 964
292 964
293 964
294 964
295 964
296 964
297 964
298 964
299 964
300 964
301 964
302 964
303 964
304 964
305 964
306 964
307 964
308 964
309 964
310 964
311 964
312 964
313 964
314 964
315 964
316 964
317 964
318 964
319 964
320 964
321 964
322 964
323 964
324 964
325 964
326 964
327 964
328 964
329 964
330 964
331 964
332 964
333 964
334 964
335 964
336 964
337 964
338 964
339 964
340 964
341 964
342 964
343 964
344 964
345 964
346 964
347 964
348 964
349 964
350 964
351 964
352 964
353 964
354 964
355 964
356 964
357 964
358 964
359 964
360 964
361 964
362 964
363 964
364 964
365 964
366 964
367 964
368 964
369 964
370 964
371 964
372 964
373 964
374 964
375 964
376 964
377 964
378 964
379 964
380 964
381 964
382 964
383 964
384 964
385 964
386 964
387 964
388 964
389 964
390 964
391 964
392 964
393 964
394 964
395 964
396 964
397 964
398 964
399 964
400 964
401 964
402 964
403 964
404 964
405 964
406 964
407 964
408 964
409 964
410 964
411 964
412 964
413 964
414 964
415 964
416 964
417 964
418 964
419 964
420 964
421 964
422 964
423 964
424 964
425 964
426 964
427 964
428 964
429 964
430 964
431 964
432 964
433 964
434 964
435 964
436 964
437 964
438 964
439 964
440 964
441 964
442 964
443 964
444 964
445 964
446 964
447 964
448 964
449 964
450 964
451 964
452 964
453 964
454 964
455 964
456 964
457 964
458 964
459 964
460 964
461 964
462 964
463 964
464 964
465 964
466 964
467 964
468 964
469 964
470 964
471 964
472 964
473 964
474 964
475 964
476 964
477 964
478 964
479 964
480 964
481 964
482 964
483 964
484 964
485 964
486 964
487 964
488 964
489 964
490 964
491 964
492 964
493 964
494 964
495 964
496 964
497 964
498 964
499 964
500 964
501 964
502 964
503 964
504 964
505 964
506 964
507 964
508 964
509 964
510 964
511 964
512 964
513 964
514 964
515 964
516 964
517 964
518 964
519 964
520 964
521 964
522 964
523 964
524 964
525 964
526 964
527 964
528 964
529 964
530 964
531 964
532 964
533 964
534 964
535 964
536 964
537 964
538 964
539 964
540 964
541 964
542 964
543 964
544 964
545 964
546 964
547 964
548 964
549 964
550 964
551 964
552 964
553 964
554 964
555 964
556 964
557 964
558 964
559 964
560 964
561 964
562 964
563 964
564 964
565 964
566 964
567 964
568 964
569 964
570 964
571 964
572 964
573 964
574 964
575 964
576 964
577 964
578 964
579 964
580 964
581 964
582 964
583 964
584 964
585 964
586 964
587 964
588 964
589 964
590 964
591 964
592 964
593 964
594 964
595 964
596 964
597 964
598 964
599 964
600 964
601 964
602 964
603 964
604 964
605 964
606 964
607 964
608 964
609 964
610 964
611 964
612 964
613 964
614 964
615 964
616 964
617 964
618 964
619 964
620 964
621 964
622 964
623 964
624 964
625 964
626 964
627 964
628 964
629 964
630 964
631 964
632 964
633 964
634 964
635 964
636 964
637 964
638 964
639 964
640 964
641 964
642 964
643 964
644 964
645 964
646 964
647 964
648 964
649 964
650 964
651 964
652 964
653 964
654 964
655 964
656 964
657 964
658 964
659 964
660 964
661 964
662 964
663 964
664 964
665 964
666 964
667 964
668 964
669 964
670 964
671 964
672 964
673 964
674 964
675 964
676 964
677 964
678 964
679 964
680 964
681 964
682 964
683 964
684 964
685 964
686 964
687 964
688 964
689 964
690 964
691 964
692 964
693 964
694 964
695 964
696 964
697 964
698 964
699 964
700 964
701 964
702 964
703 964
704 964
705 964
706 964
707 964
708 964
709 964
710 964
711 964
712 964
713 964
714 964
715 964
716 964
717 964
718 964
719 964
720 964
721 964
722 964
723 964
724 964
725 964
726 964
727 964
728 964
729 964
730 964
731 964
732 964
733 964
734 964
735 964
736 964
737 964
738 964
739 964
740 964
741 964
742 964
743 964
744 964
745 964
746 964
747 964
748 964
749 964
750 964
751 964
752 964
753 964
754 964
755 964
756 964
757 964
758 964
759 964
760 964
761 964
762 964
763 964
764 964
765 964
766 964
767 964
768 964
769 964
770 964
771 964
772 964
773 964
774 964
775 964
776 964
777 964
778 964
779 964
780 964
781 964
782 964
783 964
784 964
785 964
786 964
787 964
788 964
789 964
790 964
791 964
792 964
793 964
794 964
795 964
796 964
797 964
798 964
799 964
800 964
801 964
802 964
803 964
804 964
805 964
806 964
807 964
808 964
809 964
810 964
811 964
812 964
813 964
814 964
815 964
816 964
817 964
818 964
819 964
820 964
821 964
822 964
823 964
824 964
825 964
826 964
827 964
828 964
829 964
830 964
831 964
832 964
833 964
834 964
835 964
836 964
837 964
838 964
839 964
840 964
841 964
842 964
843 964
844 964
845 964
846 964
847 964
848 964
849 964
850 964
851 964
852 964
853 964
854 964
855 964
856 964
857 964
858 964
859 964
860 964
861 964
862 964
863 964
864 964
865 964
866 964
867 964
868 964
869 964
870 964
871 964
872 964
873 964
874 964
875 964
876 964
877 964
878 964
879 964
880 964
881 964
882 964
883 964
884 964
885 964
886 964
887 964
888 964
889 964
890 964
891 964
892 964
893 964
894 964
895 964
896 964
897 964
898 964
899 964
900 964
901 964
902 964
903 964
904 964
905 964
906 964
907 964
908 964
909 964
910 964
911 964
912 964
913 964
914 964
915 964
916 964
917 964
918 964
919 964
920 964
921 964
922 964
923 964
924 964
925 964
926 964
927 964
928 964
929 964
930 964
931 964
932 964
933 964
934 964
935 964
936 964
937 964
938 964
939 964
940 964
941 964
942 964
943 964
944 964
945 964
946 964
947 964
948 964
949 964
950 964
951 964
952 964
953 964
954 964
955 964
956 964
957 964
958 964
959 964
960 964
961 964
962 964
963 964
964 965
