727
726
1 726
2 726
3 726
4 726
5 726
6 726
7 726
8 726
9 726
10 726
11 726
12 726
13 726
14 726
15 726
16 726
17 726
18 726
19 726
20 726
21 726
22 726
23 726
24 726
25 726
26 726
27 726
28 726
29 726
30 726
31 726
32 726
33 726
34 726
35 726
36 726
37 726
38 726
39 726
40 726
41 726
42 726
43 726
44 726
45 726
46 726
47 726
48 726
49 726
50 726
51 726
52 726
53 726
54 726
55 726
56 726
57 726
58 726
59 726
60 726
61 726
62 726
63 726
64 726
65 726
66 726
67 726
68 726
69 726
70 726
71 726
72 726
73 726
74 726
75 726
76 726
77 726
78 726
79 726
80 726
81 726
82 726
83 726
84 726
85 726
86 726
87 726
88 726
89 726
90 726
91 726
92 726
93 726
94 726
95 726
96 726
97 726
98 726
99 726
100 726
101 726
102 726
103 726
104 726
105 726
106 726
107 726
108 726
109 726
110 726
111 726
112 726
113 726
114 726
115 726
116 726
117 726
118 726
119 726
120 726
121 726
122 726
123 726
124 726
125 726
126 726
127 726
128 726
129 726
130 726
131 726
132 726
133 726
134 726
135 726
136 726
137 726
138 726
139 726
140 726
141 726
142 726
143 726
144 726
145 726
146 726
147 726
148 726
149 726
150 726
151 726
152 726
153 726
154 726
155 726
156 726
157 726
158 726
159 726
160 726
161 726
162 726
163 726
164 726
165 726
166 726
167 726
168 726
169 726
170 726
171 726
172 726
173 726
174 726
175 726
176 726
177 726
178 726
179 726
180 726
181 726
182 726
183 726
184 726
185 726
186 726
187 726
188 726
189 726
190 726
191 726
192 726
193 726
194 726
195 726
196 726
197 726
198 726
199 726
200 726
201 726
202 726
203 726
204 726
205 726
206 726
207 726
208 726
209 726
210 726
211 726
212 726
213 726
214 726
215 726
216 726
217 726
218 726
219 726
220 726
221 726
222 726
223 726
224 726
225 726
226 726
227 726
228 726
229 726
230 726
231 726
232 726
233 726
234 726
235 726
236 726
237 726
238 726
239 726
240 726
241 726
242 726
243 726
244 726
245 726
246 726
247 726
248 726
249 726
250 726
251 726
252 726
253 726
254 726
255 726
256 726
257 726
258 726
259 726
260 726
261 726
262 726
263 726
264 726
265 726
266 726
267 726
268 726
269 726
270 726
271 726
272 726
273 726
274 726
275 726
276 726
277 726
278 726
279 726
280 726
281 726
282 726
283 726
284 726
285 726
286 726
287 726
288 726
289 726
290 726
291 726
292 726
293 726
294 726
295 726
296 726
297 726
298 726
299 726
300 726
301 726
302 726
303 726
304 726
305 726
306 726
307 726
308 726
309 726
310 726
311 726
312 726
313 726
314 726
315 726
316 726
317 726
318 726
319 726
320 726
321 726
322 726
323 726
324 726
325 726
326 726
327 726
328 726
329 726
330 726
331 726
332 726
333 726
334 726
335 726
336 726
337 726
338 726
339 726
340 726
341 726
342 726
343 726
344 726
345 726
346 726
347 726
348 726
349 726
350 726
351 726
352 726
353 726
354 726
355 726
356 726
357 726
358 726
359 726
360 726
361 726
362 726
363 726
364 726
365 726
366 726
367 726
368 726
369 726
370 726
371 726
372 726
373 726
374 726
375 726
376 726
377 726
378 726
379 726
380 726
381 726
382 726
383 726
384 726
385 726
386 726
387 726
388 726
389 726
390 726
391 726
392 726
393 726
394 726
395 726
396 726
397 726
398 726
399 726
400 726
401 726
402 726
403 726
404 726
405 726
406 726
407 726
408 726
409 726
410 726
411 726
412 726
413 726
414 726
415 726
416 726
417 726
418 726
419 726
420 726
421 726
422 726
423 726
424 726
425 726
426 726
427 726
428 726
429 726
430 726
431 726
432 726
433 726
434 726
435 726
436 726
437 726
438 726
439 726
440 726
441 726
442 726
443 726
444 726
445 726
446 726
447 726
448 726
449 726
450 726
451 726
452 726
453 726
454 726
455 726
456 726
457 726
458 726
459 726
460 726
461 726
462 726
463 726
464 726
465 726
466 726
467 726
468 726
469 726
470 726
471 726
472 726
473 726
474 726
475 726
476 726
477 726
478 726
479 726
480 726
481 726
482 726
483 726
484 726
485 726
486 726
487 726
488 726
489 726
490 726
491 726
492 726
493 726
494 726
495 726
496 726
497 726
498 726
499 726
500 726
501 726
502 726
503 726
504 726
505 726
506 726
507 726
508 726
509 726
510 726
511 726
512 726
513 726
514 726
515 726
516 726
517 726
518 726
519 726
520 726
521 726
522 726
523 726
524 726
525 726
526 726
527 726
528 726
529 726
530 726
531 726
532 726
533 726
534 726
535 726
536 726
537 726
538 726
539 726
540 726
541 726
542 726
543 726
544 726
545 726
546 726
547 726
548 726
549 726
550 726
551 726
552 726
553 726
554 726
555 726
556 726
557 726
558 726
559 726
560 726
561 726
562 726
563 726
564 726
565 726
566 726
567 726
568 726
569 726
570 726
571 726
572 726
573 726
574 726
575 726
576 726
577 726
578 726
579 726
580 726
581 726
582 726
583 726
584 726
585 726
586 726
587 726
588 726
589 726
590 726
591 726
592 726
593 726
594 726
595 726
596 726
597 726
598 726
599 726
600 726
601 726
602 726
603 726
604 726
605 726
606 726
607 726
608 726
609 726
610 726
611 726
612 726
613 726
614 726
615 726
616 726
617 726
618 726
619 726
620 726
621 726
622 726
623 726
624 726
625 726
626 726
627 726
628 726
629 726
630 726
631 726
632 726
633 726
634 726
635 726
636 726
637 726
638 726
639 726
640 726
641 726
642 726
643 726
644 726
645 726
646 726
647 726
648 726
649 726
650 726
651 726
652 726
653 726
654 726
655 726
656 726
657 726
658 726
659 726
660 726
661 726
662 726
663 726
664 726
665 726
666 726
667 726
668 726
669 726
670 726
671 726
672 726
673 726
674 726
675 726
676 726
677 726
678 726
679 726
680 726
681 726
682 726
683 726
684 726
685 726
686 726
687 726
688 726
689 726
690 726
691 726
692 726
693 726
694 726
695 726
696 726
697 726
698 726
699 726
700 726
701 726
702 726
703 726
704 726
705 726
706 726
707 726
708 726
709 726
710 726
711 726
712 726
713 726
714 726
715 726
716 726
717 726
718 726
719 726
720 726
721 726
722 726
723 726
724 726
725 726
726 727
