769
768
1 768
2 768
3 768
4 768
5 768
6 768
7 768
8 768
9 768
10 768
11 768
12 768
13 768
14 768
15 768
16 768
17 768
18 768
19 768
20 768
21 768
22 768
23 768
24 768
25 768
26 768
27 768
28 768
29 768
30 768
31 768
32 768
33 768
34 768
35 768
36 768
37 768
38 768
39 768
40 768
41 768
42 768
43 768
44 768
45 768
46 768
47 768
48 768
49 768
50 768
51 768
52 768
53 768
54 768
55 768
56 768
57 768
58 768
59 768
60 768
61 768
62 768
63 768
64 768
65 768
66 768
67 768
68 768
69 768
70 768
71 768
72 768
73 768
74 768
75 768
76 768
77 768
78 768
79 768
80 768
81 768
82 768
83 768
84 768
85 768
86 768
87 768
88 768
89 768
90 768
91 768
92 768
93 768
94 768
95 768
96 768
97 768
98 768
99 768
100 768
101 768
102 768
103 768
104 768
105 768
106 768
107 768
108 768
109 768
110 768
111 768
112 768
113 768
114 768
115 768
116 768
117 768
118 768
119 768
120 768
121 768
122 768
123 768
124 768
125 768
126 768
127 768
128 768
129 768
130 768
131 768
132 768
133 768
134 768
135 768
136 768
137 768
138 768
139 768
140 768
141 768
142 768
143 768
144 768
145 768
146 768
147 768
148 768
149 768
150 768
151 768
152 768
153 768
154 768
155 768
156 768
157 768
158 768
159 768
160 768
161 768
162 768
163 768
164 768
165 768
166 768
167 768
168 768
169 768
170 768
171 768
172 768
173 768
174 768
175 768
176 768
177 768
178 768
179 768
180 768
181 768
182 768
183 768
184 768
185 768
186 768
187 768
188 768
189 768
190 768
191 768
192 768
193 768
194 768
195 768
196 768
197 768
198 768
199 768
200 768
201 768
202 768
203 768
204 768
205 768
206 768
207 768
208 768
209 768
210 768
211 768
212 768
213 768
214 768
215 768
216 768
217 768
218 768
219 768
220 768
221 768
222 768
223 768
224 768
225 768
226 768
227 768
228 768
229 768
230 768
231 768
232 768
233 768
234 768
235 768
236 768
237 768
238 768
239 768
240 768
241 768
242 768
243 768
244 768
245 768
246 768
247 768
248 768
249 768
250 768
251 768
252 768
253 768
254 768
255 768
256 768
257 768
258 768
259 768
260 768
261 768
262 768
263 768
264 768
265 768
266 768
267 768
268 768
269 768
270 768
271 768
272 768
273 768
274 768
275 768
276 768
277 768
278 768
279 768
280 768
281 768
282 768
283 768
284 768
285 768
286 768
287 768
288 768
289 768
290 768
291 768
292 768
293 768
294 768
295 768
296 768
297 768
298 768
299 768
300 768
301 768
302 768
303 768
304 768
305 768
306 768
307 768
308 768
309 768
310 768
311 768
312 768
313 768
314 768
315 768
316 768
317 768
318 768
319 768
320 768
321 768
322 768
323 768
324 768
325 768
326 768
327 768
328 768
329 768
330 768
331 768
332 768
333 768
334 768
335 768
336 768
337 768
338 768
339 768
340 768
341 768
342 768
343 768
344 768
345 768
346 768
347 768
348 768
349 768
350 768
351 768
352 768
353 768
354 768
355 768
356 768
357 768
358 768
359 768
360 768
361 768
362 768
363 768
364 768
365 768
366 768
367 768
368 768
369 768
370 768
371 768
372 768
373 768
374 768
375 768
376 768
377 768
378 768
379 768
380 768
381 768
382 768
383 768
384 768
385 768
386 768
387 768
388 768
389 768
390 768
391 768
392 768
393 768
394 768
395 768
396 768
397 768
398 768
399 768
400 768
401 768
402 768
403 768
404 768
405 768
406 768
407 768
408 768
409 768
410 768
411 768
412 768
413 768
414 768
415 768
416 768
417 768
418 768
419 768
420 768
421 768
422 768
423 768
424 768
425 768
426 768
427 768
428 768
429 768
430 768
431 768
432 768
433 768
434 768
435 768
436 768
437 768
438 768
439 768
440 768
441 768
442 768
443 768
444 768
445 768
446 768
447 768
448 768
449 768
450 768
451 768
452 768
453 768
454 768
455 768
456 768
457 768
458 768
459 768
460 768
461 768
462 768
463 768
464 768
465 768
466 768
467 768
468 768
469 768
470 768
471 768
472 768
473 768
474 768
475 768
476 768
477 768
478 768
479 768
480 768
481 768
482 768
483 768
484 768
485 768
486 768
487 768
488 768
489 768
490 768
491 768
492 768
493 768
494 768
495 768
496 768
497 768
498 768
499 768
500 768
501 768
502 768
503 768
504 768
505 768
506 768
507 768
508 768
509 768
510 768
511 768
512 768
513 768
514 768
515 768
516 768
517 768
518 768
519 768
520 768
521 768
522 768
523 768
524 768
525 768
526 768
527 768
528 768
529 768
530 768
531 768
532 768
533 768
534 768
535 768
536 768
537 768
538 768
539 768
540 768
541 768
542 768
543 768
544 768
545 768
546 768
547 768
548 768
549 768
550 768
551 768
552 768
553 768
554 768
555 768
556 768
557 768
558 768
559 768
560 768
561 768
562 768
563 768
564 768
565 768
566 768
567 768
568 768
569 768
570 768
571 768
572 768
573 768
574 768
575 768
576 768
577 768
578 768
579 768
580 768
581 768
582 768
583 768
584 768
585 768
586 768
587 768
588 768
589 768
590 768
591 768
592 768
593 768
594 768
595 768
596 768
597 768
598 768
599 768
600 768
601 768
602 768
603 768
604 768
605 768
606 768
607 768
608 768
609 768
610 768
611 768
612 768
613 768
614 768
615 768
616 768
617 768
618 768
619 768
620 768
621 768
622 768
623 768
624 768
625 768
626 768
627 768
628 768
629 768
630 768
631 768
632 768
633 768
634 768
635 768
636 768
637 768
638 768
639 768
640 768
641 768
642 768
643 768
644 768
645 768
646 768
647 768
648 768
649 768
650 768
651 768
652 768
653 768
654 768
655 768
656 768
657 768
658 768
659 768
660 768
661 768
662 768
663 768
664 768
665 768
666 768
667 768
668 768
669 768
670 768
671 768
672 768
673 768
674 768
675 768
676 768
677 768
678 768
679 768
680 768
681 768
682 768
683 768
684 768
685 768
686 768
687 768
688 768
689 768
690 768
691 768
692 768
693 768
694 768
695 768
696 768
697 768
698 768
699 768
700 768
701 768
702 768
703 768
704 768
705 768
706 768
707 768
708 768
709 768
710 768
711 768
712 768
713 768
714 768
715 768
716 768
717 768
718 768
719 768
720 768
721 768
722 768
723 768
724 768
725 768
726 768
727 768
728 768
729 768
730 768
731 768
732 768
733 768
734 768
735 768
736 768
737 768
738 768
739 768
740 768
741 768
742 768
743 768
744 768
745 768
746 768
747 768
748 768
749 768
750 768
751 768
752 768
753 768
754 768
755 768
756 768
757 768
758 768
759 768
760 768
761 768
762 768
763 768
764 768
765 768
766 768
767 768
768 769
