571
570
1 570
2 570
3 570
4 570
5 570
6 570
7 570
8 570
9 570
10 570
11 570
12 570
13 570
14 570
15 570
16 570
17 570
18 570
19 570
20 570
21 570
22 570
23 570
24 570
25 570
26 570
27 570
28 570
29 570
30 570
31 570
32 570
33 570
34 570
35 570
36 570
37 570
38 570
39 570
40 570
41 570
42 570
43 570
44 570
45 570
46 570
47 570
48 570
49 570
50 570
51 570
52 570
53 570
54 570
55 570
56 570
57 570
58 570
59 570
60 570
61 570
62 570
63 570
64 570
65 570
66 570
67 570
68 570
69 570
70 570
71 570
72 570
73 570
74 570
75 570
76 570
77 570
78 570
79 570
80 570
81 570
82 570
83 570
84 570
85 570
86 570
87 570
88 570
89 570
90 570
91 570
92 570
93 570
94 570
95 570
96 570
97 570
98 570
99 570
100 570
101 570
102 570
103 570
104 570
105 570
106 570
107 570
108 570
109 570
110 570
111 570
112 570
113 570
114 570
115 570
116 570
117 570
118 570
119 570
120 570
121 570
122 570
123 570
124 570
125 570
126 570
127 570
128 570
129 570
130 570
131 570
132 570
133 570
134 570
135 570
136 570
137 570
138 570
139 570
140 570
141 570
142 570
143 570
144 570
145 570
146 570
147 570
148 570
149 570
150 570
151 570
152 570
153 570
154 570
155 570
156 570
157 570
158 570
159 570
160 570
161 570
162 570
163 570
164 570
165 570
166 570
167 570
168 570
169 570
170 570
171 570
172 570
173 570
174 570
175 570
176 570
177 570
178 570
179 570
180 570
181 570
182 570
183 570
184 570
185 570
186 570
187 570
188 570
189 570
190 570
191 570
192 570
193 570
194 570
195 570
196 570
197 570
198 570
199 570
200 570
201 570
202 570
203 570
204 570
205 570
206 570
207 570
208 570
209 570
210 570
211 570
212 570
213 570
214 570
215 570
216 570
217 570
218 570
219 570
220 570
221 570
222 570
223 570
224 570
225 570
226 570
227 570
228 570
229 570
230 570
231 570
232 570
233 570
234 570
235 570
236 570
237 570
238 570
239 570
240 570
241 570
242 570
243 570
244 570
245 570
246 570
247 570
248 570
249 570
250 570
251 570
252 570
253 570
254 570
255 570
256 570
257 570
258 570
259 570
260 570
261 570
262 570
263 570
264 570
265 570
266 570
267 570
268 570
269 570
270 570
271 570
272 570
273 570
274 570
275 570
276 570
277 570
278 570
279 570
280 570
281 570
282 570
283 570
284 570
285 570
286 570
287 570
288 570
289 570
290 570
291 570
292 570
293 570
294 570
295 570
296 570
297 570
298 570
299 570
300 570
301 570
302 570
303 570
304 570
305 570
306 570
307 570
308 570
309 570
310 570
311 570
312 570
313 570
314 570
315 570
316 570
317 570
318 570
319 570
320 570
321 570
322 570
323 570
324 570
325 570
326 570
327 570
328 570
329 570
330 570
331 570
332 570
333 570
334 570
335 570
336 570
337 570
338 570
339 570
340 570
341 570
342 570
343 570
344 570
345 570
346 570
347 570
348 570
349 570
350 570
351 570
352 570
353 570
354 570
355 570
356 570
357 570
358 570
359 570
360 570
361 570
362 570
363 570
364 570
365 570
366 570
367 570
368 570
369 570
370 570
371 570
372 570
373 570
374 570
375 570
376 570
377 570
378 570
379 570
380 570
381 570
382 570
383 570
384 570
385 570
386 570
387 570
388 570
389 570
390 570
391 570
392 570
393 570
394 570
395 570
396 570
397 570
398 570
399 570
400 570
401 570
402 570
403 570
404 570
405 570
406 570
407 570
408 570
409 570
410 570
411 570
412 570
413 570
414 570
415 570
416 570
417 570
418 570
419 570
420 570
421 570
422 570
423 570
424 570
425 570
426 570
427 570
428 570
429 570
430 570
431 570
432 570
433 570
434 570
435 570
436 570
437 570
438 570
439 570
440 570
441 570
442 570
443 570
444 570
445 570
446 570
447 570
448 570
449 570
450 570
451 570
452 570
453 570
454 570
455 570
456 570
457 570
458 570
459 570
460 570
461 570
462 570
463 570
464 570
465 570
466 570
467 570
468 570
469 570
470 570
471 570
472 570
473 570
474 570
475 570
476 570
477 570
478 570
479 570
480 570
481 570
482 570
483 570
484 570
485 570
486 570
487 570
488 570
489 570
490 570
491 570
492 570
493 570
494 570
495 570
496 570
497 570
498 570
499 570
500 570
501 570
502 570
503 570
504 570
505 570
506 570
507 570
508 570
509 570
510 570
511 570
512 570
513 570
514 570
515 570
516 570
517 570
518 570
519 570
520 570
521 570
522 570
523 570
524 570
525 570
526 570
527 570
528 570
529 570
530 570
531 570
532 570
533 570
534 570
535 570
536 570
537 570
538 570
539 570
540 570
541 570
542 570
543 570
544 570
545 570
546 570
547 570
548 570
549 570
550 570
551 570
552 570
553 570
554 570
555 570
556 570
557 570
558 570
559 570
560 570
561 570
562 570
563 570
564 570
565 570
566 570
567 570
568 570
569 570
570 571
