953
952
1 952
2 952
3 952
4 952
5 952
6 952
7 952
8 952
9 952
10 952
11 952
12 952
13 952
14 952
15 952
16 952
17 952
18 952
19 952
20 952
21 952
22 952
23 952
24 952
25 952
26 952
27 952
28 952
29 952
30 952
31 952
32 952
33 952
34 952
35 952
36 952
37 952
38 952
39 952
40 952
41 952
42 952
43 952
44 952
45 952
46 952
47 952
48 952
49 952
50 952
51 952
52 952
53 952
54 952
55 952
56 952
57 952
58 952
59 952
60 952
61 952
62 952
63 952
64 952
65 952
66 952
67 952
68 952
69 952
70 952
71 952
72 952
73 952
74 952
75 952
76 952
77 952
78 952
79 952
80 952
81 952
82 952
83 952
84 952
85 952
86 952
87 952
88 952
89 952
90 952
91 952
92 952
93 952
94 952
95 952
96 952
97 952
98 952
99 952
100 952
101 952
102 952
103 952
104 952
105 952
106 952
107 952
108 952
109 952
110 952
111 952
112 952
113 952
114 952
115 952
116 952
117 952
118 952
119 952
120 952
121 952
122 952
123 952
124 952
125 952
126 952
127 952
128 952
129 952
130 952
131 952
132 952
133 952
134 952
135 952
136 952
137 952
138 952
139 952
140 952
141 952
142 952
143 952
144 952
145 952
146 952
147 952
148 952
149 952
150 952
151 952
152 952
153 952
154 952
155 952
156 952
157 952
158 952
159 952
160 952
161 952
162 952
163 952
164 952
165 952
166 952
167 952
168 952
169 952
170 952
171 952
172 952
173 952
174 952
175 952
176 952
177 952
178 952
179 952
180 952
181 952
182 952
183 952
184 952
185 952
186 952
187 952
188 952
189 952
190 952
191 952
192 952
193 952
194 952
195 952
196 952
197 952
198 952
199 952
200 952
201 952
202 952
203 952
204 952
205 952
206 952
207 952
208 952
209 952
210 952
211 952
212 952
213 952
214 952
215 952
216 952
217 952
218 952
219 952
220 952
221 952
222 952
223 952
224 952
225 952
226 952
227 952
228 952
229 952
230 952
231 952
232 952
233 952
234 952
235 952
236 952
237 952
238 952
239 952
240 952
241 952
242 952
243 952
244 952
245 952
246 952
247 952
248 952
249 952
250 952
251 952
252 952
253 952
254 952
255 952
256 952
257 952
258 952
259 952
260 952
261 952
262 952
263 952
264 952
265 952
266 952
267 952
268 952
269 952
270 952
271 952
272 952
273 952
274 952
275 952
276 952
277 952
278 952
279 952
280 952
281 952
282 952
283 952
284 952
285 952
286 952
287 952
288 952
289 952
290 952
291 952
292 952
293 952
294 952
295 952
296 952
297 952
298 952
299 952
300 952
301 952
302 952
303 952
304 952
305 952
306 952
307 952
308 952
309 952
310 952
311 952
312 952
313 952
314 952
315 952
316 952
317 952
318 952
319 952
320 952
321 952
322 952
323 952
324 952
325 952
326 952
327 952
328 952
329 952
330 952
331 952
332 952
333 952
334 952
335 952
336 952
337 952
338 952
339 952
340 952
341 952
342 952
343 952
344 952
345 952
346 952
347 952
348 952
349 952
350 952
351 952
352 952
353 952
354 952
355 952
356 952
357 952
358 952
359 952
360 952
361 952
362 952
363 952
364 952
365 952
366 952
367 952
368 952
369 952
370 952
371 952
372 952
373 952
374 952
375 952
376 952
377 952
378 952
379 952
380 952
381 952
382 952
383 952
384 952
385 952
386 952
387 952
388 952
389 952
390 952
391 952
392 952
393 952
394 952
395 952
396 952
397 952
398 952
399 952
400 952
401 952
402 952
403 952
404 952
405 952
406 952
407 952
408 952
409 952
410 952
411 952
412 952
413 952
414 952
415 952
416 952
417 952
418 952
419 952
420 952
421 952
422 952
423 952
424 952
425 952
426 952
427 952
428 952
429 952
430 952
431 952
432 952
433 952
434 952
435 952
436 952
437 952
438 952
439 952
440 952
441 952
442 952
443 952
444 952
445 952
446 952
447 952
448 952
449 952
450 952
451 952
452 952
453 952
454 952
455 952
456 952
457 952
458 952
459 952
460 952
461 952
462 952
463 952
464 952
465 952
466 952
467 952
468 952
469 952
470 952
471 952
472 952
473 952
474 952
475 952
476 952
477 952
478 952
479 952
480 952
481 952
482 952
483 952
484 952
485 952
486 952
487 952
488 952
489 952
490 952
491 952
492 952
493 952
494 952
495 952
496 952
497 952
498 952
499 952
500 952
501 952
502 952
503 952
504 952
505 952
506 952
507 952
508 952
509 952
510 952
511 952
512 952
513 952
514 952
515 952
516 952
517 952
518 952
519 952
520 952
521 952
522 952
523 952
524 952
525 952
526 952
527 952
528 952
529 952
530 952
531 952
532 952
533 952
534 952
535 952
536 952
537 952
538 952
539 952
540 952
541 952
542 952
543 952
544 952
545 952
546 952
547 952
548 952
549 952
550 952
551 952
552 952
553 952
554 952
555 952
556 952
557 952
558 952
559 952
560 952
561 952
562 952
563 952
564 952
565 952
566 952
567 952
568 952
569 952
570 952
571 952
572 952
573 952
574 952
575 952
576 952
577 952
578 952
579 952
580 952
581 952
582 952
583 952
584 952
585 952
586 952
587 952
588 952
589 952
590 952
591 952
592 952
593 952
594 952
595 952
596 952
597 952
598 952
599 952
600 952
601 952
602 952
603 952
604 952
605 952
606 952
607 952
608 952
609 952
610 952
611 952
612 952
613 952
614 952
615 952
616 952
617 952
618 952
619 952
620 952
621 952
622 952
623 952
624 952
625 952
626 952
627 952
628 952
629 952
630 952
631 952
632 952
633 952
634 952
635 952
636 952
637 952
638 952
639 952
640 952
641 952
642 952
643 952
644 952
645 952
646 952
647 952
648 952
649 952
650 952
651 952
652 952
653 952
654 952
655 952
656 952
657 952
658 952
659 952
660 952
661 952
662 952
663 952
664 952
665 952
666 952
667 952
668 952
669 952
670 952
671 952
672 952
673 952
674 952
675 952
676 952
677 952
678 952
679 952
680 952
681 952
682 952
683 952
684 952
685 952
686 952
687 952
688 952
689 952
690 952
691 952
692 952
693 952
694 952
695 952
696 952
697 952
698 952
699 952
700 952
701 952
702 952
703 952
704 952
705 952
706 952
707 952
708 952
709 952
710 952
711 952
712 952
713 952
714 952
715 952
716 952
717 952
718 952
719 952
720 952
721 952
722 952
723 952
724 952
725 952
726 952
727 952
728 952
729 952
730 952
731 952
732 952
733 952
734 952
735 952
736 952
737 952
738 952
739 952
740 952
741 952
742 952
743 952
744 952
745 952
746 952
747 952
748 952
749 952
750 952
751 952
752 952
753 952
754 952
755 952
756 952
757 952
758 952
759 952
760 952
761 952
762 952
763 952
764 952
765 952
766 952
767 952
768 952
769 952
770 952
771 952
772 952
773 952
774 952
775 952
776 952
777 952
778 952
779 952
780 952
781 952
782 952
783 952
784 952
785 952
786 952
787 952
788 952
789 952
790 952
791 952
792 952
793 952
794 952
795 952
796 952
797 952
798 952
799 952
800 952
801 952
802 952
803 952
804 952
805 952
806 952
807 952
808 952
809 952
810 952
811 952
812 952
813 952
814 952
815 952
816 952
817 952
818 952
819 952
820 952
821 952
822 952
823 952
824 952
825 952
826 952
827 952
828 952
829 952
830 952
831 952
832 952
833 952
834 952
835 952
836 952
837 952
838 952
839 952
840 952
841 952
842 952
843 952
844 952
845 952
846 952
847 952
848 952
849 952
850 952
851 952
852 952
853 952
854 952
855 952
856 952
857 952
858 952
859 952
860 952
861 952
862 952
863 952
864 952
865 952
866 952
867 952
868 952
869 952
870 952
871 952
872 952
873 952
874 952
875 952
876 952
877 952
878 952
879 952
880 952
881 952
882 952
883 952
884 952
885 952
886 952
887 952
888 952
889 952
890 952
891 952
892 952
893 952
894 952
895 952
896 952
897 952
898 952
899 952
900 952
901 952
902 952
903 952
904 952
905 952
906 952
907 952
908 952
909 952
910 952
911 952
912 952
913 952
914 952
915 952
916 952
917 952
918 952
919 952
920 952
921 952
922 952
923 952
924 952
925 952
926 952
927 952
928 952
929 952
930 952
931 952
932 952
933 952
934 952
935 952
936 952
937 952
938 952
939 952
940 952
941 952
942 952
943 952
944 952
945 952
946 952
947 952
948 952
949 952
950 952
951 952
952 953
