695
694
1 694
2 694
3 694
4 694
5 694
6 694
7 694
8 694
9 694
10 694
11 694
12 694
13 694
14 694
15 694
16 694
17 694
18 694
19 694
20 694
21 694
22 694
23 694
24 694
25 694
26 694
27 694
28 694
29 694
30 694
31 694
32 694
33 694
34 694
35 694
36 694
37 694
38 694
39 694
40 694
41 694
42 694
43 694
44 694
45 694
46 694
47 694
48 694
49 694
50 694
51 694
52 694
53 694
54 694
55 694
56 694
57 694
58 694
59 694
60 694
61 694
62 694
63 694
64 694
65 694
66 694
67 694
68 694
69 694
70 694
71 694
72 694
73 694
74 694
75 694
76 694
77 694
78 694
79 694
80 694
81 694
82 694
83 694
84 694
85 694
86 694
87 694
88 694
89 694
90 694
91 694
92 694
93 694
94 694
95 694
96 694
97 694
98 694
99 694
100 694
101 694
102 694
103 694
104 694
105 694
106 694
107 694
108 694
109 694
110 694
111 694
112 694
113 694
114 694
115 694
116 694
117 694
118 694
119 694
120 694
121 694
122 694
123 694
124 694
125 694
126 694
127 694
128 694
129 694
130 694
131 694
132 694
133 694
134 694
135 694
136 694
137 694
138 694
139 694
140 694
141 694
142 694
143 694
144 694
145 694
146 694
147 694
148 694
149 694
150 694
151 694
152 694
153 694
154 694
155 694
156 694
157 694
158 694
159 694
160 694
161 694
162 694
163 694
164 694
165 694
166 694
167 694
168 694
169 694
170 694
171 694
172 694
173 694
174 694
175 694
176 694
177 694
178 694
179 694
180 694
181 694
182 694
183 694
184 694
185 694
186 694
187 694
188 694
189 694
190 694
191 694
192 694
193 694
194 694
195 694
196 694
197 694
198 694
199 694
200 694
201 694
202 694
203 694
204 694
205 694
206 694
207 694
208 694
209 694
210 694
211 694
212 694
213 694
214 694
215 694
216 694
217 694
218 694
219 694
220 694
221 694
222 694
223 694
224 694
225 694
226 694
227 694
228 694
229 694
230 694
231 694
232 694
233 694
234 694
235 694
236 694
237 694
238 694
239 694
240 694
241 694
242 694
243 694
244 694
245 694
246 694
247 694
248 694
249 694
250 694
251 694
252 694
253 694
254 694
255 694
256 694
257 694
258 694
259 694
260 694
261 694
262 694
263 694
264 694
265 694
266 694
267 694
268 694
269 694
270 694
271 694
272 694
273 694
274 694
275 694
276 694
277 694
278 694
279 694
280 694
281 694
282 694
283 694
284 694
285 694
286 694
287 694
288 694
289 694
290 694
291 694
292 694
293 694
294 694
295 694
296 694
297 694
298 694
299 694
300 694
301 694
302 694
303 694
304 694
305 694
306 694
307 694
308 694
309 694
310 694
311 694
312 694
313 694
314 694
315 694
316 694
317 694
318 694
319 694
320 694
321 694
322 694
323 694
324 694
325 694
326 694
327 694
328 694
329 694
330 694
331 694
332 694
333 694
334 694
335 694
336 694
337 694
338 694
339 694
340 694
341 694
342 694
343 694
344 694
345 694
346 694
347 694
348 694
349 694
350 694
351 694
352 694
353 694
354 694
355 694
356 694
357 694
358 694
359 694
360 694
361 694
362 694
363 694
364 694
365 694
366 694
367 694
368 694
369 694
370 694
371 694
372 694
373 694
374 694
375 694
376 694
377 694
378 694
379 694
380 694
381 694
382 694
383 694
384 694
385 694
386 694
387 694
388 694
389 694
390 694
391 694
392 694
393 694
394 694
395 694
396 694
397 694
398 694
399 694
400 694
401 694
402 694
403 694
404 694
405 694
406 694
407 694
408 694
409 694
410 694
411 694
412 694
413 694
414 694
415 694
416 694
417 694
418 694
419 694
420 694
421 694
422 694
423 694
424 694
425 694
426 694
427 694
428 694
429 694
430 694
431 694
432 694
433 694
434 694
435 694
436 694
437 694
438 694
439 694
440 694
441 694
442 694
443 694
444 694
445 694
446 694
447 694
448 694
449 694
450 694
451 694
452 694
453 694
454 694
455 694
456 694
457 694
458 694
459 694
460 694
461 694
462 694
463 694
464 694
465 694
466 694
467 694
468 694
469 694
470 694
471 694
472 694
473 694
474 694
475 694
476 694
477 694
478 694
479 694
480 694
481 694
482 694
483 694
484 694
485 694
486 694
487 694
488 694
489 694
490 694
491 694
492 694
493 694
494 694
495 694
496 694
497 694
498 694
499 694
500 694
501 694
502 694
503 694
504 694
505 694
506 694
507 694
508 694
509 694
510 694
511 694
512 694
513 694
514 694
515 694
516 694
517 694
518 694
519 694
520 694
521 694
522 694
523 694
524 694
525 694
526 694
527 694
528 694
529 694
530 694
531 694
532 694
533 694
534 694
535 694
536 694
537 694
538 694
539 694
540 694
541 694
542 694
543 694
544 694
545 694
546 694
547 694
548 694
549 694
550 694
551 694
552 694
553 694
554 694
555 694
556 694
557 694
558 694
559 694
560 694
561 694
562 694
563 694
564 694
565 694
566 694
567 694
568 694
569 694
570 694
571 694
572 694
573 694
574 694
575 694
576 694
577 694
578 694
579 694
580 694
581 694
582 694
583 694
584 694
585 694
586 694
587 694
588 694
589 694
590 694
591 694
592 694
593 694
594 694
595 694
596 694
597 694
598 694
599 694
600 694
601 694
602 694
603 694
604 694
605 694
606 694
607 694
608 694
609 694
610 694
611 694
612 694
613 694
614 694
615 694
616 694
617 694
618 694
619 694
620 694
621 694
622 694
623 694
624 694
625 694
626 694
627 694
628 694
629 694
630 694
631 694
632 694
633 694
634 694
635 694
636 694
637 694
638 694
639 694
640 694
641 694
642 694
643 694
644 694
645 694
646 694
647 694
648 694
649 694
650 694
651 694
652 694
653 694
654 694
655 694
656 694
657 694
658 694
659 694
660 694
661 694
662 694
663 694
664 694
665 694
666 694
667 694
668 694
669 694
670 694
671 694
672 694
673 694
674 694
675 694
676 694
677 694
678 694
679 694
680 694
681 694
682 694
683 694
684 694
685 694
686 694
687 694
688 694
689 694
690 694
691 694
692 694
693 694
694 695
