910
909
1 909
2 909
3 909
4 909
5 909
6 909
7 909
8 909
9 909
10 909
11 909
12 909
13 909
14 909
15 909
16 909
17 909
18 909
19 909
20 909
21 909
22 909
23 909
24 909
25 909
26 909
27 909
28 909
29 909
30 909
31 909
32 909
33 909
34 909
35 909
36 909
37 909
38 909
39 909
40 909
41 909
42 909
43 909
44 909
45 909
46 909
47 909
48 909
49 909
50 909
51 909
52 909
53 909
54 909
55 909
56 909
57 909
58 909
59 909
60 909
61 909
62 909
63 909
64 909
65 909
66 909
67 909
68 909
69 909
70 909
71 909
72 909
73 909
74 909
75 909
76 909
77 909
78 909
79 909
80 909
81 909
82 909
83 909
84 909
85 909
86 909
87 909
88 909
89 909
90 909
91 909
92 909
93 909
94 909
95 909
96 909
97 909
98 909
99 909
100 909
101 909
102 909
103 909
104 909
105 909
106 909
107 909
108 909
109 909
110 909
111 909
112 909
113 909
114 909
115 909
116 909
117 909
118 909
119 909
120 909
121 909
122 909
123 909
124 909
125 909
126 909
127 909
128 909
129 909
130 909
131 909
132 909
133 909
134 909
135 909
136 909
137 909
138 909
139 909
140 909
141 909
142 909
143 909
144 909
145 909
146 909
147 909
148 909
149 909
150 909
151 909
152 909
153 909
154 909
155 909
156 909
157 909
158 909
159 909
160 909
161 909
162 909
163 909
164 909
165 909
166 909
167 909
168 909
169 909
170 909
171 909
172 909
173 909
174 909
175 909
176 909
177 909
178 909
179 909
180 909
181 909
182 909
183 909
184 909
185 909
186 909
187 909
188 909
189 909
190 909
191 909
192 909
193 909
194 909
195 909
196 909
197 909
198 909
199 909
200 909
201 909
202 909
203 909
204 909
205 909
206 909
207 909
208 909
209 909
210 909
211 909
212 909
213 909
214 909
215 909
216 909
217 909
218 909
219 909
220 909
221 909
222 909
223 909
224 909
225 909
226 909
227 909
228 909
229 909
230 909
231 909
232 909
233 909
234 909
235 909
236 909
237 909
238 909
239 909
240 909
241 909
242 909
243 909
244 909
245 909
246 909
247 909
248 909
249 909
250 909
251 909
252 909
253 909
254 909
255 909
256 909
257 909
258 909
259 909
260 909
261 909
262 909
263 909
264 909
265 909
266 909
267 909
268 909
269 909
270 909
271 909
272 909
273 909
274 909
275 909
276 909
277 909
278 909
279 909
280 909
281 909
282 909
283 909
284 909
285 909
286 909
287 909
288 909
289 909
290 909
291 909
292 909
293 909
294 909
295 909
296 909
297 909
298 909
299 909
300 909
301 909
302 909
303 909
304 909
305 909
306 909
307 909
308 909
309 909
310 909
311 909
312 909
313 909
314 909
315 909
316 909
317 909
318 909
319 909
320 909
321 909
322 909
323 909
324 909
325 909
326 909
327 909
328 909
329 909
330 909
331 909
332 909
333 909
334 909
335 909
336 909
337 909
338 909
339 909
340 909
341 909
342 909
343 909
344 909
345 909
346 909
347 909
348 909
349 909
350 909
351 909
352 909
353 909
354 909
355 909
356 909
357 909
358 909
359 909
360 909
361 909
362 909
363 909
364 909
365 909
366 909
367 909
368 909
369 909
370 909
371 909
372 909
373 909
374 909
375 909
376 909
377 909
378 909
379 909
380 909
381 909
382 909
383 909
384 909
385 909
386 909
387 909
388 909
389 909
390 909
391 909
392 909
393 909
394 909
395 909
396 909
397 909
398 909
399 909
400 909
401 909
402 909
403 909
404 909
405 909
406 909
407 909
408 909
409 909
410 909
411 909
412 909
413 909
414 909
415 909
416 909
417 909
418 909
419 909
420 909
421 909
422 909
423 909
424 909
425 909
426 909
427 909
428 909
429 909
430 909
431 909
432 909
433 909
434 909
435 909
436 909
437 909
438 909
439 909
440 909
441 909
442 909
443 909
444 909
445 909
446 909
447 909
448 909
449 909
450 909
451 909
452 909
453 909
454 909
455 909
456 909
457 909
458 909
459 909
460 909
461 909
462 909
463 909
464 909
465 909
466 909
467 909
468 909
469 909
470 909
471 909
472 909
473 909
474 909
475 909
476 909
477 909
478 909
479 909
480 909
481 909
482 909
483 909
484 909
485 909
486 909
487 909
488 909
489 909
490 909
491 909
492 909
493 909
494 909
495 909
496 909
497 909
498 909
499 909
500 909
501 909
502 909
503 909
504 909
505 909
506 909
507 909
508 909
509 909
510 909
511 909
512 909
513 909
514 909
515 909
516 909
517 909
518 909
519 909
520 909
521 909
522 909
523 909
524 909
525 909
526 909
527 909
528 909
529 909
530 909
531 909
532 909
533 909
534 909
535 909
536 909
537 909
538 909
539 909
540 909
541 909
542 909
543 909
544 909
545 909
546 909
547 909
548 909
549 909
550 909
551 909
552 909
553 909
554 909
555 909
556 909
557 909
558 909
559 909
560 909
561 909
562 909
563 909
564 909
565 909
566 909
567 909
568 909
569 909
570 909
571 909
572 909
573 909
574 909
575 909
576 909
577 909
578 909
579 909
580 909
581 909
582 909
583 909
584 909
585 909
586 909
587 909
588 909
589 909
590 909
591 909
592 909
593 909
594 909
595 909
596 909
597 909
598 909
599 909
600 909
601 909
602 909
603 909
604 909
605 909
606 909
607 909
608 909
609 909
610 909
611 909
612 909
613 909
614 909
615 909
616 909
617 909
618 909
619 909
620 909
621 909
622 909
623 909
624 909
625 909
626 909
627 909
628 909
629 909
630 909
631 909
632 909
633 909
634 909
635 909
636 909
637 909
638 909
639 909
640 909
641 909
642 909
643 909
644 909
645 909
646 909
647 909
648 909
649 909
650 909
651 909
652 909
653 909
654 909
655 909
656 909
657 909
658 909
659 909
660 909
661 909
662 909
663 909
664 909
665 909
666 909
667 909
668 909
669 909
670 909
671 909
672 909
673 909
674 909
675 909
676 909
677 909
678 909
679 909
680 909
681 909
682 909
683 909
684 909
685 909
686 909
687 909
688 909
689 909
690 909
691 909
692 909
693 909
694 909
695 909
696 909
697 909
698 909
699 909
700 909
701 909
702 909
703 909
704 909
705 909
706 909
707 909
708 909
709 909
710 909
711 909
712 909
713 909
714 909
715 909
716 909
717 909
718 909
719 909
720 909
721 909
722 909
723 909
724 909
725 909
726 909
727 909
728 909
729 909
730 909
731 909
732 909
733 909
734 909
735 909
736 909
737 909
738 909
739 909
740 909
741 909
742 909
743 909
744 909
745 909
746 909
747 909
748 909
749 909
750 909
751 909
752 909
753 909
754 909
755 909
756 909
757 909
758 909
759 909
760 909
761 909
762 909
763 909
764 909
765 909
766 909
767 909
768 909
769 909
770 909
771 909
772 909
773 909
774 909
775 909
776 909
777 909
778 909
779 909
780 909
781 909
782 909
783 909
784 909
785 909
786 909
787 909
788 909
789 909
790 909
791 909
792 909
793 909
794 909
795 909
796 909
797 909
798 909
799 909
800 909
801 909
802 909
803 909
804 909
805 909
806 909
807 909
808 909
809 909
810 909
811 909
812 909
813 909
814 909
815 909
816 909
817 909
818 909
819 909
820 909
821 909
822 909
823 909
824 909
825 909
826 909
827 909
828 909
829 909
830 909
831 909
832 909
833 909
834 909
835 909
836 909
837 909
838 909
839 909
840 909
841 909
842 909
843 909
844 909
845 909
846 909
847 909
848 909
849 909
850 909
851 909
852 909
853 909
854 909
855 909
856 909
857 909
858 909
859 909
860 909
861 909
862 909
863 909
864 909
865 909
866 909
867 909
868 909
869 909
870 909
871 909
872 909
873 909
874 909
875 909
876 909
877 909
878 909
879 909
880 909
881 909
882 909
883 909
884 909
885 909
886 909
887 909
888 909
889 909
890 909
891 909
892 909
893 909
894 909
895 909
896 909
897 909
898 909
899 909
900 909
901 909
902 909
903 909
904 909
905 909
906 909
907 909
908 909
909 910
