579
578
1 578
2 578
3 578
4 578
5 578
6 578
7 578
8 578
9 578
10 578
11 578
12 578
13 578
14 578
15 578
16 578
17 578
18 578
19 578
20 578
21 578
22 578
23 578
24 578
25 578
26 578
27 578
28 578
29 578
30 578
31 578
32 578
33 578
34 578
35 578
36 578
37 578
38 578
39 578
40 578
41 578
42 578
43 578
44 578
45 578
46 578
47 578
48 578
49 578
50 578
51 578
52 578
53 578
54 578
55 578
56 578
57 578
58 578
59 578
60 578
61 578
62 578
63 578
64 578
65 578
66 578
67 578
68 578
69 578
70 578
71 578
72 578
73 578
74 578
75 578
76 578
77 578
78 578
79 578
80 578
81 578
82 578
83 578
84 578
85 578
86 578
87 578
88 578
89 578
90 578
91 578
92 578
93 578
94 578
95 578
96 578
97 578
98 578
99 578
100 578
101 578
102 578
103 578
104 578
105 578
106 578
107 578
108 578
109 578
110 578
111 578
112 578
113 578
114 578
115 578
116 578
117 578
118 578
119 578
120 578
121 578
122 578
123 578
124 578
125 578
126 578
127 578
128 578
129 578
130 578
131 578
132 578
133 578
134 578
135 578
136 578
137 578
138 578
139 578
140 578
141 578
142 578
143 578
144 578
145 578
146 578
147 578
148 578
149 578
150 578
151 578
152 578
153 578
154 578
155 578
156 578
157 578
158 578
159 578
160 578
161 578
162 578
163 578
164 578
165 578
166 578
167 578
168 578
169 578
170 578
171 578
172 578
173 578
174 578
175 578
176 578
177 578
178 578
179 578
180 578
181 578
182 578
183 578
184 578
185 578
186 578
187 578
188 578
189 578
190 578
191 578
192 578
193 578
194 578
195 578
196 578
197 578
198 578
199 578
200 578
201 578
202 578
203 578
204 578
205 578
206 578
207 578
208 578
209 578
210 578
211 578
212 578
213 578
214 578
215 578
216 578
217 578
218 578
219 578
220 578
221 578
222 578
223 578
224 578
225 578
226 578
227 578
228 578
229 578
230 578
231 578
232 578
233 578
234 578
235 578
236 578
237 578
238 578
239 578
240 578
241 578
242 578
243 578
244 578
245 578
246 578
247 578
248 578
249 578
250 578
251 578
252 578
253 578
254 578
255 578
256 578
257 578
258 578
259 578
260 578
261 578
262 578
263 578
264 578
265 578
266 578
267 578
268 578
269 578
270 578
271 578
272 578
273 578
274 578
275 578
276 578
277 578
278 578
279 578
280 578
281 578
282 578
283 578
284 578
285 578
286 578
287 578
288 578
289 578
290 578
291 578
292 578
293 578
294 578
295 578
296 578
297 578
298 578
299 578
300 578
301 578
302 578
303 578
304 578
305 578
306 578
307 578
308 578
309 578
310 578
311 578
312 578
313 578
314 578
315 578
316 578
317 578
318 578
319 578
320 578
321 578
322 578
323 578
324 578
325 578
326 578
327 578
328 578
329 578
330 578
331 578
332 578
333 578
334 578
335 578
336 578
337 578
338 578
339 578
340 578
341 578
342 578
343 578
344 578
345 578
346 578
347 578
348 578
349 578
350 578
351 578
352 578
353 578
354 578
355 578
356 578
357 578
358 578
359 578
360 578
361 578
362 578
363 578
364 578
365 578
366 578
367 578
368 578
369 578
370 578
371 578
372 578
373 578
374 578
375 578
376 578
377 578
378 578
379 578
380 578
381 578
382 578
383 578
384 578
385 578
386 578
387 578
388 578
389 578
390 578
391 578
392 578
393 578
394 578
395 578
396 578
397 578
398 578
399 578
400 578
401 578
402 578
403 578
404 578
405 578
406 578
407 578
408 578
409 578
410 578
411 578
412 578
413 578
414 578
415 578
416 578
417 578
418 578
419 578
420 578
421 578
422 578
423 578
424 578
425 578
426 578
427 578
428 578
429 578
430 578
431 578
432 578
433 578
434 578
435 578
436 578
437 578
438 578
439 578
440 578
441 578
442 578
443 578
444 578
445 578
446 578
447 578
448 578
449 578
450 578
451 578
452 578
453 578
454 578
455 578
456 578
457 578
458 578
459 578
460 578
461 578
462 578
463 578
464 578
465 578
466 578
467 578
468 578
469 578
470 578
471 578
472 578
473 578
474 578
475 578
476 578
477 578
478 578
479 578
480 578
481 578
482 578
483 578
484 578
485 578
486 578
487 578
488 578
489 578
490 578
491 578
492 578
493 578
494 578
495 578
496 578
497 578
498 578
499 578
500 578
501 578
502 578
503 578
504 578
505 578
506 578
507 578
508 578
509 578
510 578
511 578
512 578
513 578
514 578
515 578
516 578
517 578
518 578
519 578
520 578
521 578
522 578
523 578
524 578
525 578
526 578
527 578
528 578
529 578
530 578
531 578
532 578
533 578
534 578
535 578
536 578
537 578
538 578
539 578
540 578
541 578
542 578
543 578
544 578
545 578
546 578
547 578
548 578
549 578
550 578
551 578
552 578
553 578
554 578
555 578
556 578
557 578
558 578
559 578
560 578
561 578
562 578
563 578
564 578
565 578
566 578
567 578
568 578
569 578
570 578
571 578
572 578
573 578
574 578
575 578
576 578
577 578
578 579
