573
572
1 572
2 572
3 572
4 572
5 572
6 572
7 572
8 572
9 572
10 572
11 572
12 572
13 572
14 572
15 572
16 572
17 572
18 572
19 572
20 572
21 572
22 572
23 572
24 572
25 572
26 572
27 572
28 572
29 572
30 572
31 572
32 572
33 572
34 572
35 572
36 572
37 572
38 572
39 572
40 572
41 572
42 572
43 572
44 572
45 572
46 572
47 572
48 572
49 572
50 572
51 572
52 572
53 572
54 572
55 572
56 572
57 572
58 572
59 572
60 572
61 572
62 572
63 572
64 572
65 572
66 572
67 572
68 572
69 572
70 572
71 572
72 572
73 572
74 572
75 572
76 572
77 572
78 572
79 572
80 572
81 572
82 572
83 572
84 572
85 572
86 572
87 572
88 572
89 572
90 572
91 572
92 572
93 572
94 572
95 572
96 572
97 572
98 572
99 572
100 572
101 572
102 572
103 572
104 572
105 572
106 572
107 572
108 572
109 572
110 572
111 572
112 572
113 572
114 572
115 572
116 572
117 572
118 572
119 572
120 572
121 572
122 572
123 572
124 572
125 572
126 572
127 572
128 572
129 572
130 572
131 572
132 572
133 572
134 572
135 572
136 572
137 572
138 572
139 572
140 572
141 572
142 572
143 572
144 572
145 572
146 572
147 572
148 572
149 572
150 572
151 572
152 572
153 572
154 572
155 572
156 572
157 572
158 572
159 572
160 572
161 572
162 572
163 572
164 572
165 572
166 572
167 572
168 572
169 572
170 572
171 572
172 572
173 572
174 572
175 572
176 572
177 572
178 572
179 572
180 572
181 572
182 572
183 572
184 572
185 572
186 572
187 572
188 572
189 572
190 572
191 572
192 572
193 572
194 572
195 572
196 572
197 572
198 572
199 572
200 572
201 572
202 572
203 572
204 572
205 572
206 572
207 572
208 572
209 572
210 572
211 572
212 572
213 572
214 572
215 572
216 572
217 572
218 572
219 572
220 572
221 572
222 572
223 572
224 572
225 572
226 572
227 572
228 572
229 572
230 572
231 572
232 572
233 572
234 572
235 572
236 572
237 572
238 572
239 572
240 572
241 572
242 572
243 572
244 572
245 572
246 572
247 572
248 572
249 572
250 572
251 572
252 572
253 572
254 572
255 572
256 572
257 572
258 572
259 572
260 572
261 572
262 572
263 572
264 572
265 572
266 572
267 572
268 572
269 572
270 572
271 572
272 572
273 572
274 572
275 572
276 572
277 572
278 572
279 572
280 572
281 572
282 572
283 572
284 572
285 572
286 572
287 572
288 572
289 572
290 572
291 572
292 572
293 572
294 572
295 572
296 572
297 572
298 572
299 572
300 572
301 572
302 572
303 572
304 572
305 572
306 572
307 572
308 572
309 572
310 572
311 572
312 572
313 572
314 572
315 572
316 572
317 572
318 572
319 572
320 572
321 572
322 572
323 572
324 572
325 572
326 572
327 572
328 572
329 572
330 572
331 572
332 572
333 572
334 572
335 572
336 572
337 572
338 572
339 572
340 572
341 572
342 572
343 572
344 572
345 572
346 572
347 572
348 572
349 572
350 572
351 572
352 572
353 572
354 572
355 572
356 572
357 572
358 572
359 572
360 572
361 572
362 572
363 572
364 572
365 572
366 572
367 572
368 572
369 572
370 572
371 572
372 572
373 572
374 572
375 572
376 572
377 572
378 572
379 572
380 572
381 572
382 572
383 572
384 572
385 572
386 572
387 572
388 572
389 572
390 572
391 572
392 572
393 572
394 572
395 572
396 572
397 572
398 572
399 572
400 572
401 572
402 572
403 572
404 572
405 572
406 572
407 572
408 572
409 572
410 572
411 572
412 572
413 572
414 572
415 572
416 572
417 572
418 572
419 572
420 572
421 572
422 572
423 572
424 572
425 572
426 572
427 572
428 572
429 572
430 572
431 572
432 572
433 572
434 572
435 572
436 572
437 572
438 572
439 572
440 572
441 572
442 572
443 572
444 572
445 572
446 572
447 572
448 572
449 572
450 572
451 572
452 572
453 572
454 572
455 572
456 572
457 572
458 572
459 572
460 572
461 572
462 572
463 572
464 572
465 572
466 572
467 572
468 572
469 572
470 572
471 572
472 572
473 572
474 572
475 572
476 572
477 572
478 572
479 572
480 572
481 572
482 572
483 572
484 572
485 572
486 572
487 572
488 572
489 572
490 572
491 572
492 572
493 572
494 572
495 572
496 572
497 572
498 572
499 572
500 572
501 572
502 572
503 572
504 572
505 572
506 572
507 572
508 572
509 572
510 572
511 572
512 572
513 572
514 572
515 572
516 572
517 572
518 572
519 572
520 572
521 572
522 572
523 572
524 572
525 572
526 572
527 572
528 572
529 572
530 572
531 572
532 572
533 572
534 572
535 572
536 572
537 572
538 572
539 572
540 572
541 572
542 572
543 572
544 572
545 572
546 572
547 572
548 572
549 572
550 572
551 572
552 572
553 572
554 572
555 572
556 572
557 572
558 572
559 572
560 572
561 572
562 572
563 572
564 572
565 572
566 572
567 572
568 572
569 572
570 572
571 572
572 573
