482
481
1 481
2 481
3 481
4 481
5 481
6 481
7 481
8 481
9 481
10 481
11 481
12 481
13 481
14 481
15 481
16 481
17 481
18 481
19 481
20 481
21 481
22 481
23 481
24 481
25 481
26 481
27 481
28 481
29 481
30 481
31 481
32 481
33 481
34 481
35 481
36 481
37 481
38 481
39 481
40 481
41 481
42 481
43 481
44 481
45 481
46 481
47 481
48 481
49 481
50 481
51 481
52 481
53 481
54 481
55 481
56 481
57 481
58 481
59 481
60 481
61 481
62 481
63 481
64 481
65 481
66 481
67 481
68 481
69 481
70 481
71 481
72 481
73 481
74 481
75 481
76 481
77 481
78 481
79 481
80 481
81 481
82 481
83 481
84 481
85 481
86 481
87 481
88 481
89 481
90 481
91 481
92 481
93 481
94 481
95 481
96 481
97 481
98 481
99 481
100 481
101 481
102 481
103 481
104 481
105 481
106 481
107 481
108 481
109 481
110 481
111 481
112 481
113 481
114 481
115 481
116 481
117 481
118 481
119 481
120 481
121 481
122 481
123 481
124 481
125 481
126 481
127 481
128 481
129 481
130 481
131 481
132 481
133 481
134 481
135 481
136 481
137 481
138 481
139 481
140 481
141 481
142 481
143 481
144 481
145 481
146 481
147 481
148 481
149 481
150 481
151 481
152 481
153 481
154 481
155 481
156 481
157 481
158 481
159 481
160 481
161 481
162 481
163 481
164 481
165 481
166 481
167 481
168 481
169 481
170 481
171 481
172 481
173 481
174 481
175 481
176 481
177 481
178 481
179 481
180 481
181 481
182 481
183 481
184 481
185 481
186 481
187 481
188 481
189 481
190 481
191 481
192 481
193 481
194 481
195 481
196 481
197 481
198 481
199 481
200 481
201 481
202 481
203 481
204 481
205 481
206 481
207 481
208 481
209 481
210 481
211 481
212 481
213 481
214 481
215 481
216 481
217 481
218 481
219 481
220 481
221 481
222 481
223 481
224 481
225 481
226 481
227 481
228 481
229 481
230 481
231 481
232 481
233 481
234 481
235 481
236 481
237 481
238 481
239 481
240 481
241 481
242 481
243 481
244 481
245 481
246 481
247 481
248 481
249 481
250 481
251 481
252 481
253 481
254 481
255 481
256 481
257 481
258 481
259 481
260 481
261 481
262 481
263 481
264 481
265 481
266 481
267 481
268 481
269 481
270 481
271 481
272 481
273 481
274 481
275 481
276 481
277 481
278 481
279 481
280 481
281 481
282 481
283 481
284 481
285 481
286 481
287 481
288 481
289 481
290 481
291 481
292 481
293 481
294 481
295 481
296 481
297 481
298 481
299 481
300 481
301 481
302 481
303 481
304 481
305 481
306 481
307 481
308 481
309 481
310 481
311 481
312 481
313 481
314 481
315 481
316 481
317 481
318 481
319 481
320 481
321 481
322 481
323 481
324 481
325 481
326 481
327 481
328 481
329 481
330 481
331 481
332 481
333 481
334 481
335 481
336 481
337 481
338 481
339 481
340 481
341 481
342 481
343 481
344 481
345 481
346 481
347 481
348 481
349 481
350 481
351 481
352 481
353 481
354 481
355 481
356 481
357 481
358 481
359 481
360 481
361 481
362 481
363 481
364 481
365 481
366 481
367 481
368 481
369 481
370 481
371 481
372 481
373 481
374 481
375 481
376 481
377 481
378 481
379 481
380 481
381 481
382 481
383 481
384 481
385 481
386 481
387 481
388 481
389 481
390 481
391 481
392 481
393 481
394 481
395 481
396 481
397 481
398 481
399 481
400 481
401 481
402 481
403 481
404 481
405 481
406 481
407 481
408 481
409 481
410 481
411 481
412 481
413 481
414 481
415 481
416 481
417 481
418 481
419 481
420 481
421 481
422 481
423 481
424 481
425 481
426 481
427 481
428 481
429 481
430 481
431 481
432 481
433 481
434 481
435 481
436 481
437 481
438 481
439 481
440 481
441 481
442 481
443 481
444 481
445 481
446 481
447 481
448 481
449 481
450 481
451 481
452 481
453 481
454 481
455 481
456 481
457 481
458 481
459 481
460 481
461 481
462 481
463 481
464 481
465 481
466 481
467 481
468 481
469 481
470 481
471 481
472 481
473 481
474 481
475 481
476 481
477 481
478 481
479 481
480 481
481 482
