597
596
1 596
2 596
3 596
4 596
5 596
6 596
7 596
8 596
9 596
10 596
11 596
12 596
13 596
14 596
15 596
16 596
17 596
18 596
19 596
20 596
21 596
22 596
23 596
24 596
25 596
26 596
27 596
28 596
29 596
30 596
31 596
32 596
33 596
34 596
35 596
36 596
37 596
38 596
39 596
40 596
41 596
42 596
43 596
44 596
45 596
46 596
47 596
48 596
49 596
50 596
51 596
52 596
53 596
54 596
55 596
56 596
57 596
58 596
59 596
60 596
61 596
62 596
63 596
64 596
65 596
66 596
67 596
68 596
69 596
70 596
71 596
72 596
73 596
74 596
75 596
76 596
77 596
78 596
79 596
80 596
81 596
82 596
83 596
84 596
85 596
86 596
87 596
88 596
89 596
90 596
91 596
92 596
93 596
94 596
95 596
96 596
97 596
98 596
99 596
100 596
101 596
102 596
103 596
104 596
105 596
106 596
107 596
108 596
109 596
110 596
111 596
112 596
113 596
114 596
115 596
116 596
117 596
118 596
119 596
120 596
121 596
122 596
123 596
124 596
125 596
126 596
127 596
128 596
129 596
130 596
131 596
132 596
133 596
134 596
135 596
136 596
137 596
138 596
139 596
140 596
141 596
142 596
143 596
144 596
145 596
146 596
147 596
148 596
149 596
150 596
151 596
152 596
153 596
154 596
155 596
156 596
157 596
158 596
159 596
160 596
161 596
162 596
163 596
164 596
165 596
166 596
167 596
168 596
169 596
170 596
171 596
172 596
173 596
174 596
175 596
176 596
177 596
178 596
179 596
180 596
181 596
182 596
183 596
184 596
185 596
186 596
187 596
188 596
189 596
190 596
191 596
192 596
193 596
194 596
195 596
196 596
197 596
198 596
199 596
200 596
201 596
202 596
203 596
204 596
205 596
206 596
207 596
208 596
209 596
210 596
211 596
212 596
213 596
214 596
215 596
216 596
217 596
218 596
219 596
220 596
221 596
222 596
223 596
224 596
225 596
226 596
227 596
228 596
229 596
230 596
231 596
232 596
233 596
234 596
235 596
236 596
237 596
238 596
239 596
240 596
241 596
242 596
243 596
244 596
245 596
246 596
247 596
248 596
249 596
250 596
251 596
252 596
253 596
254 596
255 596
256 596
257 596
258 596
259 596
260 596
261 596
262 596
263 596
264 596
265 596
266 596
267 596
268 596
269 596
270 596
271 596
272 596
273 596
274 596
275 596
276 596
277 596
278 596
279 596
280 596
281 596
282 596
283 596
284 596
285 596
286 596
287 596
288 596
289 596
290 596
291 596
292 596
293 596
294 596
295 596
296 596
297 596
298 596
299 596
300 596
301 596
302 596
303 596
304 596
305 596
306 596
307 596
308 596
309 596
310 596
311 596
312 596
313 596
314 596
315 596
316 596
317 596
318 596
319 596
320 596
321 596
322 596
323 596
324 596
325 596
326 596
327 596
328 596
329 596
330 596
331 596
332 596
333 596
334 596
335 596
336 596
337 596
338 596
339 596
340 596
341 596
342 596
343 596
344 596
345 596
346 596
347 596
348 596
349 596
350 596
351 596
352 596
353 596
354 596
355 596
356 596
357 596
358 596
359 596
360 596
361 596
362 596
363 596
364 596
365 596
366 596
367 596
368 596
369 596
370 596
371 596
372 596
373 596
374 596
375 596
376 596
377 596
378 596
379 596
380 596
381 596
382 596
383 596
384 596
385 596
386 596
387 596
388 596
389 596
390 596
391 596
392 596
393 596
394 596
395 596
396 596
397 596
398 596
399 596
400 596
401 596
402 596
403 596
404 596
405 596
406 596
407 596
408 596
409 596
410 596
411 596
412 596
413 596
414 596
415 596
416 596
417 596
418 596
419 596
420 596
421 596
422 596
423 596
424 596
425 596
426 596
427 596
428 596
429 596
430 596
431 596
432 596
433 596
434 596
435 596
436 596
437 596
438 596
439 596
440 596
441 596
442 596
443 596
444 596
445 596
446 596
447 596
448 596
449 596
450 596
451 596
452 596
453 596
454 596
455 596
456 596
457 596
458 596
459 596
460 596
461 596
462 596
463 596
464 596
465 596
466 596
467 596
468 596
469 596
470 596
471 596
472 596
473 596
474 596
475 596
476 596
477 596
478 596
479 596
480 596
481 596
482 596
483 596
484 596
485 596
486 596
487 596
488 596
489 596
490 596
491 596
492 596
493 596
494 596
495 596
496 596
497 596
498 596
499 596
500 596
501 596
502 596
503 596
504 596
505 596
506 596
507 596
508 596
509 596
510 596
511 596
512 596
513 596
514 596
515 596
516 596
517 596
518 596
519 596
520 596
521 596
522 596
523 596
524 596
525 596
526 596
527 596
528 596
529 596
530 596
531 596
532 596
533 596
534 596
535 596
536 596
537 596
538 596
539 596
540 596
541 596
542 596
543 596
544 596
545 596
546 596
547 596
548 596
549 596
550 596
551 596
552 596
553 596
554 596
555 596
556 596
557 596
558 596
559 596
560 596
561 596
562 596
563 596
564 596
565 596
566 596
567 596
568 596
569 596
570 596
571 596
572 596
573 596
574 596
575 596
576 596
577 596
578 596
579 596
580 596
581 596
582 596
583 596
584 596
585 596
586 596
587 596
588 596
589 596
590 596
591 596
592 596
593 596
594 596
595 596
596 597
