498
497
1 497
2 497
3 497
4 497
5 497
6 497
7 497
8 497
9 497
10 497
11 497
12 497
13 497
14 497
15 497
16 497
17 497
18 497
19 497
20 497
21 497
22 497
23 497
24 497
25 497
26 497
27 497
28 497
29 497
30 497
31 497
32 497
33 497
34 497
35 497
36 497
37 497
38 497
39 497
40 497
41 497
42 497
43 497
44 497
45 497
46 497
47 497
48 497
49 497
50 497
51 497
52 497
53 497
54 497
55 497
56 497
57 497
58 497
59 497
60 497
61 497
62 497
63 497
64 497
65 497
66 497
67 497
68 497
69 497
70 497
71 497
72 497
73 497
74 497
75 497
76 497
77 497
78 497
79 497
80 497
81 497
82 497
83 497
84 497
85 497
86 497
87 497
88 497
89 497
90 497
91 497
92 497
93 497
94 497
95 497
96 497
97 497
98 497
99 497
100 497
101 497
102 497
103 497
104 497
105 497
106 497
107 497
108 497
109 497
110 497
111 497
112 497
113 497
114 497
115 497
116 497
117 497
118 497
119 497
120 497
121 497
122 497
123 497
124 497
125 497
126 497
127 497
128 497
129 497
130 497
131 497
132 497
133 497
134 497
135 497
136 497
137 497
138 497
139 497
140 497
141 497
142 497
143 497
144 497
145 497
146 497
147 497
148 497
149 497
150 497
151 497
152 497
153 497
154 497
155 497
156 497
157 497
158 497
159 497
160 497
161 497
162 497
163 497
164 497
165 497
166 497
167 497
168 497
169 497
170 497
171 497
172 497
173 497
174 497
175 497
176 497
177 497
178 497
179 497
180 497
181 497
182 497
183 497
184 497
185 497
186 497
187 497
188 497
189 497
190 497
191 497
192 497
193 497
194 497
195 497
196 497
197 497
198 497
199 497
200 497
201 497
202 497
203 497
204 497
205 497
206 497
207 497
208 497
209 497
210 497
211 497
212 497
213 497
214 497
215 497
216 497
217 497
218 497
219 497
220 497
221 497
222 497
223 497
224 497
225 497
226 497
227 497
228 497
229 497
230 497
231 497
232 497
233 497
234 497
235 497
236 497
237 497
238 497
239 497
240 497
241 497
242 497
243 497
244 497
245 497
246 497
247 497
248 497
249 497
250 497
251 497
252 497
253 497
254 497
255 497
256 497
257 497
258 497
259 497
260 497
261 497
262 497
263 497
264 497
265 497
266 497
267 497
268 497
269 497
270 497
271 497
272 497
273 497
274 497
275 497
276 497
277 497
278 497
279 497
280 497
281 497
282 497
283 497
284 497
285 497
286 497
287 497
288 497
289 497
290 497
291 497
292 497
293 497
294 497
295 497
296 497
297 497
298 497
299 497
300 497
301 497
302 497
303 497
304 497
305 497
306 497
307 497
308 497
309 497
310 497
311 497
312 497
313 497
314 497
315 497
316 497
317 497
318 497
319 497
320 497
321 497
322 497
323 497
324 497
325 497
326 497
327 497
328 497
329 497
330 497
331 497
332 497
333 497
334 497
335 497
336 497
337 497
338 497
339 497
340 497
341 497
342 497
343 497
344 497
345 497
346 497
347 497
348 497
349 497
350 497
351 497
352 497
353 497
354 497
355 497
356 497
357 497
358 497
359 497
360 497
361 497
362 497
363 497
364 497
365 497
366 497
367 497
368 497
369 497
370 497
371 497
372 497
373 497
374 497
375 497
376 497
377 497
378 497
379 497
380 497
381 497
382 497
383 497
384 497
385 497
386 497
387 497
388 497
389 497
390 497
391 497
392 497
393 497
394 497
395 497
396 497
397 497
398 497
399 497
400 497
401 497
402 497
403 497
404 497
405 497
406 497
407 497
408 497
409 497
410 497
411 497
412 497
413 497
414 497
415 497
416 497
417 497
418 497
419 497
420 497
421 497
422 497
423 497
424 497
425 497
426 497
427 497
428 497
429 497
430 497
431 497
432 497
433 497
434 497
435 497
436 497
437 497
438 497
439 497
440 497
441 497
442 497
443 497
444 497
445 497
446 497
447 497
448 497
449 497
450 497
451 497
452 497
453 497
454 497
455 497
456 497
457 497
458 497
459 497
460 497
461 497
462 497
463 497
464 497
465 497
466 497
467 497
468 497
469 497
470 497
471 497
472 497
473 497
474 497
475 497
476 497
477 497
478 497
479 497
480 497
481 497
482 497
483 497
484 497
485 497
486 497
487 497
488 497
489 497
490 497
491 497
492 497
493 497
494 497
495 497
496 497
497 498
