795
794
1 794
2 794
3 794
4 794
5 794
6 794
7 794
8 794
9 794
10 794
11 794
12 794
13 794
14 794
15 794
16 794
17 794
18 794
19 794
20 794
21 794
22 794
23 794
24 794
25 794
26 794
27 794
28 794
29 794
30 794
31 794
32 794
33 794
34 794
35 794
36 794
37 794
38 794
39 794
40 794
41 794
42 794
43 794
44 794
45 794
46 794
47 794
48 794
49 794
50 794
51 794
52 794
53 794
54 794
55 794
56 794
57 794
58 794
59 794
60 794
61 794
62 794
63 794
64 794
65 794
66 794
67 794
68 794
69 794
70 794
71 794
72 794
73 794
74 794
75 794
76 794
77 794
78 794
79 794
80 794
81 794
82 794
83 794
84 794
85 794
86 794
87 794
88 794
89 794
90 794
91 794
92 794
93 794
94 794
95 794
96 794
97 794
98 794
99 794
100 794
101 794
102 794
103 794
104 794
105 794
106 794
107 794
108 794
109 794
110 794
111 794
112 794
113 794
114 794
115 794
116 794
117 794
118 794
119 794
120 794
121 794
122 794
123 794
124 794
125 794
126 794
127 794
128 794
129 794
130 794
131 794
132 794
133 794
134 794
135 794
136 794
137 794
138 794
139 794
140 794
141 794
142 794
143 794
144 794
145 794
146 794
147 794
148 794
149 794
150 794
151 794
152 794
153 794
154 794
155 794
156 794
157 794
158 794
159 794
160 794
161 794
162 794
163 794
164 794
165 794
166 794
167 794
168 794
169 794
170 794
171 794
172 794
173 794
174 794
175 794
176 794
177 794
178 794
179 794
180 794
181 794
182 794
183 794
184 794
185 794
186 794
187 794
188 794
189 794
190 794
191 794
192 794
193 794
194 794
195 794
196 794
197 794
198 794
199 794
200 794
201 794
202 794
203 794
204 794
205 794
206 794
207 794
208 794
209 794
210 794
211 794
212 794
213 794
214 794
215 794
216 794
217 794
218 794
219 794
220 794
221 794
222 794
223 794
224 794
225 794
226 794
227 794
228 794
229 794
230 794
231 794
232 794
233 794
234 794
235 794
236 794
237 794
238 794
239 794
240 794
241 794
242 794
243 794
244 794
245 794
246 794
247 794
248 794
249 794
250 794
251 794
252 794
253 794
254 794
255 794
256 794
257 794
258 794
259 794
260 794
261 794
262 794
263 794
264 794
265 794
266 794
267 794
268 794
269 794
270 794
271 794
272 794
273 794
274 794
275 794
276 794
277 794
278 794
279 794
280 794
281 794
282 794
283 794
284 794
285 794
286 794
287 794
288 794
289 794
290 794
291 794
292 794
293 794
294 794
295 794
296 794
297 794
298 794
299 794
300 794
301 794
302 794
303 794
304 794
305 794
306 794
307 794
308 794
309 794
310 794
311 794
312 794
313 794
314 794
315 794
316 794
317 794
318 794
319 794
320 794
321 794
322 794
323 794
324 794
325 794
326 794
327 794
328 794
329 794
330 794
331 794
332 794
333 794
334 794
335 794
336 794
337 794
338 794
339 794
340 794
341 794
342 794
343 794
344 794
345 794
346 794
347 794
348 794
349 794
350 794
351 794
352 794
353 794
354 794
355 794
356 794
357 794
358 794
359 794
360 794
361 794
362 794
363 794
364 794
365 794
366 794
367 794
368 794
369 794
370 794
371 794
372 794
373 794
374 794
375 794
376 794
377 794
378 794
379 794
380 794
381 794
382 794
383 794
384 794
385 794
386 794
387 794
388 794
389 794
390 794
391 794
392 794
393 794
394 794
395 794
396 794
397 794
398 794
399 794
400 794
401 794
402 794
403 794
404 794
405 794
406 794
407 794
408 794
409 794
410 794
411 794
412 794
413 794
414 794
415 794
416 794
417 794
418 794
419 794
420 794
421 794
422 794
423 794
424 794
425 794
426 794
427 794
428 794
429 794
430 794
431 794
432 794
433 794
434 794
435 794
436 794
437 794
438 794
439 794
440 794
441 794
442 794
443 794
444 794
445 794
446 794
447 794
448 794
449 794
450 794
451 794
452 794
453 794
454 794
455 794
456 794
457 794
458 794
459 794
460 794
461 794
462 794
463 794
464 794
465 794
466 794
467 794
468 794
469 794
470 794
471 794
472 794
473 794
474 794
475 794
476 794
477 794
478 794
479 794
480 794
481 794
482 794
483 794
484 794
485 794
486 794
487 794
488 794
489 794
490 794
491 794
492 794
493 794
494 794
495 794
496 794
497 794
498 794
499 794
500 794
501 794
502 794
503 794
504 794
505 794
506 794
507 794
508 794
509 794
510 794
511 794
512 794
513 794
514 794
515 794
516 794
517 794
518 794
519 794
520 794
521 794
522 794
523 794
524 794
525 794
526 794
527 794
528 794
529 794
530 794
531 794
532 794
533 794
534 794
535 794
536 794
537 794
538 794
539 794
540 794
541 794
542 794
543 794
544 794
545 794
546 794
547 794
548 794
549 794
550 794
551 794
552 794
553 794
554 794
555 794
556 794
557 794
558 794
559 794
560 794
561 794
562 794
563 794
564 794
565 794
566 794
567 794
568 794
569 794
570 794
571 794
572 794
573 794
574 794
575 794
576 794
577 794
578 794
579 794
580 794
581 794
582 794
583 794
584 794
585 794
586 794
587 794
588 794
589 794
590 794
591 794
592 794
593 794
594 794
595 794
596 794
597 794
598 794
599 794
600 794
601 794
602 794
603 794
604 794
605 794
606 794
607 794
608 794
609 794
610 794
611 794
612 794
613 794
614 794
615 794
616 794
617 794
618 794
619 794
620 794
621 794
622 794
623 794
624 794
625 794
626 794
627 794
628 794
629 794
630 794
631 794
632 794
633 794
634 794
635 794
636 794
637 794
638 794
639 794
640 794
641 794
642 794
643 794
644 794
645 794
646 794
647 794
648 794
649 794
650 794
651 794
652 794
653 794
654 794
655 794
656 794
657 794
658 794
659 794
660 794
661 794
662 794
663 794
664 794
665 794
666 794
667 794
668 794
669 794
670 794
671 794
672 794
673 794
674 794
675 794
676 794
677 794
678 794
679 794
680 794
681 794
682 794
683 794
684 794
685 794
686 794
687 794
688 794
689 794
690 794
691 794
692 794
693 794
694 794
695 794
696 794
697 794
698 794
699 794
700 794
701 794
702 794
703 794
704 794
705 794
706 794
707 794
708 794
709 794
710 794
711 794
712 794
713 794
714 794
715 794
716 794
717 794
718 794
719 794
720 794
721 794
722 794
723 794
724 794
725 794
726 794
727 794
728 794
729 794
730 794
731 794
732 794
733 794
734 794
735 794
736 794
737 794
738 794
739 794
740 794
741 794
742 794
743 794
744 794
745 794
746 794
747 794
748 794
749 794
750 794
751 794
752 794
753 794
754 794
755 794
756 794
757 794
758 794
759 794
760 794
761 794
762 794
763 794
764 794
765 794
766 794
767 794
768 794
769 794
770 794
771 794
772 794
773 794
774 794
775 794
776 794
777 794
778 794
779 794
780 794
781 794
782 794
783 794
784 794
785 794
786 794
787 794
788 794
789 794
790 794
791 794
792 794
793 794
794 795
