736
735
1 735
2 735
3 735
4 735
5 735
6 735
7 735
8 735
9 735
10 735
11 735
12 735
13 735
14 735
15 735
16 735
17 735
18 735
19 735
20 735
21 735
22 735
23 735
24 735
25 735
26 735
27 735
28 735
29 735
30 735
31 735
32 735
33 735
34 735
35 735
36 735
37 735
38 735
39 735
40 735
41 735
42 735
43 735
44 735
45 735
46 735
47 735
48 735
49 735
50 735
51 735
52 735
53 735
54 735
55 735
56 735
57 735
58 735
59 735
60 735
61 735
62 735
63 735
64 735
65 735
66 735
67 735
68 735
69 735
70 735
71 735
72 735
73 735
74 735
75 735
76 735
77 735
78 735
79 735
80 735
81 735
82 735
83 735
84 735
85 735
86 735
87 735
88 735
89 735
90 735
91 735
92 735
93 735
94 735
95 735
96 735
97 735
98 735
99 735
100 735
101 735
102 735
103 735
104 735
105 735
106 735
107 735
108 735
109 735
110 735
111 735
112 735
113 735
114 735
115 735
116 735
117 735
118 735
119 735
120 735
121 735
122 735
123 735
124 735
125 735
126 735
127 735
128 735
129 735
130 735
131 735
132 735
133 735
134 735
135 735
136 735
137 735
138 735
139 735
140 735
141 735
142 735
143 735
144 735
145 735
146 735
147 735
148 735
149 735
150 735
151 735
152 735
153 735
154 735
155 735
156 735
157 735
158 735
159 735
160 735
161 735
162 735
163 735
164 735
165 735
166 735
167 735
168 735
169 735
170 735
171 735
172 735
173 735
174 735
175 735
176 735
177 735
178 735
179 735
180 735
181 735
182 735
183 735
184 735
185 735
186 735
187 735
188 735
189 735
190 735
191 735
192 735
193 735
194 735
195 735
196 735
197 735
198 735
199 735
200 735
201 735
202 735
203 735
204 735
205 735
206 735
207 735
208 735
209 735
210 735
211 735
212 735
213 735
214 735
215 735
216 735
217 735
218 735
219 735
220 735
221 735
222 735
223 735
224 735
225 735
226 735
227 735
228 735
229 735
230 735
231 735
232 735
233 735
234 735
235 735
236 735
237 735
238 735
239 735
240 735
241 735
242 735
243 735
244 735
245 735
246 735
247 735
248 735
249 735
250 735
251 735
252 735
253 735
254 735
255 735
256 735
257 735
258 735
259 735
260 735
261 735
262 735
263 735
264 735
265 735
266 735
267 735
268 735
269 735
270 735
271 735
272 735
273 735
274 735
275 735
276 735
277 735
278 735
279 735
280 735
281 735
282 735
283 735
284 735
285 735
286 735
287 735
288 735
289 735
290 735
291 735
292 735
293 735
294 735
295 735
296 735
297 735
298 735
299 735
300 735
301 735
302 735
303 735
304 735
305 735
306 735
307 735
308 735
309 735
310 735
311 735
312 735
313 735
314 735
315 735
316 735
317 735
318 735
319 735
320 735
321 735
322 735
323 735
324 735
325 735
326 735
327 735
328 735
329 735
330 735
331 735
332 735
333 735
334 735
335 735
336 735
337 735
338 735
339 735
340 735
341 735
342 735
343 735
344 735
345 735
346 735
347 735
348 735
349 735
350 735
351 735
352 735
353 735
354 735
355 735
356 735
357 735
358 735
359 735
360 735
361 735
362 735
363 735
364 735
365 735
366 735
367 735
368 735
369 735
370 735
371 735
372 735
373 735
374 735
375 735
376 735
377 735
378 735
379 735
380 735
381 735
382 735
383 735
384 735
385 735
386 735
387 735
388 735
389 735
390 735
391 735
392 735
393 735
394 735
395 735
396 735
397 735
398 735
399 735
400 735
401 735
402 735
403 735
404 735
405 735
406 735
407 735
408 735
409 735
410 735
411 735
412 735
413 735
414 735
415 735
416 735
417 735
418 735
419 735
420 735
421 735
422 735
423 735
424 735
425 735
426 735
427 735
428 735
429 735
430 735
431 735
432 735
433 735
434 735
435 735
436 735
437 735
438 735
439 735
440 735
441 735
442 735
443 735
444 735
445 735
446 735
447 735
448 735
449 735
450 735
451 735
452 735
453 735
454 735
455 735
456 735
457 735
458 735
459 735
460 735
461 735
462 735
463 735
464 735
465 735
466 735
467 735
468 735
469 735
470 735
471 735
472 735
473 735
474 735
475 735
476 735
477 735
478 735
479 735
480 735
481 735
482 735
483 735
484 735
485 735
486 735
487 735
488 735
489 735
490 735
491 735
492 735
493 735
494 735
495 735
496 735
497 735
498 735
499 735
500 735
501 735
502 735
503 735
504 735
505 735
506 735
507 735
508 735
509 735
510 735
511 735
512 735
513 735
514 735
515 735
516 735
517 735
518 735
519 735
520 735
521 735
522 735
523 735
524 735
525 735
526 735
527 735
528 735
529 735
530 735
531 735
532 735
533 735
534 735
535 735
536 735
537 735
538 735
539 735
540 735
541 735
542 735
543 735
544 735
545 735
546 735
547 735
548 735
549 735
550 735
551 735
552 735
553 735
554 735
555 735
556 735
557 735
558 735
559 735
560 735
561 735
562 735
563 735
564 735
565 735
566 735
567 735
568 735
569 735
570 735
571 735
572 735
573 735
574 735
575 735
576 735
577 735
578 735
579 735
580 735
581 735
582 735
583 735
584 735
585 735
586 735
587 735
588 735
589 735
590 735
591 735
592 735
593 735
594 735
595 735
596 735
597 735
598 735
599 735
600 735
601 735
602 735
603 735
604 735
605 735
606 735
607 735
608 735
609 735
610 735
611 735
612 735
613 735
614 735
615 735
616 735
617 735
618 735
619 735
620 735
621 735
622 735
623 735
624 735
625 735
626 735
627 735
628 735
629 735
630 735
631 735
632 735
633 735
634 735
635 735
636 735
637 735
638 735
639 735
640 735
641 735
642 735
643 735
644 735
645 735
646 735
647 735
648 735
649 735
650 735
651 735
652 735
653 735
654 735
655 735
656 735
657 735
658 735
659 735
660 735
661 735
662 735
663 735
664 735
665 735
666 735
667 735
668 735
669 735
670 735
671 735
672 735
673 735
674 735
675 735
676 735
677 735
678 735
679 735
680 735
681 735
682 735
683 735
684 735
685 735
686 735
687 735
688 735
689 735
690 735
691 735
692 735
693 735
694 735
695 735
696 735
697 735
698 735
699 735
700 735
701 735
702 735
703 735
704 735
705 735
706 735
707 735
708 735
709 735
710 735
711 735
712 735
713 735
714 735
715 735
716 735
717 735
718 735
719 735
720 735
721 735
722 735
723 735
724 735
725 735
726 735
727 735
728 735
729 735
730 735
731 735
732 735
733 735
734 735
735 736
