951
950
1 950
2 950
3 950
4 950
5 950
6 950
7 950
8 950
9 950
10 950
11 950
12 950
13 950
14 950
15 950
16 950
17 950
18 950
19 950
20 950
21 950
22 950
23 950
24 950
25 950
26 950
27 950
28 950
29 950
30 950
31 950
32 950
33 950
34 950
35 950
36 950
37 950
38 950
39 950
40 950
41 950
42 950
43 950
44 950
45 950
46 950
47 950
48 950
49 950
50 950
51 950
52 950
53 950
54 950
55 950
56 950
57 950
58 950
59 950
60 950
61 950
62 950
63 950
64 950
65 950
66 950
67 950
68 950
69 950
70 950
71 950
72 950
73 950
74 950
75 950
76 950
77 950
78 950
79 950
80 950
81 950
82 950
83 950
84 950
85 950
86 950
87 950
88 950
89 950
90 950
91 950
92 950
93 950
94 950
95 950
96 950
97 950
98 950
99 950
100 950
101 950
102 950
103 950
104 950
105 950
106 950
107 950
108 950
109 950
110 950
111 950
112 950
113 950
114 950
115 950
116 950
117 950
118 950
119 950
120 950
121 950
122 950
123 950
124 950
125 950
126 950
127 950
128 950
129 950
130 950
131 950
132 950
133 950
134 950
135 950
136 950
137 950
138 950
139 950
140 950
141 950
142 950
143 950
144 950
145 950
146 950
147 950
148 950
149 950
150 950
151 950
152 950
153 950
154 950
155 950
156 950
157 950
158 950
159 950
160 950
161 950
162 950
163 950
164 950
165 950
166 950
167 950
168 950
169 950
170 950
171 950
172 950
173 950
174 950
175 950
176 950
177 950
178 950
179 950
180 950
181 950
182 950
183 950
184 950
185 950
186 950
187 950
188 950
189 950
190 950
191 950
192 950
193 950
194 950
195 950
196 950
197 950
198 950
199 950
200 950
201 950
202 950
203 950
204 950
205 950
206 950
207 950
208 950
209 950
210 950
211 950
212 950
213 950
214 950
215 950
216 950
217 950
218 950
219 950
220 950
221 950
222 950
223 950
224 950
225 950
226 950
227 950
228 950
229 950
230 950
231 950
232 950
233 950
234 950
235 950
236 950
237 950
238 950
239 950
240 950
241 950
242 950
243 950
244 950
245 950
246 950
247 950
248 950
249 950
250 950
251 950
252 950
253 950
254 950
255 950
256 950
257 950
258 950
259 950
260 950
261 950
262 950
263 950
264 950
265 950
266 950
267 950
268 950
269 950
270 950
271 950
272 950
273 950
274 950
275 950
276 950
277 950
278 950
279 950
280 950
281 950
282 950
283 950
284 950
285 950
286 950
287 950
288 950
289 950
290 950
291 950
292 950
293 950
294 950
295 950
296 950
297 950
298 950
299 950
300 950
301 950
302 950
303 950
304 950
305 950
306 950
307 950
308 950
309 950
310 950
311 950
312 950
313 950
314 950
315 950
316 950
317 950
318 950
319 950
320 950
321 950
322 950
323 950
324 950
325 950
326 950
327 950
328 950
329 950
330 950
331 950
332 950
333 950
334 950
335 950
336 950
337 950
338 950
339 950
340 950
341 950
342 950
343 950
344 950
345 950
346 950
347 950
348 950
349 950
350 950
351 950
352 950
353 950
354 950
355 950
356 950
357 950
358 950
359 950
360 950
361 950
362 950
363 950
364 950
365 950
366 950
367 950
368 950
369 950
370 950
371 950
372 950
373 950
374 950
375 950
376 950
377 950
378 950
379 950
380 950
381 950
382 950
383 950
384 950
385 950
386 950
387 950
388 950
389 950
390 950
391 950
392 950
393 950
394 950
395 950
396 950
397 950
398 950
399 950
400 950
401 950
402 950
403 950
404 950
405 950
406 950
407 950
408 950
409 950
410 950
411 950
412 950
413 950
414 950
415 950
416 950
417 950
418 950
419 950
420 950
421 950
422 950
423 950
424 950
425 950
426 950
427 950
428 950
429 950
430 950
431 950
432 950
433 950
434 950
435 950
436 950
437 950
438 950
439 950
440 950
441 950
442 950
443 950
444 950
445 950
446 950
447 950
448 950
449 950
450 950
451 950
452 950
453 950
454 950
455 950
456 950
457 950
458 950
459 950
460 950
461 950
462 950
463 950
464 950
465 950
466 950
467 950
468 950
469 950
470 950
471 950
472 950
473 950
474 950
475 950
476 950
477 950
478 950
479 950
480 950
481 950
482 950
483 950
484 950
485 950
486 950
487 950
488 950
489 950
490 950
491 950
492 950
493 950
494 950
495 950
496 950
497 950
498 950
499 950
500 950
501 950
502 950
503 950
504 950
505 950
506 950
507 950
508 950
509 950
510 950
511 950
512 950
513 950
514 950
515 950
516 950
517 950
518 950
519 950
520 950
521 950
522 950
523 950
524 950
525 950
526 950
527 950
528 950
529 950
530 950
531 950
532 950
533 950
534 950
535 950
536 950
537 950
538 950
539 950
540 950
541 950
542 950
543 950
544 950
545 950
546 950
547 950
548 950
549 950
550 950
551 950
552 950
553 950
554 950
555 950
556 950
557 950
558 950
559 950
560 950
561 950
562 950
563 950
564 950
565 950
566 950
567 950
568 950
569 950
570 950
571 950
572 950
573 950
574 950
575 950
576 950
577 950
578 950
579 950
580 950
581 950
582 950
583 950
584 950
585 950
586 950
587 950
588 950
589 950
590 950
591 950
592 950
593 950
594 950
595 950
596 950
597 950
598 950
599 950
600 950
601 950
602 950
603 950
604 950
605 950
606 950
607 950
608 950
609 950
610 950
611 950
612 950
613 950
614 950
615 950
616 950
617 950
618 950
619 950
620 950
621 950
622 950
623 950
624 950
625 950
626 950
627 950
628 950
629 950
630 950
631 950
632 950
633 950
634 950
635 950
636 950
637 950
638 950
639 950
640 950
641 950
642 950
643 950
644 950
645 950
646 950
647 950
648 950
649 950
650 950
651 950
652 950
653 950
654 950
655 950
656 950
657 950
658 950
659 950
660 950
661 950
662 950
663 950
664 950
665 950
666 950
667 950
668 950
669 950
670 950
671 950
672 950
673 950
674 950
675 950
676 950
677 950
678 950
679 950
680 950
681 950
682 950
683 950
684 950
685 950
686 950
687 950
688 950
689 950
690 950
691 950
692 950
693 950
694 950
695 950
696 950
697 950
698 950
699 950
700 950
701 950
702 950
703 950
704 950
705 950
706 950
707 950
708 950
709 950
710 950
711 950
712 950
713 950
714 950
715 950
716 950
717 950
718 950
719 950
720 950
721 950
722 950
723 950
724 950
725 950
726 950
727 950
728 950
729 950
730 950
731 950
732 950
733 950
734 950
735 950
736 950
737 950
738 950
739 950
740 950
741 950
742 950
743 950
744 950
745 950
746 950
747 950
748 950
749 950
750 950
751 950
752 950
753 950
754 950
755 950
756 950
757 950
758 950
759 950
760 950
761 950
762 950
763 950
764 950
765 950
766 950
767 950
768 950
769 950
770 950
771 950
772 950
773 950
774 950
775 950
776 950
777 950
778 950
779 950
780 950
781 950
782 950
783 950
784 950
785 950
786 950
787 950
788 950
789 950
790 950
791 950
792 950
793 950
794 950
795 950
796 950
797 950
798 950
799 950
800 950
801 950
802 950
803 950
804 950
805 950
806 950
807 950
808 950
809 950
810 950
811 950
812 950
813 950
814 950
815 950
816 950
817 950
818 950
819 950
820 950
821 950
822 950
823 950
824 950
825 950
826 950
827 950
828 950
829 950
830 950
831 950
832 950
833 950
834 950
835 950
836 950
837 950
838 950
839 950
840 950
841 950
842 950
843 950
844 950
845 950
846 950
847 950
848 950
849 950
850 950
851 950
852 950
853 950
854 950
855 950
856 950
857 950
858 950
859 950
860 950
861 950
862 950
863 950
864 950
865 950
866 950
867 950
868 950
869 950
870 950
871 950
872 950
873 950
874 950
875 950
876 950
877 950
878 950
879 950
880 950
881 950
882 950
883 950
884 950
885 950
886 950
887 950
888 950
889 950
890 950
891 950
892 950
893 950
894 950
895 950
896 950
897 950
898 950
899 950
900 950
901 950
902 950
903 950
904 950
905 950
906 950
907 950
908 950
909 950
910 950
911 950
912 950
913 950
914 950
915 950
916 950
917 950
918 950
919 950
920 950
921 950
922 950
923 950
924 950
925 950
926 950
927 950
928 950
929 950
930 950
931 950
932 950
933 950
934 950
935 950
936 950
937 950
938 950
939 950
940 950
941 950
942 950
943 950
944 950
945 950
946 950
947 950
948 950
949 950
950 951
