898
897
1 897
2 897
3 897
4 897
5 897
6 897
7 897
8 897
9 897
10 897
11 897
12 897
13 897
14 897
15 897
16 897
17 897
18 897
19 897
20 897
21 897
22 897
23 897
24 897
25 897
26 897
27 897
28 897
29 897
30 897
31 897
32 897
33 897
34 897
35 897
36 897
37 897
38 897
39 897
40 897
41 897
42 897
43 897
44 897
45 897
46 897
47 897
48 897
49 897
50 897
51 897
52 897
53 897
54 897
55 897
56 897
57 897
58 897
59 897
60 897
61 897
62 897
63 897
64 897
65 897
66 897
67 897
68 897
69 897
70 897
71 897
72 897
73 897
74 897
75 897
76 897
77 897
78 897
79 897
80 897
81 897
82 897
83 897
84 897
85 897
86 897
87 897
88 897
89 897
90 897
91 897
92 897
93 897
94 897
95 897
96 897
97 897
98 897
99 897
100 897
101 897
102 897
103 897
104 897
105 897
106 897
107 897
108 897
109 897
110 897
111 897
112 897
113 897
114 897
115 897
116 897
117 897
118 897
119 897
120 897
121 897
122 897
123 897
124 897
125 897
126 897
127 897
128 897
129 897
130 897
131 897
132 897
133 897
134 897
135 897
136 897
137 897
138 897
139 897
140 897
141 897
142 897
143 897
144 897
145 897
146 897
147 897
148 897
149 897
150 897
151 897
152 897
153 897
154 897
155 897
156 897
157 897
158 897
159 897
160 897
161 897
162 897
163 897
164 897
165 897
166 897
167 897
168 897
169 897
170 897
171 897
172 897
173 897
174 897
175 897
176 897
177 897
178 897
179 897
180 897
181 897
182 897
183 897
184 897
185 897
186 897
187 897
188 897
189 897
190 897
191 897
192 897
193 897
194 897
195 897
196 897
197 897
198 897
199 897
200 897
201 897
202 897
203 897
204 897
205 897
206 897
207 897
208 897
209 897
210 897
211 897
212 897
213 897
214 897
215 897
216 897
217 897
218 897
219 897
220 897
221 897
222 897
223 897
224 897
225 897
226 897
227 897
228 897
229 897
230 897
231 897
232 897
233 897
234 897
235 897
236 897
237 897
238 897
239 897
240 897
241 897
242 897
243 897
244 897
245 897
246 897
247 897
248 897
249 897
250 897
251 897
252 897
253 897
254 897
255 897
256 897
257 897
258 897
259 897
260 897
261 897
262 897
263 897
264 897
265 897
266 897
267 897
268 897
269 897
270 897
271 897
272 897
273 897
274 897
275 897
276 897
277 897
278 897
279 897
280 897
281 897
282 897
283 897
284 897
285 897
286 897
287 897
288 897
289 897
290 897
291 897
292 897
293 897
294 897
295 897
296 897
297 897
298 897
299 897
300 897
301 897
302 897
303 897
304 897
305 897
306 897
307 897
308 897
309 897
310 897
311 897
312 897
313 897
314 897
315 897
316 897
317 897
318 897
319 897
320 897
321 897
322 897
323 897
324 897
325 897
326 897
327 897
328 897
329 897
330 897
331 897
332 897
333 897
334 897
335 897
336 897
337 897
338 897
339 897
340 897
341 897
342 897
343 897
344 897
345 897
346 897
347 897
348 897
349 897
350 897
351 897
352 897
353 897
354 897
355 897
356 897
357 897
358 897
359 897
360 897
361 897
362 897
363 897
364 897
365 897
366 897
367 897
368 897
369 897
370 897
371 897
372 897
373 897
374 897
375 897
376 897
377 897
378 897
379 897
380 897
381 897
382 897
383 897
384 897
385 897
386 897
387 897
388 897
389 897
390 897
391 897
392 897
393 897
394 897
395 897
396 897
397 897
398 897
399 897
400 897
401 897
402 897
403 897
404 897
405 897
406 897
407 897
408 897
409 897
410 897
411 897
412 897
413 897
414 897
415 897
416 897
417 897
418 897
419 897
420 897
421 897
422 897
423 897
424 897
425 897
426 897
427 897
428 897
429 897
430 897
431 897
432 897
433 897
434 897
435 897
436 897
437 897
438 897
439 897
440 897
441 897
442 897
443 897
444 897
445 897
446 897
447 897
448 897
449 897
450 897
451 897
452 897
453 897
454 897
455 897
456 897
457 897
458 897
459 897
460 897
461 897
462 897
463 897
464 897
465 897
466 897
467 897
468 897
469 897
470 897
471 897
472 897
473 897
474 897
475 897
476 897
477 897
478 897
479 897
480 897
481 897
482 897
483 897
484 897
485 897
486 897
487 897
488 897
489 897
490 897
491 897
492 897
493 897
494 897
495 897
496 897
497 897
498 897
499 897
500 897
501 897
502 897
503 897
504 897
505 897
506 897
507 897
508 897
509 897
510 897
511 897
512 897
513 897
514 897
515 897
516 897
517 897
518 897
519 897
520 897
521 897
522 897
523 897
524 897
525 897
526 897
527 897
528 897
529 897
530 897
531 897
532 897
533 897
534 897
535 897
536 897
537 897
538 897
539 897
540 897
541 897
542 897
543 897
544 897
545 897
546 897
547 897
548 897
549 897
550 897
551 897
552 897
553 897
554 897
555 897
556 897
557 897
558 897
559 897
560 897
561 897
562 897
563 897
564 897
565 897
566 897
567 897
568 897
569 897
570 897
571 897
572 897
573 897
574 897
575 897
576 897
577 897
578 897
579 897
580 897
581 897
582 897
583 897
584 897
585 897
586 897
587 897
588 897
589 897
590 897
591 897
592 897
593 897
594 897
595 897
596 897
597 897
598 897
599 897
600 897
601 897
602 897
603 897
604 897
605 897
606 897
607 897
608 897
609 897
610 897
611 897
612 897
613 897
614 897
615 897
616 897
617 897
618 897
619 897
620 897
621 897
622 897
623 897
624 897
625 897
626 897
627 897
628 897
629 897
630 897
631 897
632 897
633 897
634 897
635 897
636 897
637 897
638 897
639 897
640 897
641 897
642 897
643 897
644 897
645 897
646 897
647 897
648 897
649 897
650 897
651 897
652 897
653 897
654 897
655 897
656 897
657 897
658 897
659 897
660 897
661 897
662 897
663 897
664 897
665 897
666 897
667 897
668 897
669 897
670 897
671 897
672 897
673 897
674 897
675 897
676 897
677 897
678 897
679 897
680 897
681 897
682 897
683 897
684 897
685 897
686 897
687 897
688 897
689 897
690 897
691 897
692 897
693 897
694 897
695 897
696 897
697 897
698 897
699 897
700 897
701 897
702 897
703 897
704 897
705 897
706 897
707 897
708 897
709 897
710 897
711 897
712 897
713 897
714 897
715 897
716 897
717 897
718 897
719 897
720 897
721 897
722 897
723 897
724 897
725 897
726 897
727 897
728 897
729 897
730 897
731 897
732 897
733 897
734 897
735 897
736 897
737 897
738 897
739 897
740 897
741 897
742 897
743 897
744 897
745 897
746 897
747 897
748 897
749 897
750 897
751 897
752 897
753 897
754 897
755 897
756 897
757 897
758 897
759 897
760 897
761 897
762 897
763 897
764 897
765 897
766 897
767 897
768 897
769 897
770 897
771 897
772 897
773 897
774 897
775 897
776 897
777 897
778 897
779 897
780 897
781 897
782 897
783 897
784 897
785 897
786 897
787 897
788 897
789 897
790 897
791 897
792 897
793 897
794 897
795 897
796 897
797 897
798 897
799 897
800 897
801 897
802 897
803 897
804 897
805 897
806 897
807 897
808 897
809 897
810 897
811 897
812 897
813 897
814 897
815 897
816 897
817 897
818 897
819 897
820 897
821 897
822 897
823 897
824 897
825 897
826 897
827 897
828 897
829 897
830 897
831 897
832 897
833 897
834 897
835 897
836 897
837 897
838 897
839 897
840 897
841 897
842 897
843 897
844 897
845 897
846 897
847 897
848 897
849 897
850 897
851 897
852 897
853 897
854 897
855 897
856 897
857 897
858 897
859 897
860 897
861 897
862 897
863 897
864 897
865 897
866 897
867 897
868 897
869 897
870 897
871 897
872 897
873 897
874 897
875 897
876 897
877 897
878 897
879 897
880 897
881 897
882 897
883 897
884 897
885 897
886 897
887 897
888 897
889 897
890 897
891 897
892 897
893 897
894 897
895 897
896 897
897 898
