743
742
1 742
2 742
3 742
4 742
5 742
6 742
7 742
8 742
9 742
10 742
11 742
12 742
13 742
14 742
15 742
16 742
17 742
18 742
19 742
20 742
21 742
22 742
23 742
24 742
25 742
26 742
27 742
28 742
29 742
30 742
31 742
32 742
33 742
34 742
35 742
36 742
37 742
38 742
39 742
40 742
41 742
42 742
43 742
44 742
45 742
46 742
47 742
48 742
49 742
50 742
51 742
52 742
53 742
54 742
55 742
56 742
57 742
58 742
59 742
60 742
61 742
62 742
63 742
64 742
65 742
66 742
67 742
68 742
69 742
70 742
71 742
72 742
73 742
74 742
75 742
76 742
77 742
78 742
79 742
80 742
81 742
82 742
83 742
84 742
85 742
86 742
87 742
88 742
89 742
90 742
91 742
92 742
93 742
94 742
95 742
96 742
97 742
98 742
99 742
100 742
101 742
102 742
103 742
104 742
105 742
106 742
107 742
108 742
109 742
110 742
111 742
112 742
113 742
114 742
115 742
116 742
117 742
118 742
119 742
120 742
121 742
122 742
123 742
124 742
125 742
126 742
127 742
128 742
129 742
130 742
131 742
132 742
133 742
134 742
135 742
136 742
137 742
138 742
139 742
140 742
141 742
142 742
143 742
144 742
145 742
146 742
147 742
148 742
149 742
150 742
151 742
152 742
153 742
154 742
155 742
156 742
157 742
158 742
159 742
160 742
161 742
162 742
163 742
164 742
165 742
166 742
167 742
168 742
169 742
170 742
171 742
172 742
173 742
174 742
175 742
176 742
177 742
178 742
179 742
180 742
181 742
182 742
183 742
184 742
185 742
186 742
187 742
188 742
189 742
190 742
191 742
192 742
193 742
194 742
195 742
196 742
197 742
198 742
199 742
200 742
201 742
202 742
203 742
204 742
205 742
206 742
207 742
208 742
209 742
210 742
211 742
212 742
213 742
214 742
215 742
216 742
217 742
218 742
219 742
220 742
221 742
222 742
223 742
224 742
225 742
226 742
227 742
228 742
229 742
230 742
231 742
232 742
233 742
234 742
235 742
236 742
237 742
238 742
239 742
240 742
241 742
242 742
243 742
244 742
245 742
246 742
247 742
248 742
249 742
250 742
251 742
252 742
253 742
254 742
255 742
256 742
257 742
258 742
259 742
260 742
261 742
262 742
263 742
264 742
265 742
266 742
267 742
268 742
269 742
270 742
271 742
272 742
273 742
274 742
275 742
276 742
277 742
278 742
279 742
280 742
281 742
282 742
283 742
284 742
285 742
286 742
287 742
288 742
289 742
290 742
291 742
292 742
293 742
294 742
295 742
296 742
297 742
298 742
299 742
300 742
301 742
302 742
303 742
304 742
305 742
306 742
307 742
308 742
309 742
310 742
311 742
312 742
313 742
314 742
315 742
316 742
317 742
318 742
319 742
320 742
321 742
322 742
323 742
324 742
325 742
326 742
327 742
328 742
329 742
330 742
331 742
332 742
333 742
334 742
335 742
336 742
337 742
338 742
339 742
340 742
341 742
342 742
343 742
344 742
345 742
346 742
347 742
348 742
349 742
350 742
351 742
352 742
353 742
354 742
355 742
356 742
357 742
358 742
359 742
360 742
361 742
362 742
363 742
364 742
365 742
366 742
367 742
368 742
369 742
370 742
371 742
372 742
373 742
374 742
375 742
376 742
377 742
378 742
379 742
380 742
381 742
382 742
383 742
384 742
385 742
386 742
387 742
388 742
389 742
390 742
391 742
392 742
393 742
394 742
395 742
396 742
397 742
398 742
399 742
400 742
401 742
402 742
403 742
404 742
405 742
406 742
407 742
408 742
409 742
410 742
411 742
412 742
413 742
414 742
415 742
416 742
417 742
418 742
419 742
420 742
421 742
422 742
423 742
424 742
425 742
426 742
427 742
428 742
429 742
430 742
431 742
432 742
433 742
434 742
435 742
436 742
437 742
438 742
439 742
440 742
441 742
442 742
443 742
444 742
445 742
446 742
447 742
448 742
449 742
450 742
451 742
452 742
453 742
454 742
455 742
456 742
457 742
458 742
459 742
460 742
461 742
462 742
463 742
464 742
465 742
466 742
467 742
468 742
469 742
470 742
471 742
472 742
473 742
474 742
475 742
476 742
477 742
478 742
479 742
480 742
481 742
482 742
483 742
484 742
485 742
486 742
487 742
488 742
489 742
490 742
491 742
492 742
493 742
494 742
495 742
496 742
497 742
498 742
499 742
500 742
501 742
502 742
503 742
504 742
505 742
506 742
507 742
508 742
509 742
510 742
511 742
512 742
513 742
514 742
515 742
516 742
517 742
518 742
519 742
520 742
521 742
522 742
523 742
524 742
525 742
526 742
527 742
528 742
529 742
530 742
531 742
532 742
533 742
534 742
535 742
536 742
537 742
538 742
539 742
540 742
541 742
542 742
543 742
544 742
545 742
546 742
547 742
548 742
549 742
550 742
551 742
552 742
553 742
554 742
555 742
556 742
557 742
558 742
559 742
560 742
561 742
562 742
563 742
564 742
565 742
566 742
567 742
568 742
569 742
570 742
571 742
572 742
573 742
574 742
575 742
576 742
577 742
578 742
579 742
580 742
581 742
582 742
583 742
584 742
585 742
586 742
587 742
588 742
589 742
590 742
591 742
592 742
593 742
594 742
595 742
596 742
597 742
598 742
599 742
600 742
601 742
602 742
603 742
604 742
605 742
606 742
607 742
608 742
609 742
610 742
611 742
612 742
613 742
614 742
615 742
616 742
617 742
618 742
619 742
620 742
621 742
622 742
623 742
624 742
625 742
626 742
627 742
628 742
629 742
630 742
631 742
632 742
633 742
634 742
635 742
636 742
637 742
638 742
639 742
640 742
641 742
642 742
643 742
644 742
645 742
646 742
647 742
648 742
649 742
650 742
651 742
652 742
653 742
654 742
655 742
656 742
657 742
658 742
659 742
660 742
661 742
662 742
663 742
664 742
665 742
666 742
667 742
668 742
669 742
670 742
671 742
672 742
673 742
674 742
675 742
676 742
677 742
678 742
679 742
680 742
681 742
682 742
683 742
684 742
685 742
686 742
687 742
688 742
689 742
690 742
691 742
692 742
693 742
694 742
695 742
696 742
697 742
698 742
699 742
700 742
701 742
702 742
703 742
704 742
705 742
706 742
707 742
708 742
709 742
710 742
711 742
712 742
713 742
714 742
715 742
716 742
717 742
718 742
719 742
720 742
721 742
722 742
723 742
724 742
725 742
726 742
727 742
728 742
729 742
730 742
731 742
732 742
733 742
734 742
735 742
736 742
737 742
738 742
739 742
740 742
741 742
742 743
