832
831
1 831
2 831
3 831
4 831
5 831
6 831
7 831
8 831
9 831
10 831
11 831
12 831
13 831
14 831
15 831
16 831
17 831
18 831
19 831
20 831
21 831
22 831
23 831
24 831
25 831
26 831
27 831
28 831
29 831
30 831
31 831
32 831
33 831
34 831
35 831
36 831
37 831
38 831
39 831
40 831
41 831
42 831
43 831
44 831
45 831
46 831
47 831
48 831
49 831
50 831
51 831
52 831
53 831
54 831
55 831
56 831
57 831
58 831
59 831
60 831
61 831
62 831
63 831
64 831
65 831
66 831
67 831
68 831
69 831
70 831
71 831
72 831
73 831
74 831
75 831
76 831
77 831
78 831
79 831
80 831
81 831
82 831
83 831
84 831
85 831
86 831
87 831
88 831
89 831
90 831
91 831
92 831
93 831
94 831
95 831
96 831
97 831
98 831
99 831
100 831
101 831
102 831
103 831
104 831
105 831
106 831
107 831
108 831
109 831
110 831
111 831
112 831
113 831
114 831
115 831
116 831
117 831
118 831
119 831
120 831
121 831
122 831
123 831
124 831
125 831
126 831
127 831
128 831
129 831
130 831
131 831
132 831
133 831
134 831
135 831
136 831
137 831
138 831
139 831
140 831
141 831
142 831
143 831
144 831
145 831
146 831
147 831
148 831
149 831
150 831
151 831
152 831
153 831
154 831
155 831
156 831
157 831
158 831
159 831
160 831
161 831
162 831
163 831
164 831
165 831
166 831
167 831
168 831
169 831
170 831
171 831
172 831
173 831
174 831
175 831
176 831
177 831
178 831
179 831
180 831
181 831
182 831
183 831
184 831
185 831
186 831
187 831
188 831
189 831
190 831
191 831
192 831
193 831
194 831
195 831
196 831
197 831
198 831
199 831
200 831
201 831
202 831
203 831
204 831
205 831
206 831
207 831
208 831
209 831
210 831
211 831
212 831
213 831
214 831
215 831
216 831
217 831
218 831
219 831
220 831
221 831
222 831
223 831
224 831
225 831
226 831
227 831
228 831
229 831
230 831
231 831
232 831
233 831
234 831
235 831
236 831
237 831
238 831
239 831
240 831
241 831
242 831
243 831
244 831
245 831
246 831
247 831
248 831
249 831
250 831
251 831
252 831
253 831
254 831
255 831
256 831
257 831
258 831
259 831
260 831
261 831
262 831
263 831
264 831
265 831
266 831
267 831
268 831
269 831
270 831
271 831
272 831
273 831
274 831
275 831
276 831
277 831
278 831
279 831
280 831
281 831
282 831
283 831
284 831
285 831
286 831
287 831
288 831
289 831
290 831
291 831
292 831
293 831
294 831
295 831
296 831
297 831
298 831
299 831
300 831
301 831
302 831
303 831
304 831
305 831
306 831
307 831
308 831
309 831
310 831
311 831
312 831
313 831
314 831
315 831
316 831
317 831
318 831
319 831
320 831
321 831
322 831
323 831
324 831
325 831
326 831
327 831
328 831
329 831
330 831
331 831
332 831
333 831
334 831
335 831
336 831
337 831
338 831
339 831
340 831
341 831
342 831
343 831
344 831
345 831
346 831
347 831
348 831
349 831
350 831
351 831
352 831
353 831
354 831
355 831
356 831
357 831
358 831
359 831
360 831
361 831
362 831
363 831
364 831
365 831
366 831
367 831
368 831
369 831
370 831
371 831
372 831
373 831
374 831
375 831
376 831
377 831
378 831
379 831
380 831
381 831
382 831
383 831
384 831
385 831
386 831
387 831
388 831
389 831
390 831
391 831
392 831
393 831
394 831
395 831
396 831
397 831
398 831
399 831
400 831
401 831
402 831
403 831
404 831
405 831
406 831
407 831
408 831
409 831
410 831
411 831
412 831
413 831
414 831
415 831
416 831
417 831
418 831
419 831
420 831
421 831
422 831
423 831
424 831
425 831
426 831
427 831
428 831
429 831
430 831
431 831
432 831
433 831
434 831
435 831
436 831
437 831
438 831
439 831
440 831
441 831
442 831
443 831
444 831
445 831
446 831
447 831
448 831
449 831
450 831
451 831
452 831
453 831
454 831
455 831
456 831
457 831
458 831
459 831
460 831
461 831
462 831
463 831
464 831
465 831
466 831
467 831
468 831
469 831
470 831
471 831
472 831
473 831
474 831
475 831
476 831
477 831
478 831
479 831
480 831
481 831
482 831
483 831
484 831
485 831
486 831
487 831
488 831
489 831
490 831
491 831
492 831
493 831
494 831
495 831
496 831
497 831
498 831
499 831
500 831
501 831
502 831
503 831
504 831
505 831
506 831
507 831
508 831
509 831
510 831
511 831
512 831
513 831
514 831
515 831
516 831
517 831
518 831
519 831
520 831
521 831
522 831
523 831
524 831
525 831
526 831
527 831
528 831
529 831
530 831
531 831
532 831
533 831
534 831
535 831
536 831
537 831
538 831
539 831
540 831
541 831
542 831
543 831
544 831
545 831
546 831
547 831
548 831
549 831
550 831
551 831
552 831
553 831
554 831
555 831
556 831
557 831
558 831
559 831
560 831
561 831
562 831
563 831
564 831
565 831
566 831
567 831
568 831
569 831
570 831
571 831
572 831
573 831
574 831
575 831
576 831
577 831
578 831
579 831
580 831
581 831
582 831
583 831
584 831
585 831
586 831
587 831
588 831
589 831
590 831
591 831
592 831
593 831
594 831
595 831
596 831
597 831
598 831
599 831
600 831
601 831
602 831
603 831
604 831
605 831
606 831
607 831
608 831
609 831
610 831
611 831
612 831
613 831
614 831
615 831
616 831
617 831
618 831
619 831
620 831
621 831
622 831
623 831
624 831
625 831
626 831
627 831
628 831
629 831
630 831
631 831
632 831
633 831
634 831
635 831
636 831
637 831
638 831
639 831
640 831
641 831
642 831
643 831
644 831
645 831
646 831
647 831
648 831
649 831
650 831
651 831
652 831
653 831
654 831
655 831
656 831
657 831
658 831
659 831
660 831
661 831
662 831
663 831
664 831
665 831
666 831
667 831
668 831
669 831
670 831
671 831
672 831
673 831
674 831
675 831
676 831
677 831
678 831
679 831
680 831
681 831
682 831
683 831
684 831
685 831
686 831
687 831
688 831
689 831
690 831
691 831
692 831
693 831
694 831
695 831
696 831
697 831
698 831
699 831
700 831
701 831
702 831
703 831
704 831
705 831
706 831
707 831
708 831
709 831
710 831
711 831
712 831
713 831
714 831
715 831
716 831
717 831
718 831
719 831
720 831
721 831
722 831
723 831
724 831
725 831
726 831
727 831
728 831
729 831
730 831
731 831
732 831
733 831
734 831
735 831
736 831
737 831
738 831
739 831
740 831
741 831
742 831
743 831
744 831
745 831
746 831
747 831
748 831
749 831
750 831
751 831
752 831
753 831
754 831
755 831
756 831
757 831
758 831
759 831
760 831
761 831
762 831
763 831
764 831
765 831
766 831
767 831
768 831
769 831
770 831
771 831
772 831
773 831
774 831
775 831
776 831
777 831
778 831
779 831
780 831
781 831
782 831
783 831
784 831
785 831
786 831
787 831
788 831
789 831
790 831
791 831
792 831
793 831
794 831
795 831
796 831
797 831
798 831
799 831
800 831
801 831
802 831
803 831
804 831
805 831
806 831
807 831
808 831
809 831
810 831
811 831
812 831
813 831
814 831
815 831
816 831
817 831
818 831
819 831
820 831
821 831
822 831
823 831
824 831
825 831
826 831
827 831
828 831
829 831
830 831
831 832
