543
542
1 542
2 542
3 542
4 542
5 542
6 542
7 542
8 542
9 542
10 542
11 542
12 542
13 542
14 542
15 542
16 542
17 542
18 542
19 542
20 542
21 542
22 542
23 542
24 542
25 542
26 542
27 542
28 542
29 542
30 542
31 542
32 542
33 542
34 542
35 542
36 542
37 542
38 542
39 542
40 542
41 542
42 542
43 542
44 542
45 542
46 542
47 542
48 542
49 542
50 542
51 542
52 542
53 542
54 542
55 542
56 542
57 542
58 542
59 542
60 542
61 542
62 542
63 542
64 542
65 542
66 542
67 542
68 542
69 542
70 542
71 542
72 542
73 542
74 542
75 542
76 542
77 542
78 542
79 542
80 542
81 542
82 542
83 542
84 542
85 542
86 542
87 542
88 542
89 542
90 542
91 542
92 542
93 542
94 542
95 542
96 542
97 542
98 542
99 542
100 542
101 542
102 542
103 542
104 542
105 542
106 542
107 542
108 542
109 542
110 542
111 542
112 542
113 542
114 542
115 542
116 542
117 542
118 542
119 542
120 542
121 542
122 542
123 542
124 542
125 542
126 542
127 542
128 542
129 542
130 542
131 542
132 542
133 542
134 542
135 542
136 542
137 542
138 542
139 542
140 542
141 542
142 542
143 542
144 542
145 542
146 542
147 542
148 542
149 542
150 542
151 542
152 542
153 542
154 542
155 542
156 542
157 542
158 542
159 542
160 542
161 542
162 542
163 542
164 542
165 542
166 542
167 542
168 542
169 542
170 542
171 542
172 542
173 542
174 542
175 542
176 542
177 542
178 542
179 542
180 542
181 542
182 542
183 542
184 542
185 542
186 542
187 542
188 542
189 542
190 542
191 542
192 542
193 542
194 542
195 542
196 542
197 542
198 542
199 542
200 542
201 542
202 542
203 542
204 542
205 542
206 542
207 542
208 542
209 542
210 542
211 542
212 542
213 542
214 542
215 542
216 542
217 542
218 542
219 542
220 542
221 542
222 542
223 542
224 542
225 542
226 542
227 542
228 542
229 542
230 542
231 542
232 542
233 542
234 542
235 542
236 542
237 542
238 542
239 542
240 542
241 542
242 542
243 542
244 542
245 542
246 542
247 542
248 542
249 542
250 542
251 542
252 542
253 542
254 542
255 542
256 542
257 542
258 542
259 542
260 542
261 542
262 542
263 542
264 542
265 542
266 542
267 542
268 542
269 542
270 542
271 542
272 542
273 542
274 542
275 542
276 542
277 542
278 542
279 542
280 542
281 542
282 542
283 542
284 542
285 542
286 542
287 542
288 542
289 542
290 542
291 542
292 542
293 542
294 542
295 542
296 542
297 542
298 542
299 542
300 542
301 542
302 542
303 542
304 542
305 542
306 542
307 542
308 542
309 542
310 542
311 542
312 542
313 542
314 542
315 542
316 542
317 542
318 542
319 542
320 542
321 542
322 542
323 542
324 542
325 542
326 542
327 542
328 542
329 542
330 542
331 542
332 542
333 542
334 542
335 542
336 542
337 542
338 542
339 542
340 542
341 542
342 542
343 542
344 542
345 542
346 542
347 542
348 542
349 542
350 542
351 542
352 542
353 542
354 542
355 542
356 542
357 542
358 542
359 542
360 542
361 542
362 542
363 542
364 542
365 542
366 542
367 542
368 542
369 542
370 542
371 542
372 542
373 542
374 542
375 542
376 542
377 542
378 542
379 542
380 542
381 542
382 542
383 542
384 542
385 542
386 542
387 542
388 542
389 542
390 542
391 542
392 542
393 542
394 542
395 542
396 542
397 542
398 542
399 542
400 542
401 542
402 542
403 542
404 542
405 542
406 542
407 542
408 542
409 542
410 542
411 542
412 542
413 542
414 542
415 542
416 542
417 542
418 542
419 542
420 542
421 542
422 542
423 542
424 542
425 542
426 542
427 542
428 542
429 542
430 542
431 542
432 542
433 542
434 542
435 542
436 542
437 542
438 542
439 542
440 542
441 542
442 542
443 542
444 542
445 542
446 542
447 542
448 542
449 542
450 542
451 542
452 542
453 542
454 542
455 542
456 542
457 542
458 542
459 542
460 542
461 542
462 542
463 542
464 542
465 542
466 542
467 542
468 542
469 542
470 542
471 542
472 542
473 542
474 542
475 542
476 542
477 542
478 542
479 542
480 542
481 542
482 542
483 542
484 542
485 542
486 542
487 542
488 542
489 542
490 542
491 542
492 542
493 542
494 542
495 542
496 542
497 542
498 542
499 542
500 542
501 542
502 542
503 542
504 542
505 542
506 542
507 542
508 542
509 542
510 542
511 542
512 542
513 542
514 542
515 542
516 542
517 542
518 542
519 542
520 542
521 542
522 542
523 542
524 542
525 542
526 542
527 542
528 542
529 542
530 542
531 542
532 542
533 542
534 542
535 542
536 542
537 542
538 542
539 542
540 542
541 542
542 543
