810
809
1 809
2 809
3 809
4 809
5 809
6 809
7 809
8 809
9 809
10 809
11 809
12 809
13 809
14 809
15 809
16 809
17 809
18 809
19 809
20 809
21 809
22 809
23 809
24 809
25 809
26 809
27 809
28 809
29 809
30 809
31 809
32 809
33 809
34 809
35 809
36 809
37 809
38 809
39 809
40 809
41 809
42 809
43 809
44 809
45 809
46 809
47 809
48 809
49 809
50 809
51 809
52 809
53 809
54 809
55 809
56 809
57 809
58 809
59 809
60 809
61 809
62 809
63 809
64 809
65 809
66 809
67 809
68 809
69 809
70 809
71 809
72 809
73 809
74 809
75 809
76 809
77 809
78 809
79 809
80 809
81 809
82 809
83 809
84 809
85 809
86 809
87 809
88 809
89 809
90 809
91 809
92 809
93 809
94 809
95 809
96 809
97 809
98 809
99 809
100 809
101 809
102 809
103 809
104 809
105 809
106 809
107 809
108 809
109 809
110 809
111 809
112 809
113 809
114 809
115 809
116 809
117 809
118 809
119 809
120 809
121 809
122 809
123 809
124 809
125 809
126 809
127 809
128 809
129 809
130 809
131 809
132 809
133 809
134 809
135 809
136 809
137 809
138 809
139 809
140 809
141 809
142 809
143 809
144 809
145 809
146 809
147 809
148 809
149 809
150 809
151 809
152 809
153 809
154 809
155 809
156 809
157 809
158 809
159 809
160 809
161 809
162 809
163 809
164 809
165 809
166 809
167 809
168 809
169 809
170 809
171 809
172 809
173 809
174 809
175 809
176 809
177 809
178 809
179 809
180 809
181 809
182 809
183 809
184 809
185 809
186 809
187 809
188 809
189 809
190 809
191 809
192 809
193 809
194 809
195 809
196 809
197 809
198 809
199 809
200 809
201 809
202 809
203 809
204 809
205 809
206 809
207 809
208 809
209 809
210 809
211 809
212 809
213 809
214 809
215 809
216 809
217 809
218 809
219 809
220 809
221 809
222 809
223 809
224 809
225 809
226 809
227 809
228 809
229 809
230 809
231 809
232 809
233 809
234 809
235 809
236 809
237 809
238 809
239 809
240 809
241 809
242 809
243 809
244 809
245 809
246 809
247 809
248 809
249 809
250 809
251 809
252 809
253 809
254 809
255 809
256 809
257 809
258 809
259 809
260 809
261 809
262 809
263 809
264 809
265 809
266 809
267 809
268 809
269 809
270 809
271 809
272 809
273 809
274 809
275 809
276 809
277 809
278 809
279 809
280 809
281 809
282 809
283 809
284 809
285 809
286 809
287 809
288 809
289 809
290 809
291 809
292 809
293 809
294 809
295 809
296 809
297 809
298 809
299 809
300 809
301 809
302 809
303 809
304 809
305 809
306 809
307 809
308 809
309 809
310 809
311 809
312 809
313 809
314 809
315 809
316 809
317 809
318 809
319 809
320 809
321 809
322 809
323 809
324 809
325 809
326 809
327 809
328 809
329 809
330 809
331 809
332 809
333 809
334 809
335 809
336 809
337 809
338 809
339 809
340 809
341 809
342 809
343 809
344 809
345 809
346 809
347 809
348 809
349 809
350 809
351 809
352 809
353 809
354 809
355 809
356 809
357 809
358 809
359 809
360 809
361 809
362 809
363 809
364 809
365 809
366 809
367 809
368 809
369 809
370 809
371 809
372 809
373 809
374 809
375 809
376 809
377 809
378 809
379 809
380 809
381 809
382 809
383 809
384 809
385 809
386 809
387 809
388 809
389 809
390 809
391 809
392 809
393 809
394 809
395 809
396 809
397 809
398 809
399 809
400 809
401 809
402 809
403 809
404 809
405 809
406 809
407 809
408 809
409 809
410 809
411 809
412 809
413 809
414 809
415 809
416 809
417 809
418 809
419 809
420 809
421 809
422 809
423 809
424 809
425 809
426 809
427 809
428 809
429 809
430 809
431 809
432 809
433 809
434 809
435 809
436 809
437 809
438 809
439 809
440 809
441 809
442 809
443 809
444 809
445 809
446 809
447 809
448 809
449 809
450 809
451 809
452 809
453 809
454 809
455 809
456 809
457 809
458 809
459 809
460 809
461 809
462 809
463 809
464 809
465 809
466 809
467 809
468 809
469 809
470 809
471 809
472 809
473 809
474 809
475 809
476 809
477 809
478 809
479 809
480 809
481 809
482 809
483 809
484 809
485 809
486 809
487 809
488 809
489 809
490 809
491 809
492 809
493 809
494 809
495 809
496 809
497 809
498 809
499 809
500 809
501 809
502 809
503 809
504 809
505 809
506 809
507 809
508 809
509 809
510 809
511 809
512 809
513 809
514 809
515 809
516 809
517 809
518 809
519 809
520 809
521 809
522 809
523 809
524 809
525 809
526 809
527 809
528 809
529 809
530 809
531 809
532 809
533 809
534 809
535 809
536 809
537 809
538 809
539 809
540 809
541 809
542 809
543 809
544 809
545 809
546 809
547 809
548 809
549 809
550 809
551 809
552 809
553 809
554 809
555 809
556 809
557 809
558 809
559 809
560 809
561 809
562 809
563 809
564 809
565 809
566 809
567 809
568 809
569 809
570 809
571 809
572 809
573 809
574 809
575 809
576 809
577 809
578 809
579 809
580 809
581 809
582 809
583 809
584 809
585 809
586 809
587 809
588 809
589 809
590 809
591 809
592 809
593 809
594 809
595 809
596 809
597 809
598 809
599 809
600 809
601 809
602 809
603 809
604 809
605 809
606 809
607 809
608 809
609 809
610 809
611 809
612 809
613 809
614 809
615 809
616 809
617 809
618 809
619 809
620 809
621 809
622 809
623 809
624 809
625 809
626 809
627 809
628 809
629 809
630 809
631 809
632 809
633 809
634 809
635 809
636 809
637 809
638 809
639 809
640 809
641 809
642 809
643 809
644 809
645 809
646 809
647 809
648 809
649 809
650 809
651 809
652 809
653 809
654 809
655 809
656 809
657 809
658 809
659 809
660 809
661 809
662 809
663 809
664 809
665 809
666 809
667 809
668 809
669 809
670 809
671 809
672 809
673 809
674 809
675 809
676 809
677 809
678 809
679 809
680 809
681 809
682 809
683 809
684 809
685 809
686 809
687 809
688 809
689 809
690 809
691 809
692 809
693 809
694 809
695 809
696 809
697 809
698 809
699 809
700 809
701 809
702 809
703 809
704 809
705 809
706 809
707 809
708 809
709 809
710 809
711 809
712 809
713 809
714 809
715 809
716 809
717 809
718 809
719 809
720 809
721 809
722 809
723 809
724 809
725 809
726 809
727 809
728 809
729 809
730 809
731 809
732 809
733 809
734 809
735 809
736 809
737 809
738 809
739 809
740 809
741 809
742 809
743 809
744 809
745 809
746 809
747 809
748 809
749 809
750 809
751 809
752 809
753 809
754 809
755 809
756 809
757 809
758 809
759 809
760 809
761 809
762 809
763 809
764 809
765 809
766 809
767 809
768 809
769 809
770 809
771 809
772 809
773 809
774 809
775 809
776 809
777 809
778 809
779 809
780 809
781 809
782 809
783 809
784 809
785 809
786 809
787 809
788 809
789 809
790 809
791 809
792 809
793 809
794 809
795 809
796 809
797 809
798 809
799 809
800 809
801 809
802 809
803 809
804 809
805 809
806 809
807 809
808 809
809 810
