561
560
1 560
2 560
3 560
4 560
5 560
6 560
7 560
8 560
9 560
10 560
11 560
12 560
13 560
14 560
15 560
16 560
17 560
18 560
19 560
20 560
21 560
22 560
23 560
24 560
25 560
26 560
27 560
28 560
29 560
30 560
31 560
32 560
33 560
34 560
35 560
36 560
37 560
38 560
39 560
40 560
41 560
42 560
43 560
44 560
45 560
46 560
47 560
48 560
49 560
50 560
51 560
52 560
53 560
54 560
55 560
56 560
57 560
58 560
59 560
60 560
61 560
62 560
63 560
64 560
65 560
66 560
67 560
68 560
69 560
70 560
71 560
72 560
73 560
74 560
75 560
76 560
77 560
78 560
79 560
80 560
81 560
82 560
83 560
84 560
85 560
86 560
87 560
88 560
89 560
90 560
91 560
92 560
93 560
94 560
95 560
96 560
97 560
98 560
99 560
100 560
101 560
102 560
103 560
104 560
105 560
106 560
107 560
108 560
109 560
110 560
111 560
112 560
113 560
114 560
115 560
116 560
117 560
118 560
119 560
120 560
121 560
122 560
123 560
124 560
125 560
126 560
127 560
128 560
129 560
130 560
131 560
132 560
133 560
134 560
135 560
136 560
137 560
138 560
139 560
140 560
141 560
142 560
143 560
144 560
145 560
146 560
147 560
148 560
149 560
150 560
151 560
152 560
153 560
154 560
155 560
156 560
157 560
158 560
159 560
160 560
161 560
162 560
163 560
164 560
165 560
166 560
167 560
168 560
169 560
170 560
171 560
172 560
173 560
174 560
175 560
176 560
177 560
178 560
179 560
180 560
181 560
182 560
183 560
184 560
185 560
186 560
187 560
188 560
189 560
190 560
191 560
192 560
193 560
194 560
195 560
196 560
197 560
198 560
199 560
200 560
201 560
202 560
203 560
204 560
205 560
206 560
207 560
208 560
209 560
210 560
211 560
212 560
213 560
214 560
215 560
216 560
217 560
218 560
219 560
220 560
221 560
222 560
223 560
224 560
225 560
226 560
227 560
228 560
229 560
230 560
231 560
232 560
233 560
234 560
235 560
236 560
237 560
238 560
239 560
240 560
241 560
242 560
243 560
244 560
245 560
246 560
247 560
248 560
249 560
250 560
251 560
252 560
253 560
254 560
255 560
256 560
257 560
258 560
259 560
260 560
261 560
262 560
263 560
264 560
265 560
266 560
267 560
268 560
269 560
270 560
271 560
272 560
273 560
274 560
275 560
276 560
277 560
278 560
279 560
280 560
281 560
282 560
283 560
284 560
285 560
286 560
287 560
288 560
289 560
290 560
291 560
292 560
293 560
294 560
295 560
296 560
297 560
298 560
299 560
300 560
301 560
302 560
303 560
304 560
305 560
306 560
307 560
308 560
309 560
310 560
311 560
312 560
313 560
314 560
315 560
316 560
317 560
318 560
319 560
320 560
321 560
322 560
323 560
324 560
325 560
326 560
327 560
328 560
329 560
330 560
331 560
332 560
333 560
334 560
335 560
336 560
337 560
338 560
339 560
340 560
341 560
342 560
343 560
344 560
345 560
346 560
347 560
348 560
349 560
350 560
351 560
352 560
353 560
354 560
355 560
356 560
357 560
358 560
359 560
360 560
361 560
362 560
363 560
364 560
365 560
366 560
367 560
368 560
369 560
370 560
371 560
372 560
373 560
374 560
375 560
376 560
377 560
378 560
379 560
380 560
381 560
382 560
383 560
384 560
385 560
386 560
387 560
388 560
389 560
390 560
391 560
392 560
393 560
394 560
395 560
396 560
397 560
398 560
399 560
400 560
401 560
402 560
403 560
404 560
405 560
406 560
407 560
408 560
409 560
410 560
411 560
412 560
413 560
414 560
415 560
416 560
417 560
418 560
419 560
420 560
421 560
422 560
423 560
424 560
425 560
426 560
427 560
428 560
429 560
430 560
431 560
432 560
433 560
434 560
435 560
436 560
437 560
438 560
439 560
440 560
441 560
442 560
443 560
444 560
445 560
446 560
447 560
448 560
449 560
450 560
451 560
452 560
453 560
454 560
455 560
456 560
457 560
458 560
459 560
460 560
461 560
462 560
463 560
464 560
465 560
466 560
467 560
468 560
469 560
470 560
471 560
472 560
473 560
474 560
475 560
476 560
477 560
478 560
479 560
480 560
481 560
482 560
483 560
484 560
485 560
486 560
487 560
488 560
489 560
490 560
491 560
492 560
493 560
494 560
495 560
496 560
497 560
498 560
499 560
500 560
501 560
502 560
503 560
504 560
505 560
506 560
507 560
508 560
509 560
510 560
511 560
512 560
513 560
514 560
515 560
516 560
517 560
518 560
519 560
520 560
521 560
522 560
523 560
524 560
525 560
526 560
527 560
528 560
529 560
530 560
531 560
532 560
533 560
534 560
535 560
536 560
537 560
538 560
539 560
540 560
541 560
542 560
543 560
544 560
545 560
546 560
547 560
548 560
549 560
550 560
551 560
552 560
553 560
554 560
555 560
556 560
557 560
558 560
559 560
560 561
