479
478
1 478
2 478
3 478
4 478
5 478
6 478
7 478
8 478
9 478
10 478
11 478
12 478
13 478
14 478
15 478
16 478
17 478
18 478
19 478
20 478
21 478
22 478
23 478
24 478
25 478
26 478
27 478
28 478
29 478
30 478
31 478
32 478
33 478
34 478
35 478
36 478
37 478
38 478
39 478
40 478
41 478
42 478
43 478
44 478
45 478
46 478
47 478
48 478
49 478
50 478
51 478
52 478
53 478
54 478
55 478
56 478
57 478
58 478
59 478
60 478
61 478
62 478
63 478
64 478
65 478
66 478
67 478
68 478
69 478
70 478
71 478
72 478
73 478
74 478
75 478
76 478
77 478
78 478
79 478
80 478
81 478
82 478
83 478
84 478
85 478
86 478
87 478
88 478
89 478
90 478
91 478
92 478
93 478
94 478
95 478
96 478
97 478
98 478
99 478
100 478
101 478
102 478
103 478
104 478
105 478
106 478
107 478
108 478
109 478
110 478
111 478
112 478
113 478
114 478
115 478
116 478
117 478
118 478
119 478
120 478
121 478
122 478
123 478
124 478
125 478
126 478
127 478
128 478
129 478
130 478
131 478
132 478
133 478
134 478
135 478
136 478
137 478
138 478
139 478
140 478
141 478
142 478
143 478
144 478
145 478
146 478
147 478
148 478
149 478
150 478
151 478
152 478
153 478
154 478
155 478
156 478
157 478
158 478
159 478
160 478
161 478
162 478
163 478
164 478
165 478
166 478
167 478
168 478
169 478
170 478
171 478
172 478
173 478
174 478
175 478
176 478
177 478
178 478
179 478
180 478
181 478
182 478
183 478
184 478
185 478
186 478
187 478
188 478
189 478
190 478
191 478
192 478
193 478
194 478
195 478
196 478
197 478
198 478
199 478
200 478
201 478
202 478
203 478
204 478
205 478
206 478
207 478
208 478
209 478
210 478
211 478
212 478
213 478
214 478
215 478
216 478
217 478
218 478
219 478
220 478
221 478
222 478
223 478
224 478
225 478
226 478
227 478
228 478
229 478
230 478
231 478
232 478
233 478
234 478
235 478
236 478
237 478
238 478
239 478
240 478
241 478
242 478
243 478
244 478
245 478
246 478
247 478
248 478
249 478
250 478
251 478
252 478
253 478
254 478
255 478
256 478
257 478
258 478
259 478
260 478
261 478
262 478
263 478
264 478
265 478
266 478
267 478
268 478
269 478
270 478
271 478
272 478
273 478
274 478
275 478
276 478
277 478
278 478
279 478
280 478
281 478
282 478
283 478
284 478
285 478
286 478
287 478
288 478
289 478
290 478
291 478
292 478
293 478
294 478
295 478
296 478
297 478
298 478
299 478
300 478
301 478
302 478
303 478
304 478
305 478
306 478
307 478
308 478
309 478
310 478
311 478
312 478
313 478
314 478
315 478
316 478
317 478
318 478
319 478
320 478
321 478
322 478
323 478
324 478
325 478
326 478
327 478
328 478
329 478
330 478
331 478
332 478
333 478
334 478
335 478
336 478
337 478
338 478
339 478
340 478
341 478
342 478
343 478
344 478
345 478
346 478
347 478
348 478
349 478
350 478
351 478
352 478
353 478
354 478
355 478
356 478
357 478
358 478
359 478
360 478
361 478
362 478
363 478
364 478
365 478
366 478
367 478
368 478
369 478
370 478
371 478
372 478
373 478
374 478
375 478
376 478
377 478
378 478
379 478
380 478
381 478
382 478
383 478
384 478
385 478
386 478
387 478
388 478
389 478
390 478
391 478
392 478
393 478
394 478
395 478
396 478
397 478
398 478
399 478
400 478
401 478
402 478
403 478
404 478
405 478
406 478
407 478
408 478
409 478
410 478
411 478
412 478
413 478
414 478
415 478
416 478
417 478
418 478
419 478
420 478
421 478
422 478
423 478
424 478
425 478
426 478
427 478
428 478
429 478
430 478
431 478
432 478
433 478
434 478
435 478
436 478
437 478
438 478
439 478
440 478
441 478
442 478
443 478
444 478
445 478
446 478
447 478
448 478
449 478
450 478
451 478
452 478
453 478
454 478
455 478
456 478
457 478
458 478
459 478
460 478
461 478
462 478
463 478
464 478
465 478
466 478
467 478
468 478
469 478
470 478
471 478
472 478
473 478
474 478
475 478
476 478
477 478
478 479
