576
575
1 575
2 575
3 575
4 575
5 575
6 575
7 575
8 575
9 575
10 575
11 575
12 575
13 575
14 575
15 575
16 575
17 575
18 575
19 575
20 575
21 575
22 575
23 575
24 575
25 575
26 575
27 575
28 575
29 575
30 575
31 575
32 575
33 575
34 575
35 575
36 575
37 575
38 575
39 575
40 575
41 575
42 575
43 575
44 575
45 575
46 575
47 575
48 575
49 575
50 575
51 575
52 575
53 575
54 575
55 575
56 575
57 575
58 575
59 575
60 575
61 575
62 575
63 575
64 575
65 575
66 575
67 575
68 575
69 575
70 575
71 575
72 575
73 575
74 575
75 575
76 575
77 575
78 575
79 575
80 575
81 575
82 575
83 575
84 575
85 575
86 575
87 575
88 575
89 575
90 575
91 575
92 575
93 575
94 575
95 575
96 575
97 575
98 575
99 575
100 575
101 575
102 575
103 575
104 575
105 575
106 575
107 575
108 575
109 575
110 575
111 575
112 575
113 575
114 575
115 575
116 575
117 575
118 575
119 575
120 575
121 575
122 575
123 575
124 575
125 575
126 575
127 575
128 575
129 575
130 575
131 575
132 575
133 575
134 575
135 575
136 575
137 575
138 575
139 575
140 575
141 575
142 575
143 575
144 575
145 575
146 575
147 575
148 575
149 575
150 575
151 575
152 575
153 575
154 575
155 575
156 575
157 575
158 575
159 575
160 575
161 575
162 575
163 575
164 575
165 575
166 575
167 575
168 575
169 575
170 575
171 575
172 575
173 575
174 575
175 575
176 575
177 575
178 575
179 575
180 575
181 575
182 575
183 575
184 575
185 575
186 575
187 575
188 575
189 575
190 575
191 575
192 575
193 575
194 575
195 575
196 575
197 575
198 575
199 575
200 575
201 575
202 575
203 575
204 575
205 575
206 575
207 575
208 575
209 575
210 575
211 575
212 575
213 575
214 575
215 575
216 575
217 575
218 575
219 575
220 575
221 575
222 575
223 575
224 575
225 575
226 575
227 575
228 575
229 575
230 575
231 575
232 575
233 575
234 575
235 575
236 575
237 575
238 575
239 575
240 575
241 575
242 575
243 575
244 575
245 575
246 575
247 575
248 575
249 575
250 575
251 575
252 575
253 575
254 575
255 575
256 575
257 575
258 575
259 575
260 575
261 575
262 575
263 575
264 575
265 575
266 575
267 575
268 575
269 575
270 575
271 575
272 575
273 575
274 575
275 575
276 575
277 575
278 575
279 575
280 575
281 575
282 575
283 575
284 575
285 575
286 575
287 575
288 575
289 575
290 575
291 575
292 575
293 575
294 575
295 575
296 575
297 575
298 575
299 575
300 575
301 575
302 575
303 575
304 575
305 575
306 575
307 575
308 575
309 575
310 575
311 575
312 575
313 575
314 575
315 575
316 575
317 575
318 575
319 575
320 575
321 575
322 575
323 575
324 575
325 575
326 575
327 575
328 575
329 575
330 575
331 575
332 575
333 575
334 575
335 575
336 575
337 575
338 575
339 575
340 575
341 575
342 575
343 575
344 575
345 575
346 575
347 575
348 575
349 575
350 575
351 575
352 575
353 575
354 575
355 575
356 575
357 575
358 575
359 575
360 575
361 575
362 575
363 575
364 575
365 575
366 575
367 575
368 575
369 575
370 575
371 575
372 575
373 575
374 575
375 575
376 575
377 575
378 575
379 575
380 575
381 575
382 575
383 575
384 575
385 575
386 575
387 575
388 575
389 575
390 575
391 575
392 575
393 575
394 575
395 575
396 575
397 575
398 575
399 575
400 575
401 575
402 575
403 575
404 575
405 575
406 575
407 575
408 575
409 575
410 575
411 575
412 575
413 575
414 575
415 575
416 575
417 575
418 575
419 575
420 575
421 575
422 575
423 575
424 575
425 575
426 575
427 575
428 575
429 575
430 575
431 575
432 575
433 575
434 575
435 575
436 575
437 575
438 575
439 575
440 575
441 575
442 575
443 575
444 575
445 575
446 575
447 575
448 575
449 575
450 575
451 575
452 575
453 575
454 575
455 575
456 575
457 575
458 575
459 575
460 575
461 575
462 575
463 575
464 575
465 575
466 575
467 575
468 575
469 575
470 575
471 575
472 575
473 575
474 575
475 575
476 575
477 575
478 575
479 575
480 575
481 575
482 575
483 575
484 575
485 575
486 575
487 575
488 575
489 575
490 575
491 575
492 575
493 575
494 575
495 575
496 575
497 575
498 575
499 575
500 575
501 575
502 575
503 575
504 575
505 575
506 575
507 575
508 575
509 575
510 575
511 575
512 575
513 575
514 575
515 575
516 575
517 575
518 575
519 575
520 575
521 575
522 575
523 575
524 575
525 575
526 575
527 575
528 575
529 575
530 575
531 575
532 575
533 575
534 575
535 575
536 575
537 575
538 575
539 575
540 575
541 575
542 575
543 575
544 575
545 575
546 575
547 575
548 575
549 575
550 575
551 575
552 575
553 575
554 575
555 575
556 575
557 575
558 575
559 575
560 575
561 575
562 575
563 575
564 575
565 575
566 575
567 575
568 575
569 575
570 575
571 575
572 575
573 575
574 575
575 576
