819
818
1 818
2 818
3 818
4 818
5 818
6 818
7 818
8 818
9 818
10 818
11 818
12 818
13 818
14 818
15 818
16 818
17 818
18 818
19 818
20 818
21 818
22 818
23 818
24 818
25 818
26 818
27 818
28 818
29 818
30 818
31 818
32 818
33 818
34 818
35 818
36 818
37 818
38 818
39 818
40 818
41 818
42 818
43 818
44 818
45 818
46 818
47 818
48 818
49 818
50 818
51 818
52 818
53 818
54 818
55 818
56 818
57 818
58 818
59 818
60 818
61 818
62 818
63 818
64 818
65 818
66 818
67 818
68 818
69 818
70 818
71 818
72 818
73 818
74 818
75 818
76 818
77 818
78 818
79 818
80 818
81 818
82 818
83 818
84 818
85 818
86 818
87 818
88 818
89 818
90 818
91 818
92 818
93 818
94 818
95 818
96 818
97 818
98 818
99 818
100 818
101 818
102 818
103 818
104 818
105 818
106 818
107 818
108 818
109 818
110 818
111 818
112 818
113 818
114 818
115 818
116 818
117 818
118 818
119 818
120 818
121 818
122 818
123 818
124 818
125 818
126 818
127 818
128 818
129 818
130 818
131 818
132 818
133 818
134 818
135 818
136 818
137 818
138 818
139 818
140 818
141 818
142 818
143 818
144 818
145 818
146 818
147 818
148 818
149 818
150 818
151 818
152 818
153 818
154 818
155 818
156 818
157 818
158 818
159 818
160 818
161 818
162 818
163 818
164 818
165 818
166 818
167 818
168 818
169 818
170 818
171 818
172 818
173 818
174 818
175 818
176 818
177 818
178 818
179 818
180 818
181 818
182 818
183 818
184 818
185 818
186 818
187 818
188 818
189 818
190 818
191 818
192 818
193 818
194 818
195 818
196 818
197 818
198 818
199 818
200 818
201 818
202 818
203 818
204 818
205 818
206 818
207 818
208 818
209 818
210 818
211 818
212 818
213 818
214 818
215 818
216 818
217 818
218 818
219 818
220 818
221 818
222 818
223 818
224 818
225 818
226 818
227 818
228 818
229 818
230 818
231 818
232 818
233 818
234 818
235 818
236 818
237 818
238 818
239 818
240 818
241 818
242 818
243 818
244 818
245 818
246 818
247 818
248 818
249 818
250 818
251 818
252 818
253 818
254 818
255 818
256 818
257 818
258 818
259 818
260 818
261 818
262 818
263 818
264 818
265 818
266 818
267 818
268 818
269 818
270 818
271 818
272 818
273 818
274 818
275 818
276 818
277 818
278 818
279 818
280 818
281 818
282 818
283 818
284 818
285 818
286 818
287 818
288 818
289 818
290 818
291 818
292 818
293 818
294 818
295 818
296 818
297 818
298 818
299 818
300 818
301 818
302 818
303 818
304 818
305 818
306 818
307 818
308 818
309 818
310 818
311 818
312 818
313 818
314 818
315 818
316 818
317 818
318 818
319 818
320 818
321 818
322 818
323 818
324 818
325 818
326 818
327 818
328 818
329 818
330 818
331 818
332 818
333 818
334 818
335 818
336 818
337 818
338 818
339 818
340 818
341 818
342 818
343 818
344 818
345 818
346 818
347 818
348 818
349 818
350 818
351 818
352 818
353 818
354 818
355 818
356 818
357 818
358 818
359 818
360 818
361 818
362 818
363 818
364 818
365 818
366 818
367 818
368 818
369 818
370 818
371 818
372 818
373 818
374 818
375 818
376 818
377 818
378 818
379 818
380 818
381 818
382 818
383 818
384 818
385 818
386 818
387 818
388 818
389 818
390 818
391 818
392 818
393 818
394 818
395 818
396 818
397 818
398 818
399 818
400 818
401 818
402 818
403 818
404 818
405 818
406 818
407 818
408 818
409 818
410 818
411 818
412 818
413 818
414 818
415 818
416 818
417 818
418 818
419 818
420 818
421 818
422 818
423 818
424 818
425 818
426 818
427 818
428 818
429 818
430 818
431 818
432 818
433 818
434 818
435 818
436 818
437 818
438 818
439 818
440 818
441 818
442 818
443 818
444 818
445 818
446 818
447 818
448 818
449 818
450 818
451 818
452 818
453 818
454 818
455 818
456 818
457 818
458 818
459 818
460 818
461 818
462 818
463 818
464 818
465 818
466 818
467 818
468 818
469 818
470 818
471 818
472 818
473 818
474 818
475 818
476 818
477 818
478 818
479 818
480 818
481 818
482 818
483 818
484 818
485 818
486 818
487 818
488 818
489 818
490 818
491 818
492 818
493 818
494 818
495 818
496 818
497 818
498 818
499 818
500 818
501 818
502 818
503 818
504 818
505 818
506 818
507 818
508 818
509 818
510 818
511 818
512 818
513 818
514 818
515 818
516 818
517 818
518 818
519 818
520 818
521 818
522 818
523 818
524 818
525 818
526 818
527 818
528 818
529 818
530 818
531 818
532 818
533 818
534 818
535 818
536 818
537 818
538 818
539 818
540 818
541 818
542 818
543 818
544 818
545 818
546 818
547 818
548 818
549 818
550 818
551 818
552 818
553 818
554 818
555 818
556 818
557 818
558 818
559 818
560 818
561 818
562 818
563 818
564 818
565 818
566 818
567 818
568 818
569 818
570 818
571 818
572 818
573 818
574 818
575 818
576 818
577 818
578 818
579 818
580 818
581 818
582 818
583 818
584 818
585 818
586 818
587 818
588 818
589 818
590 818
591 818
592 818
593 818
594 818
595 818
596 818
597 818
598 818
599 818
600 818
601 818
602 818
603 818
604 818
605 818
606 818
607 818
608 818
609 818
610 818
611 818
612 818
613 818
614 818
615 818
616 818
617 818
618 818
619 818
620 818
621 818
622 818
623 818
624 818
625 818
626 818
627 818
628 818
629 818
630 818
631 818
632 818
633 818
634 818
635 818
636 818
637 818
638 818
639 818
640 818
641 818
642 818
643 818
644 818
645 818
646 818
647 818
648 818
649 818
650 818
651 818
652 818
653 818
654 818
655 818
656 818
657 818
658 818
659 818
660 818
661 818
662 818
663 818
664 818
665 818
666 818
667 818
668 818
669 818
670 818
671 818
672 818
673 818
674 818
675 818
676 818
677 818
678 818
679 818
680 818
681 818
682 818
683 818
684 818
685 818
686 818
687 818
688 818
689 818
690 818
691 818
692 818
693 818
694 818
695 818
696 818
697 818
698 818
699 818
700 818
701 818
702 818
703 818
704 818
705 818
706 818
707 818
708 818
709 818
710 818
711 818
712 818
713 818
714 818
715 818
716 818
717 818
718 818
719 818
720 818
721 818
722 818
723 818
724 818
725 818
726 818
727 818
728 818
729 818
730 818
731 818
732 818
733 818
734 818
735 818
736 818
737 818
738 818
739 818
740 818
741 818
742 818
743 818
744 818
745 818
746 818
747 818
748 818
749 818
750 818
751 818
752 818
753 818
754 818
755 818
756 818
757 818
758 818
759 818
760 818
761 818
762 818
763 818
764 818
765 818
766 818
767 818
768 818
769 818
770 818
771 818
772 818
773 818
774 818
775 818
776 818
777 818
778 818
779 818
780 818
781 818
782 818
783 818
784 818
785 818
786 818
787 818
788 818
789 818
790 818
791 818
792 818
793 818
794 818
795 818
796 818
797 818
798 818
799 818
800 818
801 818
802 818
803 818
804 818
805 818
806 818
807 818
808 818
809 818
810 818
811 818
812 818
813 818
814 818
815 818
816 818
817 818
818 819
