707
706
1 706
2 706
3 706
4 706
5 706
6 706
7 706
8 706
9 706
10 706
11 706
12 706
13 706
14 706
15 706
16 706
17 706
18 706
19 706
20 706
21 706
22 706
23 706
24 706
25 706
26 706
27 706
28 706
29 706
30 706
31 706
32 706
33 706
34 706
35 706
36 706
37 706
38 706
39 706
40 706
41 706
42 706
43 706
44 706
45 706
46 706
47 706
48 706
49 706
50 706
51 706
52 706
53 706
54 706
55 706
56 706
57 706
58 706
59 706
60 706
61 706
62 706
63 706
64 706
65 706
66 706
67 706
68 706
69 706
70 706
71 706
72 706
73 706
74 706
75 706
76 706
77 706
78 706
79 706
80 706
81 706
82 706
83 706
84 706
85 706
86 706
87 706
88 706
89 706
90 706
91 706
92 706
93 706
94 706
95 706
96 706
97 706
98 706
99 706
100 706
101 706
102 706
103 706
104 706
105 706
106 706
107 706
108 706
109 706
110 706
111 706
112 706
113 706
114 706
115 706
116 706
117 706
118 706
119 706
120 706
121 706
122 706
123 706
124 706
125 706
126 706
127 706
128 706
129 706
130 706
131 706
132 706
133 706
134 706
135 706
136 706
137 706
138 706
139 706
140 706
141 706
142 706
143 706
144 706
145 706
146 706
147 706
148 706
149 706
150 706
151 706
152 706
153 706
154 706
155 706
156 706
157 706
158 706
159 706
160 706
161 706
162 706
163 706
164 706
165 706
166 706
167 706
168 706
169 706
170 706
171 706
172 706
173 706
174 706
175 706
176 706
177 706
178 706
179 706
180 706
181 706
182 706
183 706
184 706
185 706
186 706
187 706
188 706
189 706
190 706
191 706
192 706
193 706
194 706
195 706
196 706
197 706
198 706
199 706
200 706
201 706
202 706
203 706
204 706
205 706
206 706
207 706
208 706
209 706
210 706
211 706
212 706
213 706
214 706
215 706
216 706
217 706
218 706
219 706
220 706
221 706
222 706
223 706
224 706
225 706
226 706
227 706
228 706
229 706
230 706
231 706
232 706
233 706
234 706
235 706
236 706
237 706
238 706
239 706
240 706
241 706
242 706
243 706
244 706
245 706
246 706
247 706
248 706
249 706
250 706
251 706
252 706
253 706
254 706
255 706
256 706
257 706
258 706
259 706
260 706
261 706
262 706
263 706
264 706
265 706
266 706
267 706
268 706
269 706
270 706
271 706
272 706
273 706
274 706
275 706
276 706
277 706
278 706
279 706
280 706
281 706
282 706
283 706
284 706
285 706
286 706
287 706
288 706
289 706
290 706
291 706
292 706
293 706
294 706
295 706
296 706
297 706
298 706
299 706
300 706
301 706
302 706
303 706
304 706
305 706
306 706
307 706
308 706
309 706
310 706
311 706
312 706
313 706
314 706
315 706
316 706
317 706
318 706
319 706
320 706
321 706
322 706
323 706
324 706
325 706
326 706
327 706
328 706
329 706
330 706
331 706
332 706
333 706
334 706
335 706
336 706
337 706
338 706
339 706
340 706
341 706
342 706
343 706
344 706
345 706
346 706
347 706
348 706
349 706
350 706
351 706
352 706
353 706
354 706
355 706
356 706
357 706
358 706
359 706
360 706
361 706
362 706
363 706
364 706
365 706
366 706
367 706
368 706
369 706
370 706
371 706
372 706
373 706
374 706
375 706
376 706
377 706
378 706
379 706
380 706
381 706
382 706
383 706
384 706
385 706
386 706
387 706
388 706
389 706
390 706
391 706
392 706
393 706
394 706
395 706
396 706
397 706
398 706
399 706
400 706
401 706
402 706
403 706
404 706
405 706
406 706
407 706
408 706
409 706
410 706
411 706
412 706
413 706
414 706
415 706
416 706
417 706
418 706
419 706
420 706
421 706
422 706
423 706
424 706
425 706
426 706
427 706
428 706
429 706
430 706
431 706
432 706
433 706
434 706
435 706
436 706
437 706
438 706
439 706
440 706
441 706
442 706
443 706
444 706
445 706
446 706
447 706
448 706
449 706
450 706
451 706
452 706
453 706
454 706
455 706
456 706
457 706
458 706
459 706
460 706
461 706
462 706
463 706
464 706
465 706
466 706
467 706
468 706
469 706
470 706
471 706
472 706
473 706
474 706
475 706
476 706
477 706
478 706
479 706
480 706
481 706
482 706
483 706
484 706
485 706
486 706
487 706
488 706
489 706
490 706
491 706
492 706
493 706
494 706
495 706
496 706
497 706
498 706
499 706
500 706
501 706
502 706
503 706
504 706
505 706
506 706
507 706
508 706
509 706
510 706
511 706
512 706
513 706
514 706
515 706
516 706
517 706
518 706
519 706
520 706
521 706
522 706
523 706
524 706
525 706
526 706
527 706
528 706
529 706
530 706
531 706
532 706
533 706
534 706
535 706
536 706
537 706
538 706
539 706
540 706
541 706
542 706
543 706
544 706
545 706
546 706
547 706
548 706
549 706
550 706
551 706
552 706
553 706
554 706
555 706
556 706
557 706
558 706
559 706
560 706
561 706
562 706
563 706
564 706
565 706
566 706
567 706
568 706
569 706
570 706
571 706
572 706
573 706
574 706
575 706
576 706
577 706
578 706
579 706
580 706
581 706
582 706
583 706
584 706
585 706
586 706
587 706
588 706
589 706
590 706
591 706
592 706
593 706
594 706
595 706
596 706
597 706
598 706
599 706
600 706
601 706
602 706
603 706
604 706
605 706
606 706
607 706
608 706
609 706
610 706
611 706
612 706
613 706
614 706
615 706
616 706
617 706
618 706
619 706
620 706
621 706
622 706
623 706
624 706
625 706
626 706
627 706
628 706
629 706
630 706
631 706
632 706
633 706
634 706
635 706
636 706
637 706
638 706
639 706
640 706
641 706
642 706
643 706
644 706
645 706
646 706
647 706
648 706
649 706
650 706
651 706
652 706
653 706
654 706
655 706
656 706
657 706
658 706
659 706
660 706
661 706
662 706
663 706
664 706
665 706
666 706
667 706
668 706
669 706
670 706
671 706
672 706
673 706
674 706
675 706
676 706
677 706
678 706
679 706
680 706
681 706
682 706
683 706
684 706
685 706
686 706
687 706
688 706
689 706
690 706
691 706
692 706
693 706
694 706
695 706
696 706
697 706
698 706
699 706
700 706
701 706
702 706
703 706
704 706
705 706
706 707
