948
947
1 947
2 947
3 947
4 947
5 947
6 947
7 947
8 947
9 947
10 947
11 947
12 947
13 947
14 947
15 947
16 947
17 947
18 947
19 947
20 947
21 947
22 947
23 947
24 947
25 947
26 947
27 947
28 947
29 947
30 947
31 947
32 947
33 947
34 947
35 947
36 947
37 947
38 947
39 947
40 947
41 947
42 947
43 947
44 947
45 947
46 947
47 947
48 947
49 947
50 947
51 947
52 947
53 947
54 947
55 947
56 947
57 947
58 947
59 947
60 947
61 947
62 947
63 947
64 947
65 947
66 947
67 947
68 947
69 947
70 947
71 947
72 947
73 947
74 947
75 947
76 947
77 947
78 947
79 947
80 947
81 947
82 947
83 947
84 947
85 947
86 947
87 947
88 947
89 947
90 947
91 947
92 947
93 947
94 947
95 947
96 947
97 947
98 947
99 947
100 947
101 947
102 947
103 947
104 947
105 947
106 947
107 947
108 947
109 947
110 947
111 947
112 947
113 947
114 947
115 947
116 947
117 947
118 947
119 947
120 947
121 947
122 947
123 947
124 947
125 947
126 947
127 947
128 947
129 947
130 947
131 947
132 947
133 947
134 947
135 947
136 947
137 947
138 947
139 947
140 947
141 947
142 947
143 947
144 947
145 947
146 947
147 947
148 947
149 947
150 947
151 947
152 947
153 947
154 947
155 947
156 947
157 947
158 947
159 947
160 947
161 947
162 947
163 947
164 947
165 947
166 947
167 947
168 947
169 947
170 947
171 947
172 947
173 947
174 947
175 947
176 947
177 947
178 947
179 947
180 947
181 947
182 947
183 947
184 947
185 947
186 947
187 947
188 947
189 947
190 947
191 947
192 947
193 947
194 947
195 947
196 947
197 947
198 947
199 947
200 947
201 947
202 947
203 947
204 947
205 947
206 947
207 947
208 947
209 947
210 947
211 947
212 947
213 947
214 947
215 947
216 947
217 947
218 947
219 947
220 947
221 947
222 947
223 947
224 947
225 947
226 947
227 947
228 947
229 947
230 947
231 947
232 947
233 947
234 947
235 947
236 947
237 947
238 947
239 947
240 947
241 947
242 947
243 947
244 947
245 947
246 947
247 947
248 947
249 947
250 947
251 947
252 947
253 947
254 947
255 947
256 947
257 947
258 947
259 947
260 947
261 947
262 947
263 947
264 947
265 947
266 947
267 947
268 947
269 947
270 947
271 947
272 947
273 947
274 947
275 947
276 947
277 947
278 947
279 947
280 947
281 947
282 947
283 947
284 947
285 947
286 947
287 947
288 947
289 947
290 947
291 947
292 947
293 947
294 947
295 947
296 947
297 947
298 947
299 947
300 947
301 947
302 947
303 947
304 947
305 947
306 947
307 947
308 947
309 947
310 947
311 947
312 947
313 947
314 947
315 947
316 947
317 947
318 947
319 947
320 947
321 947
322 947
323 947
324 947
325 947
326 947
327 947
328 947
329 947
330 947
331 947
332 947
333 947
334 947
335 947
336 947
337 947
338 947
339 947
340 947
341 947
342 947
343 947
344 947
345 947
346 947
347 947
348 947
349 947
350 947
351 947
352 947
353 947
354 947
355 947
356 947
357 947
358 947
359 947
360 947
361 947
362 947
363 947
364 947
365 947
366 947
367 947
368 947
369 947
370 947
371 947
372 947
373 947
374 947
375 947
376 947
377 947
378 947
379 947
380 947
381 947
382 947
383 947
384 947
385 947
386 947
387 947
388 947
389 947
390 947
391 947
392 947
393 947
394 947
395 947
396 947
397 947
398 947
399 947
400 947
401 947
402 947
403 947
404 947
405 947
406 947
407 947
408 947
409 947
410 947
411 947
412 947
413 947
414 947
415 947
416 947
417 947
418 947
419 947
420 947
421 947
422 947
423 947
424 947
425 947
426 947
427 947
428 947
429 947
430 947
431 947
432 947
433 947
434 947
435 947
436 947
437 947
438 947
439 947
440 947
441 947
442 947
443 947
444 947
445 947
446 947
447 947
448 947
449 947
450 947
451 947
452 947
453 947
454 947
455 947
456 947
457 947
458 947
459 947
460 947
461 947
462 947
463 947
464 947
465 947
466 947
467 947
468 947
469 947
470 947
471 947
472 947
473 947
474 947
475 947
476 947
477 947
478 947
479 947
480 947
481 947
482 947
483 947
484 947
485 947
486 947
487 947
488 947
489 947
490 947
491 947
492 947
493 947
494 947
495 947
496 947
497 947
498 947
499 947
500 947
501 947
502 947
503 947
504 947
505 947
506 947
507 947
508 947
509 947
510 947
511 947
512 947
513 947
514 947
515 947
516 947
517 947
518 947
519 947
520 947
521 947
522 947
523 947
524 947
525 947
526 947
527 947
528 947
529 947
530 947
531 947
532 947
533 947
534 947
535 947
536 947
537 947
538 947
539 947
540 947
541 947
542 947
543 947
544 947
545 947
546 947
547 947
548 947
549 947
550 947
551 947
552 947
553 947
554 947
555 947
556 947
557 947
558 947
559 947
560 947
561 947
562 947
563 947
564 947
565 947
566 947
567 947
568 947
569 947
570 947
571 947
572 947
573 947
574 947
575 947
576 947
577 947
578 947
579 947
580 947
581 947
582 947
583 947
584 947
585 947
586 947
587 947
588 947
589 947
590 947
591 947
592 947
593 947
594 947
595 947
596 947
597 947
598 947
599 947
600 947
601 947
602 947
603 947
604 947
605 947
606 947
607 947
608 947
609 947
610 947
611 947
612 947
613 947
614 947
615 947
616 947
617 947
618 947
619 947
620 947
621 947
622 947
623 947
624 947
625 947
626 947
627 947
628 947
629 947
630 947
631 947
632 947
633 947
634 947
635 947
636 947
637 947
638 947
639 947
640 947
641 947
642 947
643 947
644 947
645 947
646 947
647 947
648 947
649 947
650 947
651 947
652 947
653 947
654 947
655 947
656 947
657 947
658 947
659 947
660 947
661 947
662 947
663 947
664 947
665 947
666 947
667 947
668 947
669 947
670 947
671 947
672 947
673 947
674 947
675 947
676 947
677 947
678 947
679 947
680 947
681 947
682 947
683 947
684 947
685 947
686 947
687 947
688 947
689 947
690 947
691 947
692 947
693 947
694 947
695 947
696 947
697 947
698 947
699 947
700 947
701 947
702 947
703 947
704 947
705 947
706 947
707 947
708 947
709 947
710 947
711 947
712 947
713 947
714 947
715 947
716 947
717 947
718 947
719 947
720 947
721 947
722 947
723 947
724 947
725 947
726 947
727 947
728 947
729 947
730 947
731 947
732 947
733 947
734 947
735 947
736 947
737 947
738 947
739 947
740 947
741 947
742 947
743 947
744 947
745 947
746 947
747 947
748 947
749 947
750 947
751 947
752 947
753 947
754 947
755 947
756 947
757 947
758 947
759 947
760 947
761 947
762 947
763 947
764 947
765 947
766 947
767 947
768 947
769 947
770 947
771 947
772 947
773 947
774 947
775 947
776 947
777 947
778 947
779 947
780 947
781 947
782 947
783 947
784 947
785 947
786 947
787 947
788 947
789 947
790 947
791 947
792 947
793 947
794 947
795 947
796 947
797 947
798 947
799 947
800 947
801 947
802 947
803 947
804 947
805 947
806 947
807 947
808 947
809 947
810 947
811 947
812 947
813 947
814 947
815 947
816 947
817 947
818 947
819 947
820 947
821 947
822 947
823 947
824 947
825 947
826 947
827 947
828 947
829 947
830 947
831 947
832 947
833 947
834 947
835 947
836 947
837 947
838 947
839 947
840 947
841 947
842 947
843 947
844 947
845 947
846 947
847 947
848 947
849 947
850 947
851 947
852 947
853 947
854 947
855 947
856 947
857 947
858 947
859 947
860 947
861 947
862 947
863 947
864 947
865 947
866 947
867 947
868 947
869 947
870 947
871 947
872 947
873 947
874 947
875 947
876 947
877 947
878 947
879 947
880 947
881 947
882 947
883 947
884 947
885 947
886 947
887 947
888 947
889 947
890 947
891 947
892 947
893 947
894 947
895 947
896 947
897 947
898 947
899 947
900 947
901 947
902 947
903 947
904 947
905 947
906 947
907 947
908 947
909 947
910 947
911 947
912 947
913 947
914 947
915 947
916 947
917 947
918 947
919 947
920 947
921 947
922 947
923 947
924 947
925 947
926 947
927 947
928 947
929 947
930 947
931 947
932 947
933 947
934 947
935 947
936 947
937 947
938 947
939 947
940 947
941 947
942 947
943 947
944 947
945 947
946 947
947 948
