887
886
1 886
2 886
3 886
4 886
5 886
6 886
7 886
8 886
9 886
10 886
11 886
12 886
13 886
14 886
15 886
16 886
17 886
18 886
19 886
20 886
21 886
22 886
23 886
24 886
25 886
26 886
27 886
28 886
29 886
30 886
31 886
32 886
33 886
34 886
35 886
36 886
37 886
38 886
39 886
40 886
41 886
42 886
43 886
44 886
45 886
46 886
47 886
48 886
49 886
50 886
51 886
52 886
53 886
54 886
55 886
56 886
57 886
58 886
59 886
60 886
61 886
62 886
63 886
64 886
65 886
66 886
67 886
68 886
69 886
70 886
71 886
72 886
73 886
74 886
75 886
76 886
77 886
78 886
79 886
80 886
81 886
82 886
83 886
84 886
85 886
86 886
87 886
88 886
89 886
90 886
91 886
92 886
93 886
94 886
95 886
96 886
97 886
98 886
99 886
100 886
101 886
102 886
103 886
104 886
105 886
106 886
107 886
108 886
109 886
110 886
111 886
112 886
113 886
114 886
115 886
116 886
117 886
118 886
119 886
120 886
121 886
122 886
123 886
124 886
125 886
126 886
127 886
128 886
129 886
130 886
131 886
132 886
133 886
134 886
135 886
136 886
137 886
138 886
139 886
140 886
141 886
142 886
143 886
144 886
145 886
146 886
147 886
148 886
149 886
150 886
151 886
152 886
153 886
154 886
155 886
156 886
157 886
158 886
159 886
160 886
161 886
162 886
163 886
164 886
165 886
166 886
167 886
168 886
169 886
170 886
171 886
172 886
173 886
174 886
175 886
176 886
177 886
178 886
179 886
180 886
181 886
182 886
183 886
184 886
185 886
186 886
187 886
188 886
189 886
190 886
191 886
192 886
193 886
194 886
195 886
196 886
197 886
198 886
199 886
200 886
201 886
202 886
203 886
204 886
205 886
206 886
207 886
208 886
209 886
210 886
211 886
212 886
213 886
214 886
215 886
216 886
217 886
218 886
219 886
220 886
221 886
222 886
223 886
224 886
225 886
226 886
227 886
228 886
229 886
230 886
231 886
232 886
233 886
234 886
235 886
236 886
237 886
238 886
239 886
240 886
241 886
242 886
243 886
244 886
245 886
246 886
247 886
248 886
249 886
250 886
251 886
252 886
253 886
254 886
255 886
256 886
257 886
258 886
259 886
260 886
261 886
262 886
263 886
264 886
265 886
266 886
267 886
268 886
269 886
270 886
271 886
272 886
273 886
274 886
275 886
276 886
277 886
278 886
279 886
280 886
281 886
282 886
283 886
284 886
285 886
286 886
287 886
288 886
289 886
290 886
291 886
292 886
293 886
294 886
295 886
296 886
297 886
298 886
299 886
300 886
301 886
302 886
303 886
304 886
305 886
306 886
307 886
308 886
309 886
310 886
311 886
312 886
313 886
314 886
315 886
316 886
317 886
318 886
319 886
320 886
321 886
322 886
323 886
324 886
325 886
326 886
327 886
328 886
329 886
330 886
331 886
332 886
333 886
334 886
335 886
336 886
337 886
338 886
339 886
340 886
341 886
342 886
343 886
344 886
345 886
346 886
347 886
348 886
349 886
350 886
351 886
352 886
353 886
354 886
355 886
356 886
357 886
358 886
359 886
360 886
361 886
362 886
363 886
364 886
365 886
366 886
367 886
368 886
369 886
370 886
371 886
372 886
373 886
374 886
375 886
376 886
377 886
378 886
379 886
380 886
381 886
382 886
383 886
384 886
385 886
386 886
387 886
388 886
389 886
390 886
391 886
392 886
393 886
394 886
395 886
396 886
397 886
398 886
399 886
400 886
401 886
402 886
403 886
404 886
405 886
406 886
407 886
408 886
409 886
410 886
411 886
412 886
413 886
414 886
415 886
416 886
417 886
418 886
419 886
420 886
421 886
422 886
423 886
424 886
425 886
426 886
427 886
428 886
429 886
430 886
431 886
432 886
433 886
434 886
435 886
436 886
437 886
438 886
439 886
440 886
441 886
442 886
443 886
444 886
445 886
446 886
447 886
448 886
449 886
450 886
451 886
452 886
453 886
454 886
455 886
456 886
457 886
458 886
459 886
460 886
461 886
462 886
463 886
464 886
465 886
466 886
467 886
468 886
469 886
470 886
471 886
472 886
473 886
474 886
475 886
476 886
477 886
478 886
479 886
480 886
481 886
482 886
483 886
484 886
485 886
486 886
487 886
488 886
489 886
490 886
491 886
492 886
493 886
494 886
495 886
496 886
497 886
498 886
499 886
500 886
501 886
502 886
503 886
504 886
505 886
506 886
507 886
508 886
509 886
510 886
511 886
512 886
513 886
514 886
515 886
516 886
517 886
518 886
519 886
520 886
521 886
522 886
523 886
524 886
525 886
526 886
527 886
528 886
529 886
530 886
531 886
532 886
533 886
534 886
535 886
536 886
537 886
538 886
539 886
540 886
541 886
542 886
543 886
544 886
545 886
546 886
547 886
548 886
549 886
550 886
551 886
552 886
553 886
554 886
555 886
556 886
557 886
558 886
559 886
560 886
561 886
562 886
563 886
564 886
565 886
566 886
567 886
568 886
569 886
570 886
571 886
572 886
573 886
574 886
575 886
576 886
577 886
578 886
579 886
580 886
581 886
582 886
583 886
584 886
585 886
586 886
587 886
588 886
589 886
590 886
591 886
592 886
593 886
594 886
595 886
596 886
597 886
598 886
599 886
600 886
601 886
602 886
603 886
604 886
605 886
606 886
607 886
608 886
609 886
610 886
611 886
612 886
613 886
614 886
615 886
616 886
617 886
618 886
619 886
620 886
621 886
622 886
623 886
624 886
625 886
626 886
627 886
628 886
629 886
630 886
631 886
632 886
633 886
634 886
635 886
636 886
637 886
638 886
639 886
640 886
641 886
642 886
643 886
644 886
645 886
646 886
647 886
648 886
649 886
650 886
651 886
652 886
653 886
654 886
655 886
656 886
657 886
658 886
659 886
660 886
661 886
662 886
663 886
664 886
665 886
666 886
667 886
668 886
669 886
670 886
671 886
672 886
673 886
674 886
675 886
676 886
677 886
678 886
679 886
680 886
681 886
682 886
683 886
684 886
685 886
686 886
687 886
688 886
689 886
690 886
691 886
692 886
693 886
694 886
695 886
696 886
697 886
698 886
699 886
700 886
701 886
702 886
703 886
704 886
705 886
706 886
707 886
708 886
709 886
710 886
711 886
712 886
713 886
714 886
715 886
716 886
717 886
718 886
719 886
720 886
721 886
722 886
723 886
724 886
725 886
726 886
727 886
728 886
729 886
730 886
731 886
732 886
733 886
734 886
735 886
736 886
737 886
738 886
739 886
740 886
741 886
742 886
743 886
744 886
745 886
746 886
747 886
748 886
749 886
750 886
751 886
752 886
753 886
754 886
755 886
756 886
757 886
758 886
759 886
760 886
761 886
762 886
763 886
764 886
765 886
766 886
767 886
768 886
769 886
770 886
771 886
772 886
773 886
774 886
775 886
776 886
777 886
778 886
779 886
780 886
781 886
782 886
783 886
784 886
785 886
786 886
787 886
788 886
789 886
790 886
791 886
792 886
793 886
794 886
795 886
796 886
797 886
798 886
799 886
800 886
801 886
802 886
803 886
804 886
805 886
806 886
807 886
808 886
809 886
810 886
811 886
812 886
813 886
814 886
815 886
816 886
817 886
818 886
819 886
820 886
821 886
822 886
823 886
824 886
825 886
826 886
827 886
828 886
829 886
830 886
831 886
832 886
833 886
834 886
835 886
836 886
837 886
838 886
839 886
840 886
841 886
842 886
843 886
844 886
845 886
846 886
847 886
848 886
849 886
850 886
851 886
852 886
853 886
854 886
855 886
856 886
857 886
858 886
859 886
860 886
861 886
862 886
863 886
864 886
865 886
866 886
867 886
868 886
869 886
870 886
871 886
872 886
873 886
874 886
875 886
876 886
877 886
878 886
879 886
880 886
881 886
882 886
883 886
884 886
885 886
886 887
