975
974
1 974
2 974
3 974
4 974
5 974
6 974
7 974
8 974
9 974
10 974
11 974
12 974
13 974
14 974
15 974
16 974
17 974
18 974
19 974
20 974
21 974
22 974
23 974
24 974
25 974
26 974
27 974
28 974
29 974
30 974
31 974
32 974
33 974
34 974
35 974
36 974
37 974
38 974
39 974
40 974
41 974
42 974
43 974
44 974
45 974
46 974
47 974
48 974
49 974
50 974
51 974
52 974
53 974
54 974
55 974
56 974
57 974
58 974
59 974
60 974
61 974
62 974
63 974
64 974
65 974
66 974
67 974
68 974
69 974
70 974
71 974
72 974
73 974
74 974
75 974
76 974
77 974
78 974
79 974
80 974
81 974
82 974
83 974
84 974
85 974
86 974
87 974
88 974
89 974
90 974
91 974
92 974
93 974
94 974
95 974
96 974
97 974
98 974
99 974
100 974
101 974
102 974
103 974
104 974
105 974
106 974
107 974
108 974
109 974
110 974
111 974
112 974
113 974
114 974
115 974
116 974
117 974
118 974
119 974
120 974
121 974
122 974
123 974
124 974
125 974
126 974
127 974
128 974
129 974
130 974
131 974
132 974
133 974
134 974
135 974
136 974
137 974
138 974
139 974
140 974
141 974
142 974
143 974
144 974
145 974
146 974
147 974
148 974
149 974
150 974
151 974
152 974
153 974
154 974
155 974
156 974
157 974
158 974
159 974
160 974
161 974
162 974
163 974
164 974
165 974
166 974
167 974
168 974
169 974
170 974
171 974
172 974
173 974
174 974
175 974
176 974
177 974
178 974
179 974
180 974
181 974
182 974
183 974
184 974
185 974
186 974
187 974
188 974
189 974
190 974
191 974
192 974
193 974
194 974
195 974
196 974
197 974
198 974
199 974
200 974
201 974
202 974
203 974
204 974
205 974
206 974
207 974
208 974
209 974
210 974
211 974
212 974
213 974
214 974
215 974
216 974
217 974
218 974
219 974
220 974
221 974
222 974
223 974
224 974
225 974
226 974
227 974
228 974
229 974
230 974
231 974
232 974
233 974
234 974
235 974
236 974
237 974
238 974
239 974
240 974
241 974
242 974
243 974
244 974
245 974
246 974
247 974
248 974
249 974
250 974
251 974
252 974
253 974
254 974
255 974
256 974
257 974
258 974
259 974
260 974
261 974
262 974
263 974
264 974
265 974
266 974
267 974
268 974
269 974
270 974
271 974
272 974
273 974
274 974
275 974
276 974
277 974
278 974
279 974
280 974
281 974
282 974
283 974
284 974
285 974
286 974
287 974
288 974
289 974
290 974
291 974
292 974
293 974
294 974
295 974
296 974
297 974
298 974
299 974
300 974
301 974
302 974
303 974
304 974
305 974
306 974
307 974
308 974
309 974
310 974
311 974
312 974
313 974
314 974
315 974
316 974
317 974
318 974
319 974
320 974
321 974
322 974
323 974
324 974
325 974
326 974
327 974
328 974
329 974
330 974
331 974
332 974
333 974
334 974
335 974
336 974
337 974
338 974
339 974
340 974
341 974
342 974
343 974
344 974
345 974
346 974
347 974
348 974
349 974
350 974
351 974
352 974
353 974
354 974
355 974
356 974
357 974
358 974
359 974
360 974
361 974
362 974
363 974
364 974
365 974
366 974
367 974
368 974
369 974
370 974
371 974
372 974
373 974
374 974
375 974
376 974
377 974
378 974
379 974
380 974
381 974
382 974
383 974
384 974
385 974
386 974
387 974
388 974
389 974
390 974
391 974
392 974
393 974
394 974
395 974
396 974
397 974
398 974
399 974
400 974
401 974
402 974
403 974
404 974
405 974
406 974
407 974
408 974
409 974
410 974
411 974
412 974
413 974
414 974
415 974
416 974
417 974
418 974
419 974
420 974
421 974
422 974
423 974
424 974
425 974
426 974
427 974
428 974
429 974
430 974
431 974
432 974
433 974
434 974
435 974
436 974
437 974
438 974
439 974
440 974
441 974
442 974
443 974
444 974
445 974
446 974
447 974
448 974
449 974
450 974
451 974
452 974
453 974
454 974
455 974
456 974
457 974
458 974
459 974
460 974
461 974
462 974
463 974
464 974
465 974
466 974
467 974
468 974
469 974
470 974
471 974
472 974
473 974
474 974
475 974
476 974
477 974
478 974
479 974
480 974
481 974
482 974
483 974
484 974
485 974
486 974
487 974
488 974
489 974
490 974
491 974
492 974
493 974
494 974
495 974
496 974
497 974
498 974
499 974
500 974
501 974
502 974
503 974
504 974
505 974
506 974
507 974
508 974
509 974
510 974
511 974
512 974
513 974
514 974
515 974
516 974
517 974
518 974
519 974
520 974
521 974
522 974
523 974
524 974
525 974
526 974
527 974
528 974
529 974
530 974
531 974
532 974
533 974
534 974
535 974
536 974
537 974
538 974
539 974
540 974
541 974
542 974
543 974
544 974
545 974
546 974
547 974
548 974
549 974
550 974
551 974
552 974
553 974
554 974
555 974
556 974
557 974
558 974
559 974
560 974
561 974
562 974
563 974
564 974
565 974
566 974
567 974
568 974
569 974
570 974
571 974
572 974
573 974
574 974
575 974
576 974
577 974
578 974
579 974
580 974
581 974
582 974
583 974
584 974
585 974
586 974
587 974
588 974
589 974
590 974
591 974
592 974
593 974
594 974
595 974
596 974
597 974
598 974
599 974
600 974
601 974
602 974
603 974
604 974
605 974
606 974
607 974
608 974
609 974
610 974
611 974
612 974
613 974
614 974
615 974
616 974
617 974
618 974
619 974
620 974
621 974
622 974
623 974
624 974
625 974
626 974
627 974
628 974
629 974
630 974
631 974
632 974
633 974
634 974
635 974
636 974
637 974
638 974
639 974
640 974
641 974
642 974
643 974
644 974
645 974
646 974
647 974
648 974
649 974
650 974
651 974
652 974
653 974
654 974
655 974
656 974
657 974
658 974
659 974
660 974
661 974
662 974
663 974
664 974
665 974
666 974
667 974
668 974
669 974
670 974
671 974
672 974
673 974
674 974
675 974
676 974
677 974
678 974
679 974
680 974
681 974
682 974
683 974
684 974
685 974
686 974
687 974
688 974
689 974
690 974
691 974
692 974
693 974
694 974
695 974
696 974
697 974
698 974
699 974
700 974
701 974
702 974
703 974
704 974
705 974
706 974
707 974
708 974
709 974
710 974
711 974
712 974
713 974
714 974
715 974
716 974
717 974
718 974
719 974
720 974
721 974
722 974
723 974
724 974
725 974
726 974
727 974
728 974
729 974
730 974
731 974
732 974
733 974
734 974
735 974
736 974
737 974
738 974
739 974
740 974
741 974
742 974
743 974
744 974
745 974
746 974
747 974
748 974
749 974
750 974
751 974
752 974
753 974
754 974
755 974
756 974
757 974
758 974
759 974
760 974
761 974
762 974
763 974
764 974
765 974
766 974
767 974
768 974
769 974
770 974
771 974
772 974
773 974
774 974
775 974
776 974
777 974
778 974
779 974
780 974
781 974
782 974
783 974
784 974
785 974
786 974
787 974
788 974
789 974
790 974
791 974
792 974
793 974
794 974
795 974
796 974
797 974
798 974
799 974
800 974
801 974
802 974
803 974
804 974
805 974
806 974
807 974
808 974
809 974
810 974
811 974
812 974
813 974
814 974
815 974
816 974
817 974
818 974
819 974
820 974
821 974
822 974
823 974
824 974
825 974
826 974
827 974
828 974
829 974
830 974
831 974
832 974
833 974
834 974
835 974
836 974
837 974
838 974
839 974
840 974
841 974
842 974
843 974
844 974
845 974
846 974
847 974
848 974
849 974
850 974
851 974
852 974
853 974
854 974
855 974
856 974
857 974
858 974
859 974
860 974
861 974
862 974
863 974
864 974
865 974
866 974
867 974
868 974
869 974
870 974
871 974
872 974
873 974
874 974
875 974
876 974
877 974
878 974
879 974
880 974
881 974
882 974
883 974
884 974
885 974
886 974
887 974
888 974
889 974
890 974
891 974
892 974
893 974
894 974
895 974
896 974
897 974
898 974
899 974
900 974
901 974
902 974
903 974
904 974
905 974
906 974
907 974
908 974
909 974
910 974
911 974
912 974
913 974
914 974
915 974
916 974
917 974
918 974
919 974
920 974
921 974
922 974
923 974
924 974
925 974
926 974
927 974
928 974
929 974
930 974
931 974
932 974
933 974
934 974
935 974
936 974
937 974
938 974
939 974
940 974
941 974
942 974
943 974
944 974
945 974
946 974
947 974
948 974
949 974
950 974
951 974
952 974
953 974
954 974
955 974
956 974
957 974
958 974
959 974
960 974
961 974
962 974
963 974
964 974
965 974
966 974
967 974
968 974
969 974
970 974
971 974
972 974
973 974
974 975
