883
882
1 882
2 882
3 882
4 882
5 882
6 882
7 882
8 882
9 882
10 882
11 882
12 882
13 882
14 882
15 882
16 882
17 882
18 882
19 882
20 882
21 882
22 882
23 882
24 882
25 882
26 882
27 882
28 882
29 882
30 882
31 882
32 882
33 882
34 882
35 882
36 882
37 882
38 882
39 882
40 882
41 882
42 882
43 882
44 882
45 882
46 882
47 882
48 882
49 882
50 882
51 882
52 882
53 882
54 882
55 882
56 882
57 882
58 882
59 882
60 882
61 882
62 882
63 882
64 882
65 882
66 882
67 882
68 882
69 882
70 882
71 882
72 882
73 882
74 882
75 882
76 882
77 882
78 882
79 882
80 882
81 882
82 882
83 882
84 882
85 882
86 882
87 882
88 882
89 882
90 882
91 882
92 882
93 882
94 882
95 882
96 882
97 882
98 882
99 882
100 882
101 882
102 882
103 882
104 882
105 882
106 882
107 882
108 882
109 882
110 882
111 882
112 882
113 882
114 882
115 882
116 882
117 882
118 882
119 882
120 882
121 882
122 882
123 882
124 882
125 882
126 882
127 882
128 882
129 882
130 882
131 882
132 882
133 882
134 882
135 882
136 882
137 882
138 882
139 882
140 882
141 882
142 882
143 882
144 882
145 882
146 882
147 882
148 882
149 882
150 882
151 882
152 882
153 882
154 882
155 882
156 882
157 882
158 882
159 882
160 882
161 882
162 882
163 882
164 882
165 882
166 882
167 882
168 882
169 882
170 882
171 882
172 882
173 882
174 882
175 882
176 882
177 882
178 882
179 882
180 882
181 882
182 882
183 882
184 882
185 882
186 882
187 882
188 882
189 882
190 882
191 882
192 882
193 882
194 882
195 882
196 882
197 882
198 882
199 882
200 882
201 882
202 882
203 882
204 882
205 882
206 882
207 882
208 882
209 882
210 882
211 882
212 882
213 882
214 882
215 882
216 882
217 882
218 882
219 882
220 882
221 882
222 882
223 882
224 882
225 882
226 882
227 882
228 882
229 882
230 882
231 882
232 882
233 882
234 882
235 882
236 882
237 882
238 882
239 882
240 882
241 882
242 882
243 882
244 882
245 882
246 882
247 882
248 882
249 882
250 882
251 882
252 882
253 882
254 882
255 882
256 882
257 882
258 882
259 882
260 882
261 882
262 882
263 882
264 882
265 882
266 882
267 882
268 882
269 882
270 882
271 882
272 882
273 882
274 882
275 882
276 882
277 882
278 882
279 882
280 882
281 882
282 882
283 882
284 882
285 882
286 882
287 882
288 882
289 882
290 882
291 882
292 882
293 882
294 882
295 882
296 882
297 882
298 882
299 882
300 882
301 882
302 882
303 882
304 882
305 882
306 882
307 882
308 882
309 882
310 882
311 882
312 882
313 882
314 882
315 882
316 882
317 882
318 882
319 882
320 882
321 882
322 882
323 882
324 882
325 882
326 882
327 882
328 882
329 882
330 882
331 882
332 882
333 882
334 882
335 882
336 882
337 882
338 882
339 882
340 882
341 882
342 882
343 882
344 882
345 882
346 882
347 882
348 882
349 882
350 882
351 882
352 882
353 882
354 882
355 882
356 882
357 882
358 882
359 882
360 882
361 882
362 882
363 882
364 882
365 882
366 882
367 882
368 882
369 882
370 882
371 882
372 882
373 882
374 882
375 882
376 882
377 882
378 882
379 882
380 882
381 882
382 882
383 882
384 882
385 882
386 882
387 882
388 882
389 882
390 882
391 882
392 882
393 882
394 882
395 882
396 882
397 882
398 882
399 882
400 882
401 882
402 882
403 882
404 882
405 882
406 882
407 882
408 882
409 882
410 882
411 882
412 882
413 882
414 882
415 882
416 882
417 882
418 882
419 882
420 882
421 882
422 882
423 882
424 882
425 882
426 882
427 882
428 882
429 882
430 882
431 882
432 882
433 882
434 882
435 882
436 882
437 882
438 882
439 882
440 882
441 882
442 882
443 882
444 882
445 882
446 882
447 882
448 882
449 882
450 882
451 882
452 882
453 882
454 882
455 882
456 882
457 882
458 882
459 882
460 882
461 882
462 882
463 882
464 882
465 882
466 882
467 882
468 882
469 882
470 882
471 882
472 882
473 882
474 882
475 882
476 882
477 882
478 882
479 882
480 882
481 882
482 882
483 882
484 882
485 882
486 882
487 882
488 882
489 882
490 882
491 882
492 882
493 882
494 882
495 882
496 882
497 882
498 882
499 882
500 882
501 882
502 882
503 882
504 882
505 882
506 882
507 882
508 882
509 882
510 882
511 882
512 882
513 882
514 882
515 882
516 882
517 882
518 882
519 882
520 882
521 882
522 882
523 882
524 882
525 882
526 882
527 882
528 882
529 882
530 882
531 882
532 882
533 882
534 882
535 882
536 882
537 882
538 882
539 882
540 882
541 882
542 882
543 882
544 882
545 882
546 882
547 882
548 882
549 882
550 882
551 882
552 882
553 882
554 882
555 882
556 882
557 882
558 882
559 882
560 882
561 882
562 882
563 882
564 882
565 882
566 882
567 882
568 882
569 882
570 882
571 882
572 882
573 882
574 882
575 882
576 882
577 882
578 882
579 882
580 882
581 882
582 882
583 882
584 882
585 882
586 882
587 882
588 882
589 882
590 882
591 882
592 882
593 882
594 882
595 882
596 882
597 882
598 882
599 882
600 882
601 882
602 882
603 882
604 882
605 882
606 882
607 882
608 882
609 882
610 882
611 882
612 882
613 882
614 882
615 882
616 882
617 882
618 882
619 882
620 882
621 882
622 882
623 882
624 882
625 882
626 882
627 882
628 882
629 882
630 882
631 882
632 882
633 882
634 882
635 882
636 882
637 882
638 882
639 882
640 882
641 882
642 882
643 882
644 882
645 882
646 882
647 882
648 882
649 882
650 882
651 882
652 882
653 882
654 882
655 882
656 882
657 882
658 882
659 882
660 882
661 882
662 882
663 882
664 882
665 882
666 882
667 882
668 882
669 882
670 882
671 882
672 882
673 882
674 882
675 882
676 882
677 882
678 882
679 882
680 882
681 882
682 882
683 882
684 882
685 882
686 882
687 882
688 882
689 882
690 882
691 882
692 882
693 882
694 882
695 882
696 882
697 882
698 882
699 882
700 882
701 882
702 882
703 882
704 882
705 882
706 882
707 882
708 882
709 882
710 882
711 882
712 882
713 882
714 882
715 882
716 882
717 882
718 882
719 882
720 882
721 882
722 882
723 882
724 882
725 882
726 882
727 882
728 882
729 882
730 882
731 882
732 882
733 882
734 882
735 882
736 882
737 882
738 882
739 882
740 882
741 882
742 882
743 882
744 882
745 882
746 882
747 882
748 882
749 882
750 882
751 882
752 882
753 882
754 882
755 882
756 882
757 882
758 882
759 882
760 882
761 882
762 882
763 882
764 882
765 882
766 882
767 882
768 882
769 882
770 882
771 882
772 882
773 882
774 882
775 882
776 882
777 882
778 882
779 882
780 882
781 882
782 882
783 882
784 882
785 882
786 882
787 882
788 882
789 882
790 882
791 882
792 882
793 882
794 882
795 882
796 882
797 882
798 882
799 882
800 882
801 882
802 882
803 882
804 882
805 882
806 882
807 882
808 882
809 882
810 882
811 882
812 882
813 882
814 882
815 882
816 882
817 882
818 882
819 882
820 882
821 882
822 882
823 882
824 882
825 882
826 882
827 882
828 882
829 882
830 882
831 882
832 882
833 882
834 882
835 882
836 882
837 882
838 882
839 882
840 882
841 882
842 882
843 882
844 882
845 882
846 882
847 882
848 882
849 882
850 882
851 882
852 882
853 882
854 882
855 882
856 882
857 882
858 882
859 882
860 882
861 882
862 882
863 882
864 882
865 882
866 882
867 882
868 882
869 882
870 882
871 882
872 882
873 882
874 882
875 882
876 882
877 882
878 882
879 882
880 882
881 882
882 883
