675
674
1 674
2 674
3 674
4 674
5 674
6 674
7 674
8 674
9 674
10 674
11 674
12 674
13 674
14 674
15 674
16 674
17 674
18 674
19 674
20 674
21 674
22 674
23 674
24 674
25 674
26 674
27 674
28 674
29 674
30 674
31 674
32 674
33 674
34 674
35 674
36 674
37 674
38 674
39 674
40 674
41 674
42 674
43 674
44 674
45 674
46 674
47 674
48 674
49 674
50 674
51 674
52 674
53 674
54 674
55 674
56 674
57 674
58 674
59 674
60 674
61 674
62 674
63 674
64 674
65 674
66 674
67 674
68 674
69 674
70 674
71 674
72 674
73 674
74 674
75 674
76 674
77 674
78 674
79 674
80 674
81 674
82 674
83 674
84 674
85 674
86 674
87 674
88 674
89 674
90 674
91 674
92 674
93 674
94 674
95 674
96 674
97 674
98 674
99 674
100 674
101 674
102 674
103 674
104 674
105 674
106 674
107 674
108 674
109 674
110 674
111 674
112 674
113 674
114 674
115 674
116 674
117 674
118 674
119 674
120 674
121 674
122 674
123 674
124 674
125 674
126 674
127 674
128 674
129 674
130 674
131 674
132 674
133 674
134 674
135 674
136 674
137 674
138 674
139 674
140 674
141 674
142 674
143 674
144 674
145 674
146 674
147 674
148 674
149 674
150 674
151 674
152 674
153 674
154 674
155 674
156 674
157 674
158 674
159 674
160 674
161 674
162 674
163 674
164 674
165 674
166 674
167 674
168 674
169 674
170 674
171 674
172 674
173 674
174 674
175 674
176 674
177 674
178 674
179 674
180 674
181 674
182 674
183 674
184 674
185 674
186 674
187 674
188 674
189 674
190 674
191 674
192 674
193 674
194 674
195 674
196 674
197 674
198 674
199 674
200 674
201 674
202 674
203 674
204 674
205 674
206 674
207 674
208 674
209 674
210 674
211 674
212 674
213 674
214 674
215 674
216 674
217 674
218 674
219 674
220 674
221 674
222 674
223 674
224 674
225 674
226 674
227 674
228 674
229 674
230 674
231 674
232 674
233 674
234 674
235 674
236 674
237 674
238 674
239 674
240 674
241 674
242 674
243 674
244 674
245 674
246 674
247 674
248 674
249 674
250 674
251 674
252 674
253 674
254 674
255 674
256 674
257 674
258 674
259 674
260 674
261 674
262 674
263 674
264 674
265 674
266 674
267 674
268 674
269 674
270 674
271 674
272 674
273 674
274 674
275 674
276 674
277 674
278 674
279 674
280 674
281 674
282 674
283 674
284 674
285 674
286 674
287 674
288 674
289 674
290 674
291 674
292 674
293 674
294 674
295 674
296 674
297 674
298 674
299 674
300 674
301 674
302 674
303 674
304 674
305 674
306 674
307 674
308 674
309 674
310 674
311 674
312 674
313 674
314 674
315 674
316 674
317 674
318 674
319 674
320 674
321 674
322 674
323 674
324 674
325 674
326 674
327 674
328 674
329 674
330 674
331 674
332 674
333 674
334 674
335 674
336 674
337 674
338 674
339 674
340 674
341 674
342 674
343 674
344 674
345 674
346 674
347 674
348 674
349 674
350 674
351 674
352 674
353 674
354 674
355 674
356 674
357 674
358 674
359 674
360 674
361 674
362 674
363 674
364 674
365 674
366 674
367 674
368 674
369 674
370 674
371 674
372 674
373 674
374 674
375 674
376 674
377 674
378 674
379 674
380 674
381 674
382 674
383 674
384 674
385 674
386 674
387 674
388 674
389 674
390 674
391 674
392 674
393 674
394 674
395 674
396 674
397 674
398 674
399 674
400 674
401 674
402 674
403 674
404 674
405 674
406 674
407 674
408 674
409 674
410 674
411 674
412 674
413 674
414 674
415 674
416 674
417 674
418 674
419 674
420 674
421 674
422 674
423 674
424 674
425 674
426 674
427 674
428 674
429 674
430 674
431 674
432 674
433 674
434 674
435 674
436 674
437 674
438 674
439 674
440 674
441 674
442 674
443 674
444 674
445 674
446 674
447 674
448 674
449 674
450 674
451 674
452 674
453 674
454 674
455 674
456 674
457 674
458 674
459 674
460 674
461 674
462 674
463 674
464 674
465 674
466 674
467 674
468 674
469 674
470 674
471 674
472 674
473 674
474 674
475 674
476 674
477 674
478 674
479 674
480 674
481 674
482 674
483 674
484 674
485 674
486 674
487 674
488 674
489 674
490 674
491 674
492 674
493 674
494 674
495 674
496 674
497 674
498 674
499 674
500 674
501 674
502 674
503 674
504 674
505 674
506 674
507 674
508 674
509 674
510 674
511 674
512 674
513 674
514 674
515 674
516 674
517 674
518 674
519 674
520 674
521 674
522 674
523 674
524 674
525 674
526 674
527 674
528 674
529 674
530 674
531 674
532 674
533 674
534 674
535 674
536 674
537 674
538 674
539 674
540 674
541 674
542 674
543 674
544 674
545 674
546 674
547 674
548 674
549 674
550 674
551 674
552 674
553 674
554 674
555 674
556 674
557 674
558 674
559 674
560 674
561 674
562 674
563 674
564 674
565 674
566 674
567 674
568 674
569 674
570 674
571 674
572 674
573 674
574 674
575 674
576 674
577 674
578 674
579 674
580 674
581 674
582 674
583 674
584 674
585 674
586 674
587 674
588 674
589 674
590 674
591 674
592 674
593 674
594 674
595 674
596 674
597 674
598 674
599 674
600 674
601 674
602 674
603 674
604 674
605 674
606 674
607 674
608 674
609 674
610 674
611 674
612 674
613 674
614 674
615 674
616 674
617 674
618 674
619 674
620 674
621 674
622 674
623 674
624 674
625 674
626 674
627 674
628 674
629 674
630 674
631 674
632 674
633 674
634 674
635 674
636 674
637 674
638 674
639 674
640 674
641 674
642 674
643 674
644 674
645 674
646 674
647 674
648 674
649 674
650 674
651 674
652 674
653 674
654 674
655 674
656 674
657 674
658 674
659 674
660 674
661 674
662 674
663 674
664 674
665 674
666 674
667 674
668 674
669 674
670 674
671 674
672 674
673 674
674 675
