943
942
1 942
2 942
3 942
4 942
5 942
6 942
7 942
8 942
9 942
10 942
11 942
12 942
13 942
14 942
15 942
16 942
17 942
18 942
19 942
20 942
21 942
22 942
23 942
24 942
25 942
26 942
27 942
28 942
29 942
30 942
31 942
32 942
33 942
34 942
35 942
36 942
37 942
38 942
39 942
40 942
41 942
42 942
43 942
44 942
45 942
46 942
47 942
48 942
49 942
50 942
51 942
52 942
53 942
54 942
55 942
56 942
57 942
58 942
59 942
60 942
61 942
62 942
63 942
64 942
65 942
66 942
67 942
68 942
69 942
70 942
71 942
72 942
73 942
74 942
75 942
76 942
77 942
78 942
79 942
80 942
81 942
82 942
83 942
84 942
85 942
86 942
87 942
88 942
89 942
90 942
91 942
92 942
93 942
94 942
95 942
96 942
97 942
98 942
99 942
100 942
101 942
102 942
103 942
104 942
105 942
106 942
107 942
108 942
109 942
110 942
111 942
112 942
113 942
114 942
115 942
116 942
117 942
118 942
119 942
120 942
121 942
122 942
123 942
124 942
125 942
126 942
127 942
128 942
129 942
130 942
131 942
132 942
133 942
134 942
135 942
136 942
137 942
138 942
139 942
140 942
141 942
142 942
143 942
144 942
145 942
146 942
147 942
148 942
149 942
150 942
151 942
152 942
153 942
154 942
155 942
156 942
157 942
158 942
159 942
160 942
161 942
162 942
163 942
164 942
165 942
166 942
167 942
168 942
169 942
170 942
171 942
172 942
173 942
174 942
175 942
176 942
177 942
178 942
179 942
180 942
181 942
182 942
183 942
184 942
185 942
186 942
187 942
188 942
189 942
190 942
191 942
192 942
193 942
194 942
195 942
196 942
197 942
198 942
199 942
200 942
201 942
202 942
203 942
204 942
205 942
206 942
207 942
208 942
209 942
210 942
211 942
212 942
213 942
214 942
215 942
216 942
217 942
218 942
219 942
220 942
221 942
222 942
223 942
224 942
225 942
226 942
227 942
228 942
229 942
230 942
231 942
232 942
233 942
234 942
235 942
236 942
237 942
238 942
239 942
240 942
241 942
242 942
243 942
244 942
245 942
246 942
247 942
248 942
249 942
250 942
251 942
252 942
253 942
254 942
255 942
256 942
257 942
258 942
259 942
260 942
261 942
262 942
263 942
264 942
265 942
266 942
267 942
268 942
269 942
270 942
271 942
272 942
273 942
274 942
275 942
276 942
277 942
278 942
279 942
280 942
281 942
282 942
283 942
284 942
285 942
286 942
287 942
288 942
289 942
290 942
291 942
292 942
293 942
294 942
295 942
296 942
297 942
298 942
299 942
300 942
301 942
302 942
303 942
304 942
305 942
306 942
307 942
308 942
309 942
310 942
311 942
312 942
313 942
314 942
315 942
316 942
317 942
318 942
319 942
320 942
321 942
322 942
323 942
324 942
325 942
326 942
327 942
328 942
329 942
330 942
331 942
332 942
333 942
334 942
335 942
336 942
337 942
338 942
339 942
340 942
341 942
342 942
343 942
344 942
345 942
346 942
347 942
348 942
349 942
350 942
351 942
352 942
353 942
354 942
355 942
356 942
357 942
358 942
359 942
360 942
361 942
362 942
363 942
364 942
365 942
366 942
367 942
368 942
369 942
370 942
371 942
372 942
373 942
374 942
375 942
376 942
377 942
378 942
379 942
380 942
381 942
382 942
383 942
384 942
385 942
386 942
387 942
388 942
389 942
390 942
391 942
392 942
393 942
394 942
395 942
396 942
397 942
398 942
399 942
400 942
401 942
402 942
403 942
404 942
405 942
406 942
407 942
408 942
409 942
410 942
411 942
412 942
413 942
414 942
415 942
416 942
417 942
418 942
419 942
420 942
421 942
422 942
423 942
424 942
425 942
426 942
427 942
428 942
429 942
430 942
431 942
432 942
433 942
434 942
435 942
436 942
437 942
438 942
439 942
440 942
441 942
442 942
443 942
444 942
445 942
446 942
447 942
448 942
449 942
450 942
451 942
452 942
453 942
454 942
455 942
456 942
457 942
458 942
459 942
460 942
461 942
462 942
463 942
464 942
465 942
466 942
467 942
468 942
469 942
470 942
471 942
472 942
473 942
474 942
475 942
476 942
477 942
478 942
479 942
480 942
481 942
482 942
483 942
484 942
485 942
486 942
487 942
488 942
489 942
490 942
491 942
492 942
493 942
494 942
495 942
496 942
497 942
498 942
499 942
500 942
501 942
502 942
503 942
504 942
505 942
506 942
507 942
508 942
509 942
510 942
511 942
512 942
513 942
514 942
515 942
516 942
517 942
518 942
519 942
520 942
521 942
522 942
523 942
524 942
525 942
526 942
527 942
528 942
529 942
530 942
531 942
532 942
533 942
534 942
535 942
536 942
537 942
538 942
539 942
540 942
541 942
542 942
543 942
544 942
545 942
546 942
547 942
548 942
549 942
550 942
551 942
552 942
553 942
554 942
555 942
556 942
557 942
558 942
559 942
560 942
561 942
562 942
563 942
564 942
565 942
566 942
567 942
568 942
569 942
570 942
571 942
572 942
573 942
574 942
575 942
576 942
577 942
578 942
579 942
580 942
581 942
582 942
583 942
584 942
585 942
586 942
587 942
588 942
589 942
590 942
591 942
592 942
593 942
594 942
595 942
596 942
597 942
598 942
599 942
600 942
601 942
602 942
603 942
604 942
605 942
606 942
607 942
608 942
609 942
610 942
611 942
612 942
613 942
614 942
615 942
616 942
617 942
618 942
619 942
620 942
621 942
622 942
623 942
624 942
625 942
626 942
627 942
628 942
629 942
630 942
631 942
632 942
633 942
634 942
635 942
636 942
637 942
638 942
639 942
640 942
641 942
642 942
643 942
644 942
645 942
646 942
647 942
648 942
649 942
650 942
651 942
652 942
653 942
654 942
655 942
656 942
657 942
658 942
659 942
660 942
661 942
662 942
663 942
664 942
665 942
666 942
667 942
668 942
669 942
670 942
671 942
672 942
673 942
674 942
675 942
676 942
677 942
678 942
679 942
680 942
681 942
682 942
683 942
684 942
685 942
686 942
687 942
688 942
689 942
690 942
691 942
692 942
693 942
694 942
695 942
696 942
697 942
698 942
699 942
700 942
701 942
702 942
703 942
704 942
705 942
706 942
707 942
708 942
709 942
710 942
711 942
712 942
713 942
714 942
715 942
716 942
717 942
718 942
719 942
720 942
721 942
722 942
723 942
724 942
725 942
726 942
727 942
728 942
729 942
730 942
731 942
732 942
733 942
734 942
735 942
736 942
737 942
738 942
739 942
740 942
741 942
742 942
743 942
744 942
745 942
746 942
747 942
748 942
749 942
750 942
751 942
752 942
753 942
754 942
755 942
756 942
757 942
758 942
759 942
760 942
761 942
762 942
763 942
764 942
765 942
766 942
767 942
768 942
769 942
770 942
771 942
772 942
773 942
774 942
775 942
776 942
777 942
778 942
779 942
780 942
781 942
782 942
783 942
784 942
785 942
786 942
787 942
788 942
789 942
790 942
791 942
792 942
793 942
794 942
795 942
796 942
797 942
798 942
799 942
800 942
801 942
802 942
803 942
804 942
805 942
806 942
807 942
808 942
809 942
810 942
811 942
812 942
813 942
814 942
815 942
816 942
817 942
818 942
819 942
820 942
821 942
822 942
823 942
824 942
825 942
826 942
827 942
828 942
829 942
830 942
831 942
832 942
833 942
834 942
835 942
836 942
837 942
838 942
839 942
840 942
841 942
842 942
843 942
844 942
845 942
846 942
847 942
848 942
849 942
850 942
851 942
852 942
853 942
854 942
855 942
856 942
857 942
858 942
859 942
860 942
861 942
862 942
863 942
864 942
865 942
866 942
867 942
868 942
869 942
870 942
871 942
872 942
873 942
874 942
875 942
876 942
877 942
878 942
879 942
880 942
881 942
882 942
883 942
884 942
885 942
886 942
887 942
888 942
889 942
890 942
891 942
892 942
893 942
894 942
895 942
896 942
897 942
898 942
899 942
900 942
901 942
902 942
903 942
904 942
905 942
906 942
907 942
908 942
909 942
910 942
911 942
912 942
913 942
914 942
915 942
916 942
917 942
918 942
919 942
920 942
921 942
922 942
923 942
924 942
925 942
926 942
927 942
928 942
929 942
930 942
931 942
932 942
933 942
934 942
935 942
936 942
937 942
938 942
939 942
940 942
941 942
942 943
