826
825
1 825
2 825
3 825
4 825
5 825
6 825
7 825
8 825
9 825
10 825
11 825
12 825
13 825
14 825
15 825
16 825
17 825
18 825
19 825
20 825
21 825
22 825
23 825
24 825
25 825
26 825
27 825
28 825
29 825
30 825
31 825
32 825
33 825
34 825
35 825
36 825
37 825
38 825
39 825
40 825
41 825
42 825
43 825
44 825
45 825
46 825
47 825
48 825
49 825
50 825
51 825
52 825
53 825
54 825
55 825
56 825
57 825
58 825
59 825
60 825
61 825
62 825
63 825
64 825
65 825
66 825
67 825
68 825
69 825
70 825
71 825
72 825
73 825
74 825
75 825
76 825
77 825
78 825
79 825
80 825
81 825
82 825
83 825
84 825
85 825
86 825
87 825
88 825
89 825
90 825
91 825
92 825
93 825
94 825
95 825
96 825
97 825
98 825
99 825
100 825
101 825
102 825
103 825
104 825
105 825
106 825
107 825
108 825
109 825
110 825
111 825
112 825
113 825
114 825
115 825
116 825
117 825
118 825
119 825
120 825
121 825
122 825
123 825
124 825
125 825
126 825
127 825
128 825
129 825
130 825
131 825
132 825
133 825
134 825
135 825
136 825
137 825
138 825
139 825
140 825
141 825
142 825
143 825
144 825
145 825
146 825
147 825
148 825
149 825
150 825
151 825
152 825
153 825
154 825
155 825
156 825
157 825
158 825
159 825
160 825
161 825
162 825
163 825
164 825
165 825
166 825
167 825
168 825
169 825
170 825
171 825
172 825
173 825
174 825
175 825
176 825
177 825
178 825
179 825
180 825
181 825
182 825
183 825
184 825
185 825
186 825
187 825
188 825
189 825
190 825
191 825
192 825
193 825
194 825
195 825
196 825
197 825
198 825
199 825
200 825
201 825
202 825
203 825
204 825
205 825
206 825
207 825
208 825
209 825
210 825
211 825
212 825
213 825
214 825
215 825
216 825
217 825
218 825
219 825
220 825
221 825
222 825
223 825
224 825
225 825
226 825
227 825
228 825
229 825
230 825
231 825
232 825
233 825
234 825
235 825
236 825
237 825
238 825
239 825
240 825
241 825
242 825
243 825
244 825
245 825
246 825
247 825
248 825
249 825
250 825
251 825
252 825
253 825
254 825
255 825
256 825
257 825
258 825
259 825
260 825
261 825
262 825
263 825
264 825
265 825
266 825
267 825
268 825
269 825
270 825
271 825
272 825
273 825
274 825
275 825
276 825
277 825
278 825
279 825
280 825
281 825
282 825
283 825
284 825
285 825
286 825
287 825
288 825
289 825
290 825
291 825
292 825
293 825
294 825
295 825
296 825
297 825
298 825
299 825
300 825
301 825
302 825
303 825
304 825
305 825
306 825
307 825
308 825
309 825
310 825
311 825
312 825
313 825
314 825
315 825
316 825
317 825
318 825
319 825
320 825
321 825
322 825
323 825
324 825
325 825
326 825
327 825
328 825
329 825
330 825
331 825
332 825
333 825
334 825
335 825
336 825
337 825
338 825
339 825
340 825
341 825
342 825
343 825
344 825
345 825
346 825
347 825
348 825
349 825
350 825
351 825
352 825
353 825
354 825
355 825
356 825
357 825
358 825
359 825
360 825
361 825
362 825
363 825
364 825
365 825
366 825
367 825
368 825
369 825
370 825
371 825
372 825
373 825
374 825
375 825
376 825
377 825
378 825
379 825
380 825
381 825
382 825
383 825
384 825
385 825
386 825
387 825
388 825
389 825
390 825
391 825
392 825
393 825
394 825
395 825
396 825
397 825
398 825
399 825
400 825
401 825
402 825
403 825
404 825
405 825
406 825
407 825
408 825
409 825
410 825
411 825
412 825
413 825
414 825
415 825
416 825
417 825
418 825
419 825
420 825
421 825
422 825
423 825
424 825
425 825
426 825
427 825
428 825
429 825
430 825
431 825
432 825
433 825
434 825
435 825
436 825
437 825
438 825
439 825
440 825
441 825
442 825
443 825
444 825
445 825
446 825
447 825
448 825
449 825
450 825
451 825
452 825
453 825
454 825
455 825
456 825
457 825
458 825
459 825
460 825
461 825
462 825
463 825
464 825
465 825
466 825
467 825
468 825
469 825
470 825
471 825
472 825
473 825
474 825
475 825
476 825
477 825
478 825
479 825
480 825
481 825
482 825
483 825
484 825
485 825
486 825
487 825
488 825
489 825
490 825
491 825
492 825
493 825
494 825
495 825
496 825
497 825
498 825
499 825
500 825
501 825
502 825
503 825
504 825
505 825
506 825
507 825
508 825
509 825
510 825
511 825
512 825
513 825
514 825
515 825
516 825
517 825
518 825
519 825
520 825
521 825
522 825
523 825
524 825
525 825
526 825
527 825
528 825
529 825
530 825
531 825
532 825
533 825
534 825
535 825
536 825
537 825
538 825
539 825
540 825
541 825
542 825
543 825
544 825
545 825
546 825
547 825
548 825
549 825
550 825
551 825
552 825
553 825
554 825
555 825
556 825
557 825
558 825
559 825
560 825
561 825
562 825
563 825
564 825
565 825
566 825
567 825
568 825
569 825
570 825
571 825
572 825
573 825
574 825
575 825
576 825
577 825
578 825
579 825
580 825
581 825
582 825
583 825
584 825
585 825
586 825
587 825
588 825
589 825
590 825
591 825
592 825
593 825
594 825
595 825
596 825
597 825
598 825
599 825
600 825
601 825
602 825
603 825
604 825
605 825
606 825
607 825
608 825
609 825
610 825
611 825
612 825
613 825
614 825
615 825
616 825
617 825
618 825
619 825
620 825
621 825
622 825
623 825
624 825
625 825
626 825
627 825
628 825
629 825
630 825
631 825
632 825
633 825
634 825
635 825
636 825
637 825
638 825
639 825
640 825
641 825
642 825
643 825
644 825
645 825
646 825
647 825
648 825
649 825
650 825
651 825
652 825
653 825
654 825
655 825
656 825
657 825
658 825
659 825
660 825
661 825
662 825
663 825
664 825
665 825
666 825
667 825
668 825
669 825
670 825
671 825
672 825
673 825
674 825
675 825
676 825
677 825
678 825
679 825
680 825
681 825
682 825
683 825
684 825
685 825
686 825
687 825
688 825
689 825
690 825
691 825
692 825
693 825
694 825
695 825
696 825
697 825
698 825
699 825
700 825
701 825
702 825
703 825
704 825
705 825
706 825
707 825
708 825
709 825
710 825
711 825
712 825
713 825
714 825
715 825
716 825
717 825
718 825
719 825
720 825
721 825
722 825
723 825
724 825
725 825
726 825
727 825
728 825
729 825
730 825
731 825
732 825
733 825
734 825
735 825
736 825
737 825
738 825
739 825
740 825
741 825
742 825
743 825
744 825
745 825
746 825
747 825
748 825
749 825
750 825
751 825
752 825
753 825
754 825
755 825
756 825
757 825
758 825
759 825
760 825
761 825
762 825
763 825
764 825
765 825
766 825
767 825
768 825
769 825
770 825
771 825
772 825
773 825
774 825
775 825
776 825
777 825
778 825
779 825
780 825
781 825
782 825
783 825
784 825
785 825
786 825
787 825
788 825
789 825
790 825
791 825
792 825
793 825
794 825
795 825
796 825
797 825
798 825
799 825
800 825
801 825
802 825
803 825
804 825
805 825
806 825
807 825
808 825
809 825
810 825
811 825
812 825
813 825
814 825
815 825
816 825
817 825
818 825
819 825
820 825
821 825
822 825
823 825
824 825
825 826
