880
879
1 879
2 879
3 879
4 879
5 879
6 879
7 879
8 879
9 879
10 879
11 879
12 879
13 879
14 879
15 879
16 879
17 879
18 879
19 879
20 879
21 879
22 879
23 879
24 879
25 879
26 879
27 879
28 879
29 879
30 879
31 879
32 879
33 879
34 879
35 879
36 879
37 879
38 879
39 879
40 879
41 879
42 879
43 879
44 879
45 879
46 879
47 879
48 879
49 879
50 879
51 879
52 879
53 879
54 879
55 879
56 879
57 879
58 879
59 879
60 879
61 879
62 879
63 879
64 879
65 879
66 879
67 879
68 879
69 879
70 879
71 879
72 879
73 879
74 879
75 879
76 879
77 879
78 879
79 879
80 879
81 879
82 879
83 879
84 879
85 879
86 879
87 879
88 879
89 879
90 879
91 879
92 879
93 879
94 879
95 879
96 879
97 879
98 879
99 879
100 879
101 879
102 879
103 879
104 879
105 879
106 879
107 879
108 879
109 879
110 879
111 879
112 879
113 879
114 879
115 879
116 879
117 879
118 879
119 879
120 879
121 879
122 879
123 879
124 879
125 879
126 879
127 879
128 879
129 879
130 879
131 879
132 879
133 879
134 879
135 879
136 879
137 879
138 879
139 879
140 879
141 879
142 879
143 879
144 879
145 879
146 879
147 879
148 879
149 879
150 879
151 879
152 879
153 879
154 879
155 879
156 879
157 879
158 879
159 879
160 879
161 879
162 879
163 879
164 879
165 879
166 879
167 879
168 879
169 879
170 879
171 879
172 879
173 879
174 879
175 879
176 879
177 879
178 879
179 879
180 879
181 879
182 879
183 879
184 879
185 879
186 879
187 879
188 879
189 879
190 879
191 879
192 879
193 879
194 879
195 879
196 879
197 879
198 879
199 879
200 879
201 879
202 879
203 879
204 879
205 879
206 879
207 879
208 879
209 879
210 879
211 879
212 879
213 879
214 879
215 879
216 879
217 879
218 879
219 879
220 879
221 879
222 879
223 879
224 879
225 879
226 879
227 879
228 879
229 879
230 879
231 879
232 879
233 879
234 879
235 879
236 879
237 879
238 879
239 879
240 879
241 879
242 879
243 879
244 879
245 879
246 879
247 879
248 879
249 879
250 879
251 879
252 879
253 879
254 879
255 879
256 879
257 879
258 879
259 879
260 879
261 879
262 879
263 879
264 879
265 879
266 879
267 879
268 879
269 879
270 879
271 879
272 879
273 879
274 879
275 879
276 879
277 879
278 879
279 879
280 879
281 879
282 879
283 879
284 879
285 879
286 879
287 879
288 879
289 879
290 879
291 879
292 879
293 879
294 879
295 879
296 879
297 879
298 879
299 879
300 879
301 879
302 879
303 879
304 879
305 879
306 879
307 879
308 879
309 879
310 879
311 879
312 879
313 879
314 879
315 879
316 879
317 879
318 879
319 879
320 879
321 879
322 879
323 879
324 879
325 879
326 879
327 879
328 879
329 879
330 879
331 879
332 879
333 879
334 879
335 879
336 879
337 879
338 879
339 879
340 879
341 879
342 879
343 879
344 879
345 879
346 879
347 879
348 879
349 879
350 879
351 879
352 879
353 879
354 879
355 879
356 879
357 879
358 879
359 879
360 879
361 879
362 879
363 879
364 879
365 879
366 879
367 879
368 879
369 879
370 879
371 879
372 879
373 879
374 879
375 879
376 879
377 879
378 879
379 879
380 879
381 879
382 879
383 879
384 879
385 879
386 879
387 879
388 879
389 879
390 879
391 879
392 879
393 879
394 879
395 879
396 879
397 879
398 879
399 879
400 879
401 879
402 879
403 879
404 879
405 879
406 879
407 879
408 879
409 879
410 879
411 879
412 879
413 879
414 879
415 879
416 879
417 879
418 879
419 879
420 879
421 879
422 879
423 879
424 879
425 879
426 879
427 879
428 879
429 879
430 879
431 879
432 879
433 879
434 879
435 879
436 879
437 879
438 879
439 879
440 879
441 879
442 879
443 879
444 879
445 879
446 879
447 879
448 879
449 879
450 879
451 879
452 879
453 879
454 879
455 879
456 879
457 879
458 879
459 879
460 879
461 879
462 879
463 879
464 879
465 879
466 879
467 879
468 879
469 879
470 879
471 879
472 879
473 879
474 879
475 879
476 879
477 879
478 879
479 879
480 879
481 879
482 879
483 879
484 879
485 879
486 879
487 879
488 879
489 879
490 879
491 879
492 879
493 879
494 879
495 879
496 879
497 879
498 879
499 879
500 879
501 879
502 879
503 879
504 879
505 879
506 879
507 879
508 879
509 879
510 879
511 879
512 879
513 879
514 879
515 879
516 879
517 879
518 879
519 879
520 879
521 879
522 879
523 879
524 879
525 879
526 879
527 879
528 879
529 879
530 879
531 879
532 879
533 879
534 879
535 879
536 879
537 879
538 879
539 879
540 879
541 879
542 879
543 879
544 879
545 879
546 879
547 879
548 879
549 879
550 879
551 879
552 879
553 879
554 879
555 879
556 879
557 879
558 879
559 879
560 879
561 879
562 879
563 879
564 879
565 879
566 879
567 879
568 879
569 879
570 879
571 879
572 879
573 879
574 879
575 879
576 879
577 879
578 879
579 879
580 879
581 879
582 879
583 879
584 879
585 879
586 879
587 879
588 879
589 879
590 879
591 879
592 879
593 879
594 879
595 879
596 879
597 879
598 879
599 879
600 879
601 879
602 879
603 879
604 879
605 879
606 879
607 879
608 879
609 879
610 879
611 879
612 879
613 879
614 879
615 879
616 879
617 879
618 879
619 879
620 879
621 879
622 879
623 879
624 879
625 879
626 879
627 879
628 879
629 879
630 879
631 879
632 879
633 879
634 879
635 879
636 879
637 879
638 879
639 879
640 879
641 879
642 879
643 879
644 879
645 879
646 879
647 879
648 879
649 879
650 879
651 879
652 879
653 879
654 879
655 879
656 879
657 879
658 879
659 879
660 879
661 879
662 879
663 879
664 879
665 879
666 879
667 879
668 879
669 879
670 879
671 879
672 879
673 879
674 879
675 879
676 879
677 879
678 879
679 879
680 879
681 879
682 879
683 879
684 879
685 879
686 879
687 879
688 879
689 879
690 879
691 879
692 879
693 879
694 879
695 879
696 879
697 879
698 879
699 879
700 879
701 879
702 879
703 879
704 879
705 879
706 879
707 879
708 879
709 879
710 879
711 879
712 879
713 879
714 879
715 879
716 879
717 879
718 879
719 879
720 879
721 879
722 879
723 879
724 879
725 879
726 879
727 879
728 879
729 879
730 879
731 879
732 879
733 879
734 879
735 879
736 879
737 879
738 879
739 879
740 879
741 879
742 879
743 879
744 879
745 879
746 879
747 879
748 879
749 879
750 879
751 879
752 879
753 879
754 879
755 879
756 879
757 879
758 879
759 879
760 879
761 879
762 879
763 879
764 879
765 879
766 879
767 879
768 879
769 879
770 879
771 879
772 879
773 879
774 879
775 879
776 879
777 879
778 879
779 879
780 879
781 879
782 879
783 879
784 879
785 879
786 879
787 879
788 879
789 879
790 879
791 879
792 879
793 879
794 879
795 879
796 879
797 879
798 879
799 879
800 879
801 879
802 879
803 879
804 879
805 879
806 879
807 879
808 879
809 879
810 879
811 879
812 879
813 879
814 879
815 879
816 879
817 879
818 879
819 879
820 879
821 879
822 879
823 879
824 879
825 879
826 879
827 879
828 879
829 879
830 879
831 879
832 879
833 879
834 879
835 879
836 879
837 879
838 879
839 879
840 879
841 879
842 879
843 879
844 879
845 879
846 879
847 879
848 879
849 879
850 879
851 879
852 879
853 879
854 879
855 879
856 879
857 879
858 879
859 879
860 879
861 879
862 879
863 879
864 879
865 879
866 879
867 879
868 879
869 879
870 879
871 879
872 879
873 879
874 879
875 879
876 879
877 879
878 879
879 880
