519
518
1 518
2 518
3 518
4 518
5 518
6 518
7 518
8 518
9 518
10 518
11 518
12 518
13 518
14 518
15 518
16 518
17 518
18 518
19 518
20 518
21 518
22 518
23 518
24 518
25 518
26 518
27 518
28 518
29 518
30 518
31 518
32 518
33 518
34 518
35 518
36 518
37 518
38 518
39 518
40 518
41 518
42 518
43 518
44 518
45 518
46 518
47 518
48 518
49 518
50 518
51 518
52 518
53 518
54 518
55 518
56 518
57 518
58 518
59 518
60 518
61 518
62 518
63 518
64 518
65 518
66 518
67 518
68 518
69 518
70 518
71 518
72 518
73 518
74 518
75 518
76 518
77 518
78 518
79 518
80 518
81 518
82 518
83 518
84 518
85 518
86 518
87 518
88 518
89 518
90 518
91 518
92 518
93 518
94 518
95 518
96 518
97 518
98 518
99 518
100 518
101 518
102 518
103 518
104 518
105 518
106 518
107 518
108 518
109 518
110 518
111 518
112 518
113 518
114 518
115 518
116 518
117 518
118 518
119 518
120 518
121 518
122 518
123 518
124 518
125 518
126 518
127 518
128 518
129 518
130 518
131 518
132 518
133 518
134 518
135 518
136 518
137 518
138 518
139 518
140 518
141 518
142 518
143 518
144 518
145 518
146 518
147 518
148 518
149 518
150 518
151 518
152 518
153 518
154 518
155 518
156 518
157 518
158 518
159 518
160 518
161 518
162 518
163 518
164 518
165 518
166 518
167 518
168 518
169 518
170 518
171 518
172 518
173 518
174 518
175 518
176 518
177 518
178 518
179 518
180 518
181 518
182 518
183 518
184 518
185 518
186 518
187 518
188 518
189 518
190 518
191 518
192 518
193 518
194 518
195 518
196 518
197 518
198 518
199 518
200 518
201 518
202 518
203 518
204 518
205 518
206 518
207 518
208 518
209 518
210 518
211 518
212 518
213 518
214 518
215 518
216 518
217 518
218 518
219 518
220 518
221 518
222 518
223 518
224 518
225 518
226 518
227 518
228 518
229 518
230 518
231 518
232 518
233 518
234 518
235 518
236 518
237 518
238 518
239 518
240 518
241 518
242 518
243 518
244 518
245 518
246 518
247 518
248 518
249 518
250 518
251 518
252 518
253 518
254 518
255 518
256 518
257 518
258 518
259 518
260 518
261 518
262 518
263 518
264 518
265 518
266 518
267 518
268 518
269 518
270 518
271 518
272 518
273 518
274 518
275 518
276 518
277 518
278 518
279 518
280 518
281 518
282 518
283 518
284 518
285 518
286 518
287 518
288 518
289 518
290 518
291 518
292 518
293 518
294 518
295 518
296 518
297 518
298 518
299 518
300 518
301 518
302 518
303 518
304 518
305 518
306 518
307 518
308 518
309 518
310 518
311 518
312 518
313 518
314 518
315 518
316 518
317 518
318 518
319 518
320 518
321 518
322 518
323 518
324 518
325 518
326 518
327 518
328 518
329 518
330 518
331 518
332 518
333 518
334 518
335 518
336 518
337 518
338 518
339 518
340 518
341 518
342 518
343 518
344 518
345 518
346 518
347 518
348 518
349 518
350 518
351 518
352 518
353 518
354 518
355 518
356 518
357 518
358 518
359 518
360 518
361 518
362 518
363 518
364 518
365 518
366 518
367 518
368 518
369 518
370 518
371 518
372 518
373 518
374 518
375 518
376 518
377 518
378 518
379 518
380 518
381 518
382 518
383 518
384 518
385 518
386 518
387 518
388 518
389 518
390 518
391 518
392 518
393 518
394 518
395 518
396 518
397 518
398 518
399 518
400 518
401 518
402 518
403 518
404 518
405 518
406 518
407 518
408 518
409 518
410 518
411 518
412 518
413 518
414 518
415 518
416 518
417 518
418 518
419 518
420 518
421 518
422 518
423 518
424 518
425 518
426 518
427 518
428 518
429 518
430 518
431 518
432 518
433 518
434 518
435 518
436 518
437 518
438 518
439 518
440 518
441 518
442 518
443 518
444 518
445 518
446 518
447 518
448 518
449 518
450 518
451 518
452 518
453 518
454 518
455 518
456 518
457 518
458 518
459 518
460 518
461 518
462 518
463 518
464 518
465 518
466 518
467 518
468 518
469 518
470 518
471 518
472 518
473 518
474 518
475 518
476 518
477 518
478 518
479 518
480 518
481 518
482 518
483 518
484 518
485 518
486 518
487 518
488 518
489 518
490 518
491 518
492 518
493 518
494 518
495 518
496 518
497 518
498 518
499 518
500 518
501 518
502 518
503 518
504 518
505 518
506 518
507 518
508 518
509 518
510 518
511 518
512 518
513 518
514 518
515 518
516 518
517 518
518 519
