763
762
1 762
2 762
3 762
4 762
5 762
6 762
7 762
8 762
9 762
10 762
11 762
12 762
13 762
14 762
15 762
16 762
17 762
18 762
19 762
20 762
21 762
22 762
23 762
24 762
25 762
26 762
27 762
28 762
29 762
30 762
31 762
32 762
33 762
34 762
35 762
36 762
37 762
38 762
39 762
40 762
41 762
42 762
43 762
44 762
45 762
46 762
47 762
48 762
49 762
50 762
51 762
52 762
53 762
54 762
55 762
56 762
57 762
58 762
59 762
60 762
61 762
62 762
63 762
64 762
65 762
66 762
67 762
68 762
69 762
70 762
71 762
72 762
73 762
74 762
75 762
76 762
77 762
78 762
79 762
80 762
81 762
82 762
83 762
84 762
85 762
86 762
87 762
88 762
89 762
90 762
91 762
92 762
93 762
94 762
95 762
96 762
97 762
98 762
99 762
100 762
101 762
102 762
103 762
104 762
105 762
106 762
107 762
108 762
109 762
110 762
111 762
112 762
113 762
114 762
115 762
116 762
117 762
118 762
119 762
120 762
121 762
122 762
123 762
124 762
125 762
126 762
127 762
128 762
129 762
130 762
131 762
132 762
133 762
134 762
135 762
136 762
137 762
138 762
139 762
140 762
141 762
142 762
143 762
144 762
145 762
146 762
147 762
148 762
149 762
150 762
151 762
152 762
153 762
154 762
155 762
156 762
157 762
158 762
159 762
160 762
161 762
162 762
163 762
164 762
165 762
166 762
167 762
168 762
169 762
170 762
171 762
172 762
173 762
174 762
175 762
176 762
177 762
178 762
179 762
180 762
181 762
182 762
183 762
184 762
185 762
186 762
187 762
188 762
189 762
190 762
191 762
192 762
193 762
194 762
195 762
196 762
197 762
198 762
199 762
200 762
201 762
202 762
203 762
204 762
205 762
206 762
207 762
208 762
209 762
210 762
211 762
212 762
213 762
214 762
215 762
216 762
217 762
218 762
219 762
220 762
221 762
222 762
223 762
224 762
225 762
226 762
227 762
228 762
229 762
230 762
231 762
232 762
233 762
234 762
235 762
236 762
237 762
238 762
239 762
240 762
241 762
242 762
243 762
244 762
245 762
246 762
247 762
248 762
249 762
250 762
251 762
252 762
253 762
254 762
255 762
256 762
257 762
258 762
259 762
260 762
261 762
262 762
263 762
264 762
265 762
266 762
267 762
268 762
269 762
270 762
271 762
272 762
273 762
274 762
275 762
276 762
277 762
278 762
279 762
280 762
281 762
282 762
283 762
284 762
285 762
286 762
287 762
288 762
289 762
290 762
291 762
292 762
293 762
294 762
295 762
296 762
297 762
298 762
299 762
300 762
301 762
302 762
303 762
304 762
305 762
306 762
307 762
308 762
309 762
310 762
311 762
312 762
313 762
314 762
315 762
316 762
317 762
318 762
319 762
320 762
321 762
322 762
323 762
324 762
325 762
326 762
327 762
328 762
329 762
330 762
331 762
332 762
333 762
334 762
335 762
336 762
337 762
338 762
339 762
340 762
341 762
342 762
343 762
344 762
345 762
346 762
347 762
348 762
349 762
350 762
351 762
352 762
353 762
354 762
355 762
356 762
357 762
358 762
359 762
360 762
361 762
362 762
363 762
364 762
365 762
366 762
367 762
368 762
369 762
370 762
371 762
372 762
373 762
374 762
375 762
376 762
377 762
378 762
379 762
380 762
381 762
382 762
383 762
384 762
385 762
386 762
387 762
388 762
389 762
390 762
391 762
392 762
393 762
394 762
395 762
396 762
397 762
398 762
399 762
400 762
401 762
402 762
403 762
404 762
405 762
406 762
407 762
408 762
409 762
410 762
411 762
412 762
413 762
414 762
415 762
416 762
417 762
418 762
419 762
420 762
421 762
422 762
423 762
424 762
425 762
426 762
427 762
428 762
429 762
430 762
431 762
432 762
433 762
434 762
435 762
436 762
437 762
438 762
439 762
440 762
441 762
442 762
443 762
444 762
445 762
446 762
447 762
448 762
449 762
450 762
451 762
452 762
453 762
454 762
455 762
456 762
457 762
458 762
459 762
460 762
461 762
462 762
463 762
464 762
465 762
466 762
467 762
468 762
469 762
470 762
471 762
472 762
473 762
474 762
475 762
476 762
477 762
478 762
479 762
480 762
481 762
482 762
483 762
484 762
485 762
486 762
487 762
488 762
489 762
490 762
491 762
492 762
493 762
494 762
495 762
496 762
497 762
498 762
499 762
500 762
501 762
502 762
503 762
504 762
505 762
506 762
507 762
508 762
509 762
510 762
511 762
512 762
513 762
514 762
515 762
516 762
517 762
518 762
519 762
520 762
521 762
522 762
523 762
524 762
525 762
526 762
527 762
528 762
529 762
530 762
531 762
532 762
533 762
534 762
535 762
536 762
537 762
538 762
539 762
540 762
541 762
542 762
543 762
544 762
545 762
546 762
547 762
548 762
549 762
550 762
551 762
552 762
553 762
554 762
555 762
556 762
557 762
558 762
559 762
560 762
561 762
562 762
563 762
564 762
565 762
566 762
567 762
568 762
569 762
570 762
571 762
572 762
573 762
574 762
575 762
576 762
577 762
578 762
579 762
580 762
581 762
582 762
583 762
584 762
585 762
586 762
587 762
588 762
589 762
590 762
591 762
592 762
593 762
594 762
595 762
596 762
597 762
598 762
599 762
600 762
601 762
602 762
603 762
604 762
605 762
606 762
607 762
608 762
609 762
610 762
611 762
612 762
613 762
614 762
615 762
616 762
617 762
618 762
619 762
620 762
621 762
622 762
623 762
624 762
625 762
626 762
627 762
628 762
629 762
630 762
631 762
632 762
633 762
634 762
635 762
636 762
637 762
638 762
639 762
640 762
641 762
642 762
643 762
644 762
645 762
646 762
647 762
648 762
649 762
650 762
651 762
652 762
653 762
654 762
655 762
656 762
657 762
658 762
659 762
660 762
661 762
662 762
663 762
664 762
665 762
666 762
667 762
668 762
669 762
670 762
671 762
672 762
673 762
674 762
675 762
676 762
677 762
678 762
679 762
680 762
681 762
682 762
683 762
684 762
685 762
686 762
687 762
688 762
689 762
690 762
691 762
692 762
693 762
694 762
695 762
696 762
697 762
698 762
699 762
700 762
701 762
702 762
703 762
704 762
705 762
706 762
707 762
708 762
709 762
710 762
711 762
712 762
713 762
714 762
715 762
716 762
717 762
718 762
719 762
720 762
721 762
722 762
723 762
724 762
725 762
726 762
727 762
728 762
729 762
730 762
731 762
732 762
733 762
734 762
735 762
736 762
737 762
738 762
739 762
740 762
741 762
742 762
743 762
744 762
745 762
746 762
747 762
748 762
749 762
750 762
751 762
752 762
753 762
754 762
755 762
756 762
757 762
758 762
759 762
760 762
761 762
762 763
