859
858
1 858
2 858
3 858
4 858
5 858
6 858
7 858
8 858
9 858
10 858
11 858
12 858
13 858
14 858
15 858
16 858
17 858
18 858
19 858
20 858
21 858
22 858
23 858
24 858
25 858
26 858
27 858
28 858
29 858
30 858
31 858
32 858
33 858
34 858
35 858
36 858
37 858
38 858
39 858
40 858
41 858
42 858
43 858
44 858
45 858
46 858
47 858
48 858
49 858
50 858
51 858
52 858
53 858
54 858
55 858
56 858
57 858
58 858
59 858
60 858
61 858
62 858
63 858
64 858
65 858
66 858
67 858
68 858
69 858
70 858
71 858
72 858
73 858
74 858
75 858
76 858
77 858
78 858
79 858
80 858
81 858
82 858
83 858
84 858
85 858
86 858
87 858
88 858
89 858
90 858
91 858
92 858
93 858
94 858
95 858
96 858
97 858
98 858
99 858
100 858
101 858
102 858
103 858
104 858
105 858
106 858
107 858
108 858
109 858
110 858
111 858
112 858
113 858
114 858
115 858
116 858
117 858
118 858
119 858
120 858
121 858
122 858
123 858
124 858
125 858
126 858
127 858
128 858
129 858
130 858
131 858
132 858
133 858
134 858
135 858
136 858
137 858
138 858
139 858
140 858
141 858
142 858
143 858
144 858
145 858
146 858
147 858
148 858
149 858
150 858
151 858
152 858
153 858
154 858
155 858
156 858
157 858
158 858
159 858
160 858
161 858
162 858
163 858
164 858
165 858
166 858
167 858
168 858
169 858
170 858
171 858
172 858
173 858
174 858
175 858
176 858
177 858
178 858
179 858
180 858
181 858
182 858
183 858
184 858
185 858
186 858
187 858
188 858
189 858
190 858
191 858
192 858
193 858
194 858
195 858
196 858
197 858
198 858
199 858
200 858
201 858
202 858
203 858
204 858
205 858
206 858
207 858
208 858
209 858
210 858
211 858
212 858
213 858
214 858
215 858
216 858
217 858
218 858
219 858
220 858
221 858
222 858
223 858
224 858
225 858
226 858
227 858
228 858
229 858
230 858
231 858
232 858
233 858
234 858
235 858
236 858
237 858
238 858
239 858
240 858
241 858
242 858
243 858
244 858
245 858
246 858
247 858
248 858
249 858
250 858
251 858
252 858
253 858
254 858
255 858
256 858
257 858
258 858
259 858
260 858
261 858
262 858
263 858
264 858
265 858
266 858
267 858
268 858
269 858
270 858
271 858
272 858
273 858
274 858
275 858
276 858
277 858
278 858
279 858
280 858
281 858
282 858
283 858
284 858
285 858
286 858
287 858
288 858
289 858
290 858
291 858
292 858
293 858
294 858
295 858
296 858
297 858
298 858
299 858
300 858
301 858
302 858
303 858
304 858
305 858
306 858
307 858
308 858
309 858
310 858
311 858
312 858
313 858
314 858
315 858
316 858
317 858
318 858
319 858
320 858
321 858
322 858
323 858
324 858
325 858
326 858
327 858
328 858
329 858
330 858
331 858
332 858
333 858
334 858
335 858
336 858
337 858
338 858
339 858
340 858
341 858
342 858
343 858
344 858
345 858
346 858
347 858
348 858
349 858
350 858
351 858
352 858
353 858
354 858
355 858
356 858
357 858
358 858
359 858
360 858
361 858
362 858
363 858
364 858
365 858
366 858
367 858
368 858
369 858
370 858
371 858
372 858
373 858
374 858
375 858
376 858
377 858
378 858
379 858
380 858
381 858
382 858
383 858
384 858
385 858
386 858
387 858
388 858
389 858
390 858
391 858
392 858
393 858
394 858
395 858
396 858
397 858
398 858
399 858
400 858
401 858
402 858
403 858
404 858
405 858
406 858
407 858
408 858
409 858
410 858
411 858
412 858
413 858
414 858
415 858
416 858
417 858
418 858
419 858
420 858
421 858
422 858
423 858
424 858
425 858
426 858
427 858
428 858
429 858
430 858
431 858
432 858
433 858
434 858
435 858
436 858
437 858
438 858
439 858
440 858
441 858
442 858
443 858
444 858
445 858
446 858
447 858
448 858
449 858
450 858
451 858
452 858
453 858
454 858
455 858
456 858
457 858
458 858
459 858
460 858
461 858
462 858
463 858
464 858
465 858
466 858
467 858
468 858
469 858
470 858
471 858
472 858
473 858
474 858
475 858
476 858
477 858
478 858
479 858
480 858
481 858
482 858
483 858
484 858
485 858
486 858
487 858
488 858
489 858
490 858
491 858
492 858
493 858
494 858
495 858
496 858
497 858
498 858
499 858
500 858
501 858
502 858
503 858
504 858
505 858
506 858
507 858
508 858
509 858
510 858
511 858
512 858
513 858
514 858
515 858
516 858
517 858
518 858
519 858
520 858
521 858
522 858
523 858
524 858
525 858
526 858
527 858
528 858
529 858
530 858
531 858
532 858
533 858
534 858
535 858
536 858
537 858
538 858
539 858
540 858
541 858
542 858
543 858
544 858
545 858
546 858
547 858
548 858
549 858
550 858
551 858
552 858
553 858
554 858
555 858
556 858
557 858
558 858
559 858
560 858
561 858
562 858
563 858
564 858
565 858
566 858
567 858
568 858
569 858
570 858
571 858
572 858
573 858
574 858
575 858
576 858
577 858
578 858
579 858
580 858
581 858
582 858
583 858
584 858
585 858
586 858
587 858
588 858
589 858
590 858
591 858
592 858
593 858
594 858
595 858
596 858
597 858
598 858
599 858
600 858
601 858
602 858
603 858
604 858
605 858
606 858
607 858
608 858
609 858
610 858
611 858
612 858
613 858
614 858
615 858
616 858
617 858
618 858
619 858
620 858
621 858
622 858
623 858
624 858
625 858
626 858
627 858
628 858
629 858
630 858
631 858
632 858
633 858
634 858
635 858
636 858
637 858
638 858
639 858
640 858
641 858
642 858
643 858
644 858
645 858
646 858
647 858
648 858
649 858
650 858
651 858
652 858
653 858
654 858
655 858
656 858
657 858
658 858
659 858
660 858
661 858
662 858
663 858
664 858
665 858
666 858
667 858
668 858
669 858
670 858
671 858
672 858
673 858
674 858
675 858
676 858
677 858
678 858
679 858
680 858
681 858
682 858
683 858
684 858
685 858
686 858
687 858
688 858
689 858
690 858
691 858
692 858
693 858
694 858
695 858
696 858
697 858
698 858
699 858
700 858
701 858
702 858
703 858
704 858
705 858
706 858
707 858
708 858
709 858
710 858
711 858
712 858
713 858
714 858
715 858
716 858
717 858
718 858
719 858
720 858
721 858
722 858
723 858
724 858
725 858
726 858
727 858
728 858
729 858
730 858
731 858
732 858
733 858
734 858
735 858
736 858
737 858
738 858
739 858
740 858
741 858
742 858
743 858
744 858
745 858
746 858
747 858
748 858
749 858
750 858
751 858
752 858
753 858
754 858
755 858
756 858
757 858
758 858
759 858
760 858
761 858
762 858
763 858
764 858
765 858
766 858
767 858
768 858
769 858
770 858
771 858
772 858
773 858
774 858
775 858
776 858
777 858
778 858
779 858
780 858
781 858
782 858
783 858
784 858
785 858
786 858
787 858
788 858
789 858
790 858
791 858
792 858
793 858
794 858
795 858
796 858
797 858
798 858
799 858
800 858
801 858
802 858
803 858
804 858
805 858
806 858
807 858
808 858
809 858
810 858
811 858
812 858
813 858
814 858
815 858
816 858
817 858
818 858
819 858
820 858
821 858
822 858
823 858
824 858
825 858
826 858
827 858
828 858
829 858
830 858
831 858
832 858
833 858
834 858
835 858
836 858
837 858
838 858
839 858
840 858
841 858
842 858
843 858
844 858
845 858
846 858
847 858
848 858
849 858
850 858
851 858
852 858
853 858
854 858
855 858
856 858
857 858
858 859
