453
452
1 452
2 452
3 452
4 452
5 452
6 452
7 452
8 452
9 452
10 452
11 452
12 452
13 452
14 452
15 452
16 452
17 452
18 452
19 452
20 452
21 452
22 452
23 452
24 452
25 452
26 452
27 452
28 452
29 452
30 452
31 452
32 452
33 452
34 452
35 452
36 452
37 452
38 452
39 452
40 452
41 452
42 452
43 452
44 452
45 452
46 452
47 452
48 452
49 452
50 452
51 452
52 452
53 452
54 452
55 452
56 452
57 452
58 452
59 452
60 452
61 452
62 452
63 452
64 452
65 452
66 452
67 452
68 452
69 452
70 452
71 452
72 452
73 452
74 452
75 452
76 452
77 452
78 452
79 452
80 452
81 452
82 452
83 452
84 452
85 452
86 452
87 452
88 452
89 452
90 452
91 452
92 452
93 452
94 452
95 452
96 452
97 452
98 452
99 452
100 452
101 452
102 452
103 452
104 452
105 452
106 452
107 452
108 452
109 452
110 452
111 452
112 452
113 452
114 452
115 452
116 452
117 452
118 452
119 452
120 452
121 452
122 452
123 452
124 452
125 452
126 452
127 452
128 452
129 452
130 452
131 452
132 452
133 452
134 452
135 452
136 452
137 452
138 452
139 452
140 452
141 452
142 452
143 452
144 452
145 452
146 452
147 452
148 452
149 452
150 452
151 452
152 452
153 452
154 452
155 452
156 452
157 452
158 452
159 452
160 452
161 452
162 452
163 452
164 452
165 452
166 452
167 452
168 452
169 452
170 452
171 452
172 452
173 452
174 452
175 452
176 452
177 452
178 452
179 452
180 452
181 452
182 452
183 452
184 452
185 452
186 452
187 452
188 452
189 452
190 452
191 452
192 452
193 452
194 452
195 452
196 452
197 452
198 452
199 452
200 452
201 452
202 452
203 452
204 452
205 452
206 452
207 452
208 452
209 452
210 452
211 452
212 452
213 452
214 452
215 452
216 452
217 452
218 452
219 452
220 452
221 452
222 452
223 452
224 452
225 452
226 452
227 452
228 452
229 452
230 452
231 452
232 452
233 452
234 452
235 452
236 452
237 452
238 452
239 452
240 452
241 452
242 452
243 452
244 452
245 452
246 452
247 452
248 452
249 452
250 452
251 452
252 452
253 452
254 452
255 452
256 452
257 452
258 452
259 452
260 452
261 452
262 452
263 452
264 452
265 452
266 452
267 452
268 452
269 452
270 452
271 452
272 452
273 452
274 452
275 452
276 452
277 452
278 452
279 452
280 452
281 452
282 452
283 452
284 452
285 452
286 452
287 452
288 452
289 452
290 452
291 452
292 452
293 452
294 452
295 452
296 452
297 452
298 452
299 452
300 452
301 452
302 452
303 452
304 452
305 452
306 452
307 452
308 452
309 452
310 452
311 452
312 452
313 452
314 452
315 452
316 452
317 452
318 452
319 452
320 452
321 452
322 452
323 452
324 452
325 452
326 452
327 452
328 452
329 452
330 452
331 452
332 452
333 452
334 452
335 452
336 452
337 452
338 452
339 452
340 452
341 452
342 452
343 452
344 452
345 452
346 452
347 452
348 452
349 452
350 452
351 452
352 452
353 452
354 452
355 452
356 452
357 452
358 452
359 452
360 452
361 452
362 452
363 452
364 452
365 452
366 452
367 452
368 452
369 452
370 452
371 452
372 452
373 452
374 452
375 452
376 452
377 452
378 452
379 452
380 452
381 452
382 452
383 452
384 452
385 452
386 452
387 452
388 452
389 452
390 452
391 452
392 452
393 452
394 452
395 452
396 452
397 452
398 452
399 452
400 452
401 452
402 452
403 452
404 452
405 452
406 452
407 452
408 452
409 452
410 452
411 452
412 452
413 452
414 452
415 452
416 452
417 452
418 452
419 452
420 452
421 452
422 452
423 452
424 452
425 452
426 452
427 452
428 452
429 452
430 452
431 452
432 452
433 452
434 452
435 452
436 452
437 452
438 452
439 452
440 452
441 452
442 452
443 452
444 452
445 452
446 452
447 452
448 452
449 452
450 452
451 452
452 453
