760
759
1 759
2 759
3 759
4 759
5 759
6 759
7 759
8 759
9 759
10 759
11 759
12 759
13 759
14 759
15 759
16 759
17 759
18 759
19 759
20 759
21 759
22 759
23 759
24 759
25 759
26 759
27 759
28 759
29 759
30 759
31 759
32 759
33 759
34 759
35 759
36 759
37 759
38 759
39 759
40 759
41 759
42 759
43 759
44 759
45 759
46 759
47 759
48 759
49 759
50 759
51 759
52 759
53 759
54 759
55 759
56 759
57 759
58 759
59 759
60 759
61 759
62 759
63 759
64 759
65 759
66 759
67 759
68 759
69 759
70 759
71 759
72 759
73 759
74 759
75 759
76 759
77 759
78 759
79 759
80 759
81 759
82 759
83 759
84 759
85 759
86 759
87 759
88 759
89 759
90 759
91 759
92 759
93 759
94 759
95 759
96 759
97 759
98 759
99 759
100 759
101 759
102 759
103 759
104 759
105 759
106 759
107 759
108 759
109 759
110 759
111 759
112 759
113 759
114 759
115 759
116 759
117 759
118 759
119 759
120 759
121 759
122 759
123 759
124 759
125 759
126 759
127 759
128 759
129 759
130 759
131 759
132 759
133 759
134 759
135 759
136 759
137 759
138 759
139 759
140 759
141 759
142 759
143 759
144 759
145 759
146 759
147 759
148 759
149 759
150 759
151 759
152 759
153 759
154 759
155 759
156 759
157 759
158 759
159 759
160 759
161 759
162 759
163 759
164 759
165 759
166 759
167 759
168 759
169 759
170 759
171 759
172 759
173 759
174 759
175 759
176 759
177 759
178 759
179 759
180 759
181 759
182 759
183 759
184 759
185 759
186 759
187 759
188 759
189 759
190 759
191 759
192 759
193 759
194 759
195 759
196 759
197 759
198 759
199 759
200 759
201 759
202 759
203 759
204 759
205 759
206 759
207 759
208 759
209 759
210 759
211 759
212 759
213 759
214 759
215 759
216 759
217 759
218 759
219 759
220 759
221 759
222 759
223 759
224 759
225 759
226 759
227 759
228 759
229 759
230 759
231 759
232 759
233 759
234 759
235 759
236 759
237 759
238 759
239 759
240 759
241 759
242 759
243 759
244 759
245 759
246 759
247 759
248 759
249 759
250 759
251 759
252 759
253 759
254 759
255 759
256 759
257 759
258 759
259 759
260 759
261 759
262 759
263 759
264 759
265 759
266 759
267 759
268 759
269 759
270 759
271 759
272 759
273 759
274 759
275 759
276 759
277 759
278 759
279 759
280 759
281 759
282 759
283 759
284 759
285 759
286 759
287 759
288 759
289 759
290 759
291 759
292 759
293 759
294 759
295 759
296 759
297 759
298 759
299 759
300 759
301 759
302 759
303 759
304 759
305 759
306 759
307 759
308 759
309 759
310 759
311 759
312 759
313 759
314 759
315 759
316 759
317 759
318 759
319 759
320 759
321 759
322 759
323 759
324 759
325 759
326 759
327 759
328 759
329 759
330 759
331 759
332 759
333 759
334 759
335 759
336 759
337 759
338 759
339 759
340 759
341 759
342 759
343 759
344 759
345 759
346 759
347 759
348 759
349 759
350 759
351 759
352 759
353 759
354 759
355 759
356 759
357 759
358 759
359 759
360 759
361 759
362 759
363 759
364 759
365 759
366 759
367 759
368 759
369 759
370 759
371 759
372 759
373 759
374 759
375 759
376 759
377 759
378 759
379 759
380 759
381 759
382 759
383 759
384 759
385 759
386 759
387 759
388 759
389 759
390 759
391 759
392 759
393 759
394 759
395 759
396 759
397 759
398 759
399 759
400 759
401 759
402 759
403 759
404 759
405 759
406 759
407 759
408 759
409 759
410 759
411 759
412 759
413 759
414 759
415 759
416 759
417 759
418 759
419 759
420 759
421 759
422 759
423 759
424 759
425 759
426 759
427 759
428 759
429 759
430 759
431 759
432 759
433 759
434 759
435 759
436 759
437 759
438 759
439 759
440 759
441 759
442 759
443 759
444 759
445 759
446 759
447 759
448 759
449 759
450 759
451 759
452 759
453 759
454 759
455 759
456 759
457 759
458 759
459 759
460 759
461 759
462 759
463 759
464 759
465 759
466 759
467 759
468 759
469 759
470 759
471 759
472 759
473 759
474 759
475 759
476 759
477 759
478 759
479 759
480 759
481 759
482 759
483 759
484 759
485 759
486 759
487 759
488 759
489 759
490 759
491 759
492 759
493 759
494 759
495 759
496 759
497 759
498 759
499 759
500 759
501 759
502 759
503 759
504 759
505 759
506 759
507 759
508 759
509 759
510 759
511 759
512 759
513 759
514 759
515 759
516 759
517 759
518 759
519 759
520 759
521 759
522 759
523 759
524 759
525 759
526 759
527 759
528 759
529 759
530 759
531 759
532 759
533 759
534 759
535 759
536 759
537 759
538 759
539 759
540 759
541 759
542 759
543 759
544 759
545 759
546 759
547 759
548 759
549 759
550 759
551 759
552 759
553 759
554 759
555 759
556 759
557 759
558 759
559 759
560 759
561 759
562 759
563 759
564 759
565 759
566 759
567 759
568 759
569 759
570 759
571 759
572 759
573 759
574 759
575 759
576 759
577 759
578 759
579 759
580 759
581 759
582 759
583 759
584 759
585 759
586 759
587 759
588 759
589 759
590 759
591 759
592 759
593 759
594 759
595 759
596 759
597 759
598 759
599 759
600 759
601 759
602 759
603 759
604 759
605 759
606 759
607 759
608 759
609 759
610 759
611 759
612 759
613 759
614 759
615 759
616 759
617 759
618 759
619 759
620 759
621 759
622 759
623 759
624 759
625 759
626 759
627 759
628 759
629 759
630 759
631 759
632 759
633 759
634 759
635 759
636 759
637 759
638 759
639 759
640 759
641 759
642 759
643 759
644 759
645 759
646 759
647 759
648 759
649 759
650 759
651 759
652 759
653 759
654 759
655 759
656 759
657 759
658 759
659 759
660 759
661 759
662 759
663 759
664 759
665 759
666 759
667 759
668 759
669 759
670 759
671 759
672 759
673 759
674 759
675 759
676 759
677 759
678 759
679 759
680 759
681 759
682 759
683 759
684 759
685 759
686 759
687 759
688 759
689 759
690 759
691 759
692 759
693 759
694 759
695 759
696 759
697 759
698 759
699 759
700 759
701 759
702 759
703 759
704 759
705 759
706 759
707 759
708 759
709 759
710 759
711 759
712 759
713 759
714 759
715 759
716 759
717 759
718 759
719 759
720 759
721 759
722 759
723 759
724 759
725 759
726 759
727 759
728 759
729 759
730 759
731 759
732 759
733 759
734 759
735 759
736 759
737 759
738 759
739 759
740 759
741 759
742 759
743 759
744 759
745 759
746 759
747 759
748 759
749 759
750 759
751 759
752 759
753 759
754 759
755 759
756 759
757 759
758 759
759 760
