884
883
1 883
2 883
3 883
4 883
5 883
6 883
7 883
8 883
9 883
10 883
11 883
12 883
13 883
14 883
15 883
16 883
17 883
18 883
19 883
20 883
21 883
22 883
23 883
24 883
25 883
26 883
27 883
28 883
29 883
30 883
31 883
32 883
33 883
34 883
35 883
36 883
37 883
38 883
39 883
40 883
41 883
42 883
43 883
44 883
45 883
46 883
47 883
48 883
49 883
50 883
51 883
52 883
53 883
54 883
55 883
56 883
57 883
58 883
59 883
60 883
61 883
62 883
63 883
64 883
65 883
66 883
67 883
68 883
69 883
70 883
71 883
72 883
73 883
74 883
75 883
76 883
77 883
78 883
79 883
80 883
81 883
82 883
83 883
84 883
85 883
86 883
87 883
88 883
89 883
90 883
91 883
92 883
93 883
94 883
95 883
96 883
97 883
98 883
99 883
100 883
101 883
102 883
103 883
104 883
105 883
106 883
107 883
108 883
109 883
110 883
111 883
112 883
113 883
114 883
115 883
116 883
117 883
118 883
119 883
120 883
121 883
122 883
123 883
124 883
125 883
126 883
127 883
128 883
129 883
130 883
131 883
132 883
133 883
134 883
135 883
136 883
137 883
138 883
139 883
140 883
141 883
142 883
143 883
144 883
145 883
146 883
147 883
148 883
149 883
150 883
151 883
152 883
153 883
154 883
155 883
156 883
157 883
158 883
159 883
160 883
161 883
162 883
163 883
164 883
165 883
166 883
167 883
168 883
169 883
170 883
171 883
172 883
173 883
174 883
175 883
176 883
177 883
178 883
179 883
180 883
181 883
182 883
183 883
184 883
185 883
186 883
187 883
188 883
189 883
190 883
191 883
192 883
193 883
194 883
195 883
196 883
197 883
198 883
199 883
200 883
201 883
202 883
203 883
204 883
205 883
206 883
207 883
208 883
209 883
210 883
211 883
212 883
213 883
214 883
215 883
216 883
217 883
218 883
219 883
220 883
221 883
222 883
223 883
224 883
225 883
226 883
227 883
228 883
229 883
230 883
231 883
232 883
233 883
234 883
235 883
236 883
237 883
238 883
239 883
240 883
241 883
242 883
243 883
244 883
245 883
246 883
247 883
248 883
249 883
250 883
251 883
252 883
253 883
254 883
255 883
256 883
257 883
258 883
259 883
260 883
261 883
262 883
263 883
264 883
265 883
266 883
267 883
268 883
269 883
270 883
271 883
272 883
273 883
274 883
275 883
276 883
277 883
278 883
279 883
280 883
281 883
282 883
283 883
284 883
285 883
286 883
287 883
288 883
289 883
290 883
291 883
292 883
293 883
294 883
295 883
296 883
297 883
298 883
299 883
300 883
301 883
302 883
303 883
304 883
305 883
306 883
307 883
308 883
309 883
310 883
311 883
312 883
313 883
314 883
315 883
316 883
317 883
318 883
319 883
320 883
321 883
322 883
323 883
324 883
325 883
326 883
327 883
328 883
329 883
330 883
331 883
332 883
333 883
334 883
335 883
336 883
337 883
338 883
339 883
340 883
341 883
342 883
343 883
344 883
345 883
346 883
347 883
348 883
349 883
350 883
351 883
352 883
353 883
354 883
355 883
356 883
357 883
358 883
359 883
360 883
361 883
362 883
363 883
364 883
365 883
366 883
367 883
368 883
369 883
370 883
371 883
372 883
373 883
374 883
375 883
376 883
377 883
378 883
379 883
380 883
381 883
382 883
383 883
384 883
385 883
386 883
387 883
388 883
389 883
390 883
391 883
392 883
393 883
394 883
395 883
396 883
397 883
398 883
399 883
400 883
401 883
402 883
403 883
404 883
405 883
406 883
407 883
408 883
409 883
410 883
411 883
412 883
413 883
414 883
415 883
416 883
417 883
418 883
419 883
420 883
421 883
422 883
423 883
424 883
425 883
426 883
427 883
428 883
429 883
430 883
431 883
432 883
433 883
434 883
435 883
436 883
437 883
438 883
439 883
440 883
441 883
442 883
443 883
444 883
445 883
446 883
447 883
448 883
449 883
450 883
451 883
452 883
453 883
454 883
455 883
456 883
457 883
458 883
459 883
460 883
461 883
462 883
463 883
464 883
465 883
466 883
467 883
468 883
469 883
470 883
471 883
472 883
473 883
474 883
475 883
476 883
477 883
478 883
479 883
480 883
481 883
482 883
483 883
484 883
485 883
486 883
487 883
488 883
489 883
490 883
491 883
492 883
493 883
494 883
495 883
496 883
497 883
498 883
499 883
500 883
501 883
502 883
503 883
504 883
505 883
506 883
507 883
508 883
509 883
510 883
511 883
512 883
513 883
514 883
515 883
516 883
517 883
518 883
519 883
520 883
521 883
522 883
523 883
524 883
525 883
526 883
527 883
528 883
529 883
530 883
531 883
532 883
533 883
534 883
535 883
536 883
537 883
538 883
539 883
540 883
541 883
542 883
543 883
544 883
545 883
546 883
547 883
548 883
549 883
550 883
551 883
552 883
553 883
554 883
555 883
556 883
557 883
558 883
559 883
560 883
561 883
562 883
563 883
564 883
565 883
566 883
567 883
568 883
569 883
570 883
571 883
572 883
573 883
574 883
575 883
576 883
577 883
578 883
579 883
580 883
581 883
582 883
583 883
584 883
585 883
586 883
587 883
588 883
589 883
590 883
591 883
592 883
593 883
594 883
595 883
596 883
597 883
598 883
599 883
600 883
601 883
602 883
603 883
604 883
605 883
606 883
607 883
608 883
609 883
610 883
611 883
612 883
613 883
614 883
615 883
616 883
617 883
618 883
619 883
620 883
621 883
622 883
623 883
624 883
625 883
626 883
627 883
628 883
629 883
630 883
631 883
632 883
633 883
634 883
635 883
636 883
637 883
638 883
639 883
640 883
641 883
642 883
643 883
644 883
645 883
646 883
647 883
648 883
649 883
650 883
651 883
652 883
653 883
654 883
655 883
656 883
657 883
658 883
659 883
660 883
661 883
662 883
663 883
664 883
665 883
666 883
667 883
668 883
669 883
670 883
671 883
672 883
673 883
674 883
675 883
676 883
677 883
678 883
679 883
680 883
681 883
682 883
683 883
684 883
685 883
686 883
687 883
688 883
689 883
690 883
691 883
692 883
693 883
694 883
695 883
696 883
697 883
698 883
699 883
700 883
701 883
702 883
703 883
704 883
705 883
706 883
707 883
708 883
709 883
710 883
711 883
712 883
713 883
714 883
715 883
716 883
717 883
718 883
719 883
720 883
721 883
722 883
723 883
724 883
725 883
726 883
727 883
728 883
729 883
730 883
731 883
732 883
733 883
734 883
735 883
736 883
737 883
738 883
739 883
740 883
741 883
742 883
743 883
744 883
745 883
746 883
747 883
748 883
749 883
750 883
751 883
752 883
753 883
754 883
755 883
756 883
757 883
758 883
759 883
760 883
761 883
762 883
763 883
764 883
765 883
766 883
767 883
768 883
769 883
770 883
771 883
772 883
773 883
774 883
775 883
776 883
777 883
778 883
779 883
780 883
781 883
782 883
783 883
784 883
785 883
786 883
787 883
788 883
789 883
790 883
791 883
792 883
793 883
794 883
795 883
796 883
797 883
798 883
799 883
800 883
801 883
802 883
803 883
804 883
805 883
806 883
807 883
808 883
809 883
810 883
811 883
812 883
813 883
814 883
815 883
816 883
817 883
818 883
819 883
820 883
821 883
822 883
823 883
824 883
825 883
826 883
827 883
828 883
829 883
830 883
831 883
832 883
833 883
834 883
835 883
836 883
837 883
838 883
839 883
840 883
841 883
842 883
843 883
844 883
845 883
846 883
847 883
848 883
849 883
850 883
851 883
852 883
853 883
854 883
855 883
856 883
857 883
858 883
859 883
860 883
861 883
862 883
863 883
864 883
865 883
866 883
867 883
868 883
869 883
870 883
871 883
872 883
873 883
874 883
875 883
876 883
877 883
878 883
879 883
880 883
881 883
882 883
883 884
