726
725
1 725
2 725
3 725
4 725
5 725
6 725
7 725
8 725
9 725
10 725
11 725
12 725
13 725
14 725
15 725
16 725
17 725
18 725
19 725
20 725
21 725
22 725
23 725
24 725
25 725
26 725
27 725
28 725
29 725
30 725
31 725
32 725
33 725
34 725
35 725
36 725
37 725
38 725
39 725
40 725
41 725
42 725
43 725
44 725
45 725
46 725
47 725
48 725
49 725
50 725
51 725
52 725
53 725
54 725
55 725
56 725
57 725
58 725
59 725
60 725
61 725
62 725
63 725
64 725
65 725
66 725
67 725
68 725
69 725
70 725
71 725
72 725
73 725
74 725
75 725
76 725
77 725
78 725
79 725
80 725
81 725
82 725
83 725
84 725
85 725
86 725
87 725
88 725
89 725
90 725
91 725
92 725
93 725
94 725
95 725
96 725
97 725
98 725
99 725
100 725
101 725
102 725
103 725
104 725
105 725
106 725
107 725
108 725
109 725
110 725
111 725
112 725
113 725
114 725
115 725
116 725
117 725
118 725
119 725
120 725
121 725
122 725
123 725
124 725
125 725
126 725
127 725
128 725
129 725
130 725
131 725
132 725
133 725
134 725
135 725
136 725
137 725
138 725
139 725
140 725
141 725
142 725
143 725
144 725
145 725
146 725
147 725
148 725
149 725
150 725
151 725
152 725
153 725
154 725
155 725
156 725
157 725
158 725
159 725
160 725
161 725
162 725
163 725
164 725
165 725
166 725
167 725
168 725
169 725
170 725
171 725
172 725
173 725
174 725
175 725
176 725
177 725
178 725
179 725
180 725
181 725
182 725
183 725
184 725
185 725
186 725
187 725
188 725
189 725
190 725
191 725
192 725
193 725
194 725
195 725
196 725
197 725
198 725
199 725
200 725
201 725
202 725
203 725
204 725
205 725
206 725
207 725
208 725
209 725
210 725
211 725
212 725
213 725
214 725
215 725
216 725
217 725
218 725
219 725
220 725
221 725
222 725
223 725
224 725
225 725
226 725
227 725
228 725
229 725
230 725
231 725
232 725
233 725
234 725
235 725
236 725
237 725
238 725
239 725
240 725
241 725
242 725
243 725
244 725
245 725
246 725
247 725
248 725
249 725
250 725
251 725
252 725
253 725
254 725
255 725
256 725
257 725
258 725
259 725
260 725
261 725
262 725
263 725
264 725
265 725
266 725
267 725
268 725
269 725
270 725
271 725
272 725
273 725
274 725
275 725
276 725
277 725
278 725
279 725
280 725
281 725
282 725
283 725
284 725
285 725
286 725
287 725
288 725
289 725
290 725
291 725
292 725
293 725
294 725
295 725
296 725
297 725
298 725
299 725
300 725
301 725
302 725
303 725
304 725
305 725
306 725
307 725
308 725
309 725
310 725
311 725
312 725
313 725
314 725
315 725
316 725
317 725
318 725
319 725
320 725
321 725
322 725
323 725
324 725
325 725
326 725
327 725
328 725
329 725
330 725
331 725
332 725
333 725
334 725
335 725
336 725
337 725
338 725
339 725
340 725
341 725
342 725
343 725
344 725
345 725
346 725
347 725
348 725
349 725
350 725
351 725
352 725
353 725
354 725
355 725
356 725
357 725
358 725
359 725
360 725
361 725
362 725
363 725
364 725
365 725
366 725
367 725
368 725
369 725
370 725
371 725
372 725
373 725
374 725
375 725
376 725
377 725
378 725
379 725
380 725
381 725
382 725
383 725
384 725
385 725
386 725
387 725
388 725
389 725
390 725
391 725
392 725
393 725
394 725
395 725
396 725
397 725
398 725
399 725
400 725
401 725
402 725
403 725
404 725
405 725
406 725
407 725
408 725
409 725
410 725
411 725
412 725
413 725
414 725
415 725
416 725
417 725
418 725
419 725
420 725
421 725
422 725
423 725
424 725
425 725
426 725
427 725
428 725
429 725
430 725
431 725
432 725
433 725
434 725
435 725
436 725
437 725
438 725
439 725
440 725
441 725
442 725
443 725
444 725
445 725
446 725
447 725
448 725
449 725
450 725
451 725
452 725
453 725
454 725
455 725
456 725
457 725
458 725
459 725
460 725
461 725
462 725
463 725
464 725
465 725
466 725
467 725
468 725
469 725
470 725
471 725
472 725
473 725
474 725
475 725
476 725
477 725
478 725
479 725
480 725
481 725
482 725
483 725
484 725
485 725
486 725
487 725
488 725
489 725
490 725
491 725
492 725
493 725
494 725
495 725
496 725
497 725
498 725
499 725
500 725
501 725
502 725
503 725
504 725
505 725
506 725
507 725
508 725
509 725
510 725
511 725
512 725
513 725
514 725
515 725
516 725
517 725
518 725
519 725
520 725
521 725
522 725
523 725
524 725
525 725
526 725
527 725
528 725
529 725
530 725
531 725
532 725
533 725
534 725
535 725
536 725
537 725
538 725
539 725
540 725
541 725
542 725
543 725
544 725
545 725
546 725
547 725
548 725
549 725
550 725
551 725
552 725
553 725
554 725
555 725
556 725
557 725
558 725
559 725
560 725
561 725
562 725
563 725
564 725
565 725
566 725
567 725
568 725
569 725
570 725
571 725
572 725
573 725
574 725
575 725
576 725
577 725
578 725
579 725
580 725
581 725
582 725
583 725
584 725
585 725
586 725
587 725
588 725
589 725
590 725
591 725
592 725
593 725
594 725
595 725
596 725
597 725
598 725
599 725
600 725
601 725
602 725
603 725
604 725
605 725
606 725
607 725
608 725
609 725
610 725
611 725
612 725
613 725
614 725
615 725
616 725
617 725
618 725
619 725
620 725
621 725
622 725
623 725
624 725
625 725
626 725
627 725
628 725
629 725
630 725
631 725
632 725
633 725
634 725
635 725
636 725
637 725
638 725
639 725
640 725
641 725
642 725
643 725
644 725
645 725
646 725
647 725
648 725
649 725
650 725
651 725
652 725
653 725
654 725
655 725
656 725
657 725
658 725
659 725
660 725
661 725
662 725
663 725
664 725
665 725
666 725
667 725
668 725
669 725
670 725
671 725
672 725
673 725
674 725
675 725
676 725
677 725
678 725
679 725
680 725
681 725
682 725
683 725
684 725
685 725
686 725
687 725
688 725
689 725
690 725
691 725
692 725
693 725
694 725
695 725
696 725
697 725
698 725
699 725
700 725
701 725
702 725
703 725
704 725
705 725
706 725
707 725
708 725
709 725
710 725
711 725
712 725
713 725
714 725
715 725
716 725
717 725
718 725
719 725
720 725
721 725
722 725
723 725
724 725
725 726
