516
515
1 515
2 515
3 515
4 515
5 515
6 515
7 515
8 515
9 515
10 515
11 515
12 515
13 515
14 515
15 515
16 515
17 515
18 515
19 515
20 515
21 515
22 515
23 515
24 515
25 515
26 515
27 515
28 515
29 515
30 515
31 515
32 515
33 515
34 515
35 515
36 515
37 515
38 515
39 515
40 515
41 515
42 515
43 515
44 515
45 515
46 515
47 515
48 515
49 515
50 515
51 515
52 515
53 515
54 515
55 515
56 515
57 515
58 515
59 515
60 515
61 515
62 515
63 515
64 515
65 515
66 515
67 515
68 515
69 515
70 515
71 515
72 515
73 515
74 515
75 515
76 515
77 515
78 515
79 515
80 515
81 515
82 515
83 515
84 515
85 515
86 515
87 515
88 515
89 515
90 515
91 515
92 515
93 515
94 515
95 515
96 515
97 515
98 515
99 515
100 515
101 515
102 515
103 515
104 515
105 515
106 515
107 515
108 515
109 515
110 515
111 515
112 515
113 515
114 515
115 515
116 515
117 515
118 515
119 515
120 515
121 515
122 515
123 515
124 515
125 515
126 515
127 515
128 515
129 515
130 515
131 515
132 515
133 515
134 515
135 515
136 515
137 515
138 515
139 515
140 515
141 515
142 515
143 515
144 515
145 515
146 515
147 515
148 515
149 515
150 515
151 515
152 515
153 515
154 515
155 515
156 515
157 515
158 515
159 515
160 515
161 515
162 515
163 515
164 515
165 515
166 515
167 515
168 515
169 515
170 515
171 515
172 515
173 515
174 515
175 515
176 515
177 515
178 515
179 515
180 515
181 515
182 515
183 515
184 515
185 515
186 515
187 515
188 515
189 515
190 515
191 515
192 515
193 515
194 515
195 515
196 515
197 515
198 515
199 515
200 515
201 515
202 515
203 515
204 515
205 515
206 515
207 515
208 515
209 515
210 515
211 515
212 515
213 515
214 515
215 515
216 515
217 515
218 515
219 515
220 515
221 515
222 515
223 515
224 515
225 515
226 515
227 515
228 515
229 515
230 515
231 515
232 515
233 515
234 515
235 515
236 515
237 515
238 515
239 515
240 515
241 515
242 515
243 515
244 515
245 515
246 515
247 515
248 515
249 515
250 515
251 515
252 515
253 515
254 515
255 515
256 515
257 515
258 515
259 515
260 515
261 515
262 515
263 515
264 515
265 515
266 515
267 515
268 515
269 515
270 515
271 515
272 515
273 515
274 515
275 515
276 515
277 515
278 515
279 515
280 515
281 515
282 515
283 515
284 515
285 515
286 515
287 515
288 515
289 515
290 515
291 515
292 515
293 515
294 515
295 515
296 515
297 515
298 515
299 515
300 515
301 515
302 515
303 515
304 515
305 515
306 515
307 515
308 515
309 515
310 515
311 515
312 515
313 515
314 515
315 515
316 515
317 515
318 515
319 515
320 515
321 515
322 515
323 515
324 515
325 515
326 515
327 515
328 515
329 515
330 515
331 515
332 515
333 515
334 515
335 515
336 515
337 515
338 515
339 515
340 515
341 515
342 515
343 515
344 515
345 515
346 515
347 515
348 515
349 515
350 515
351 515
352 515
353 515
354 515
355 515
356 515
357 515
358 515
359 515
360 515
361 515
362 515
363 515
364 515
365 515
366 515
367 515
368 515
369 515
370 515
371 515
372 515
373 515
374 515
375 515
376 515
377 515
378 515
379 515
380 515
381 515
382 515
383 515
384 515
385 515
386 515
387 515
388 515
389 515
390 515
391 515
392 515
393 515
394 515
395 515
396 515
397 515
398 515
399 515
400 515
401 515
402 515
403 515
404 515
405 515
406 515
407 515
408 515
409 515
410 515
411 515
412 515
413 515
414 515
415 515
416 515
417 515
418 515
419 515
420 515
421 515
422 515
423 515
424 515
425 515
426 515
427 515
428 515
429 515
430 515
431 515
432 515
433 515
434 515
435 515
436 515
437 515
438 515
439 515
440 515
441 515
442 515
443 515
444 515
445 515
446 515
447 515
448 515
449 515
450 515
451 515
452 515
453 515
454 515
455 515
456 515
457 515
458 515
459 515
460 515
461 515
462 515
463 515
464 515
465 515
466 515
467 515
468 515
469 515
470 515
471 515
472 515
473 515
474 515
475 515
476 515
477 515
478 515
479 515
480 515
481 515
482 515
483 515
484 515
485 515
486 515
487 515
488 515
489 515
490 515
491 515
492 515
493 515
494 515
495 515
496 515
497 515
498 515
499 515
500 515
501 515
502 515
503 515
504 515
505 515
506 515
507 515
508 515
509 515
510 515
511 515
512 515
513 515
514 515
515 516
