905
904
1 904
2 904
3 904
4 904
5 904
6 904
7 904
8 904
9 904
10 904
11 904
12 904
13 904
14 904
15 904
16 904
17 904
18 904
19 904
20 904
21 904
22 904
23 904
24 904
25 904
26 904
27 904
28 904
29 904
30 904
31 904
32 904
33 904
34 904
35 904
36 904
37 904
38 904
39 904
40 904
41 904
42 904
43 904
44 904
45 904
46 904
47 904
48 904
49 904
50 904
51 904
52 904
53 904
54 904
55 904
56 904
57 904
58 904
59 904
60 904
61 904
62 904
63 904
64 904
65 904
66 904
67 904
68 904
69 904
70 904
71 904
72 904
73 904
74 904
75 904
76 904
77 904
78 904
79 904
80 904
81 904
82 904
83 904
84 904
85 904
86 904
87 904
88 904
89 904
90 904
91 904
92 904
93 904
94 904
95 904
96 904
97 904
98 904
99 904
100 904
101 904
102 904
103 904
104 904
105 904
106 904
107 904
108 904
109 904
110 904
111 904
112 904
113 904
114 904
115 904
116 904
117 904
118 904
119 904
120 904
121 904
122 904
123 904
124 904
125 904
126 904
127 904
128 904
129 904
130 904
131 904
132 904
133 904
134 904
135 904
136 904
137 904
138 904
139 904
140 904
141 904
142 904
143 904
144 904
145 904
146 904
147 904
148 904
149 904
150 904
151 904
152 904
153 904
154 904
155 904
156 904
157 904
158 904
159 904
160 904
161 904
162 904
163 904
164 904
165 904
166 904
167 904
168 904
169 904
170 904
171 904
172 904
173 904
174 904
175 904
176 904
177 904
178 904
179 904
180 904
181 904
182 904
183 904
184 904
185 904
186 904
187 904
188 904
189 904
190 904
191 904
192 904
193 904
194 904
195 904
196 904
197 904
198 904
199 904
200 904
201 904
202 904
203 904
204 904
205 904
206 904
207 904
208 904
209 904
210 904
211 904
212 904
213 904
214 904
215 904
216 904
217 904
218 904
219 904
220 904
221 904
222 904
223 904
224 904
225 904
226 904
227 904
228 904
229 904
230 904
231 904
232 904
233 904
234 904
235 904
236 904
237 904
238 904
239 904
240 904
241 904
242 904
243 904
244 904
245 904
246 904
247 904
248 904
249 904
250 904
251 904
252 904
253 904
254 904
255 904
256 904
257 904
258 904
259 904
260 904
261 904
262 904
263 904
264 904
265 904
266 904
267 904
268 904
269 904
270 904
271 904
272 904
273 904
274 904
275 904
276 904
277 904
278 904
279 904
280 904
281 904
282 904
283 904
284 904
285 904
286 904
287 904
288 904
289 904
290 904
291 904
292 904
293 904
294 904
295 904
296 904
297 904
298 904
299 904
300 904
301 904
302 904
303 904
304 904
305 904
306 904
307 904
308 904
309 904
310 904
311 904
312 904
313 904
314 904
315 904
316 904
317 904
318 904
319 904
320 904
321 904
322 904
323 904
324 904
325 904
326 904
327 904
328 904
329 904
330 904
331 904
332 904
333 904
334 904
335 904
336 904
337 904
338 904
339 904
340 904
341 904
342 904
343 904
344 904
345 904
346 904
347 904
348 904
349 904
350 904
351 904
352 904
353 904
354 904
355 904
356 904
357 904
358 904
359 904
360 904
361 904
362 904
363 904
364 904
365 904
366 904
367 904
368 904
369 904
370 904
371 904
372 904
373 904
374 904
375 904
376 904
377 904
378 904
379 904
380 904
381 904
382 904
383 904
384 904
385 904
386 904
387 904
388 904
389 904
390 904
391 904
392 904
393 904
394 904
395 904
396 904
397 904
398 904
399 904
400 904
401 904
402 904
403 904
404 904
405 904
406 904
407 904
408 904
409 904
410 904
411 904
412 904
413 904
414 904
415 904
416 904
417 904
418 904
419 904
420 904
421 904
422 904
423 904
424 904
425 904
426 904
427 904
428 904
429 904
430 904
431 904
432 904
433 904
434 904
435 904
436 904
437 904
438 904
439 904
440 904
441 904
442 904
443 904
444 904
445 904
446 904
447 904
448 904
449 904
450 904
451 904
452 904
453 904
454 904
455 904
456 904
457 904
458 904
459 904
460 904
461 904
462 904
463 904
464 904
465 904
466 904
467 904
468 904
469 904
470 904
471 904
472 904
473 904
474 904
475 904
476 904
477 904
478 904
479 904
480 904
481 904
482 904
483 904
484 904
485 904
486 904
487 904
488 904
489 904
490 904
491 904
492 904
493 904
494 904
495 904
496 904
497 904
498 904
499 904
500 904
501 904
502 904
503 904
504 904
505 904
506 904
507 904
508 904
509 904
510 904
511 904
512 904
513 904
514 904
515 904
516 904
517 904
518 904
519 904
520 904
521 904
522 904
523 904
524 904
525 904
526 904
527 904
528 904
529 904
530 904
531 904
532 904
533 904
534 904
535 904
536 904
537 904
538 904
539 904
540 904
541 904
542 904
543 904
544 904
545 904
546 904
547 904
548 904
549 904
550 904
551 904
552 904
553 904
554 904
555 904
556 904
557 904
558 904
559 904
560 904
561 904
562 904
563 904
564 904
565 904
566 904
567 904
568 904
569 904
570 904
571 904
572 904
573 904
574 904
575 904
576 904
577 904
578 904
579 904
580 904
581 904
582 904
583 904
584 904
585 904
586 904
587 904
588 904
589 904
590 904
591 904
592 904
593 904
594 904
595 904
596 904
597 904
598 904
599 904
600 904
601 904
602 904
603 904
604 904
605 904
606 904
607 904
608 904
609 904
610 904
611 904
612 904
613 904
614 904
615 904
616 904
617 904
618 904
619 904
620 904
621 904
622 904
623 904
624 904
625 904
626 904
627 904
628 904
629 904
630 904
631 904
632 904
633 904
634 904
635 904
636 904
637 904
638 904
639 904
640 904
641 904
642 904
643 904
644 904
645 904
646 904
647 904
648 904
649 904
650 904
651 904
652 904
653 904
654 904
655 904
656 904
657 904
658 904
659 904
660 904
661 904
662 904
663 904
664 904
665 904
666 904
667 904
668 904
669 904
670 904
671 904
672 904
673 904
674 904
675 904
676 904
677 904
678 904
679 904
680 904
681 904
682 904
683 904
684 904
685 904
686 904
687 904
688 904
689 904
690 904
691 904
692 904
693 904
694 904
695 904
696 904
697 904
698 904
699 904
700 904
701 904
702 904
703 904
704 904
705 904
706 904
707 904
708 904
709 904
710 904
711 904
712 904
713 904
714 904
715 904
716 904
717 904
718 904
719 904
720 904
721 904
722 904
723 904
724 904
725 904
726 904
727 904
728 904
729 904
730 904
731 904
732 904
733 904
734 904
735 904
736 904
737 904
738 904
739 904
740 904
741 904
742 904
743 904
744 904
745 904
746 904
747 904
748 904
749 904
750 904
751 904
752 904
753 904
754 904
755 904
756 904
757 904
758 904
759 904
760 904
761 904
762 904
763 904
764 904
765 904
766 904
767 904
768 904
769 904
770 904
771 904
772 904
773 904
774 904
775 904
776 904
777 904
778 904
779 904
780 904
781 904
782 904
783 904
784 904
785 904
786 904
787 904
788 904
789 904
790 904
791 904
792 904
793 904
794 904
795 904
796 904
797 904
798 904
799 904
800 904
801 904
802 904
803 904
804 904
805 904
806 904
807 904
808 904
809 904
810 904
811 904
812 904
813 904
814 904
815 904
816 904
817 904
818 904
819 904
820 904
821 904
822 904
823 904
824 904
825 904
826 904
827 904
828 904
829 904
830 904
831 904
832 904
833 904
834 904
835 904
836 904
837 904
838 904
839 904
840 904
841 904
842 904
843 904
844 904
845 904
846 904
847 904
848 904
849 904
850 904
851 904
852 904
853 904
854 904
855 904
856 904
857 904
858 904
859 904
860 904
861 904
862 904
863 904
864 904
865 904
866 904
867 904
868 904
869 904
870 904
871 904
872 904
873 904
874 904
875 904
876 904
877 904
878 904
879 904
880 904
881 904
882 904
883 904
884 904
885 904
886 904
887 904
888 904
889 904
890 904
891 904
892 904
893 904
894 904
895 904
896 904
897 904
898 904
899 904
900 904
901 904
902 904
903 904
904 905
