535
534
1 534
2 534
3 534
4 534
5 534
6 534
7 534
8 534
9 534
10 534
11 534
12 534
13 534
14 534
15 534
16 534
17 534
18 534
19 534
20 534
21 534
22 534
23 534
24 534
25 534
26 534
27 534
28 534
29 534
30 534
31 534
32 534
33 534
34 534
35 534
36 534
37 534
38 534
39 534
40 534
41 534
42 534
43 534
44 534
45 534
46 534
47 534
48 534
49 534
50 534
51 534
52 534
53 534
54 534
55 534
56 534
57 534
58 534
59 534
60 534
61 534
62 534
63 534
64 534
65 534
66 534
67 534
68 534
69 534
70 534
71 534
72 534
73 534
74 534
75 534
76 534
77 534
78 534
79 534
80 534
81 534
82 534
83 534
84 534
85 534
86 534
87 534
88 534
89 534
90 534
91 534
92 534
93 534
94 534
95 534
96 534
97 534
98 534
99 534
100 534
101 534
102 534
103 534
104 534
105 534
106 534
107 534
108 534
109 534
110 534
111 534
112 534
113 534
114 534
115 534
116 534
117 534
118 534
119 534
120 534
121 534
122 534
123 534
124 534
125 534
126 534
127 534
128 534
129 534
130 534
131 534
132 534
133 534
134 534
135 534
136 534
137 534
138 534
139 534
140 534
141 534
142 534
143 534
144 534
145 534
146 534
147 534
148 534
149 534
150 534
151 534
152 534
153 534
154 534
155 534
156 534
157 534
158 534
159 534
160 534
161 534
162 534
163 534
164 534
165 534
166 534
167 534
168 534
169 534
170 534
171 534
172 534
173 534
174 534
175 534
176 534
177 534
178 534
179 534
180 534
181 534
182 534
183 534
184 534
185 534
186 534
187 534
188 534
189 534
190 534
191 534
192 534
193 534
194 534
195 534
196 534
197 534
198 534
199 534
200 534
201 534
202 534
203 534
204 534
205 534
206 534
207 534
208 534
209 534
210 534
211 534
212 534
213 534
214 534
215 534
216 534
217 534
218 534
219 534
220 534
221 534
222 534
223 534
224 534
225 534
226 534
227 534
228 534
229 534
230 534
231 534
232 534
233 534
234 534
235 534
236 534
237 534
238 534
239 534
240 534
241 534
242 534
243 534
244 534
245 534
246 534
247 534
248 534
249 534
250 534
251 534
252 534
253 534
254 534
255 534
256 534
257 534
258 534
259 534
260 534
261 534
262 534
263 534
264 534
265 534
266 534
267 534
268 534
269 534
270 534
271 534
272 534
273 534
274 534
275 534
276 534
277 534
278 534
279 534
280 534
281 534
282 534
283 534
284 534
285 534
286 534
287 534
288 534
289 534
290 534
291 534
292 534
293 534
294 534
295 534
296 534
297 534
298 534
299 534
300 534
301 534
302 534
303 534
304 534
305 534
306 534
307 534
308 534
309 534
310 534
311 534
312 534
313 534
314 534
315 534
316 534
317 534
318 534
319 534
320 534
321 534
322 534
323 534
324 534
325 534
326 534
327 534
328 534
329 534
330 534
331 534
332 534
333 534
334 534
335 534
336 534
337 534
338 534
339 534
340 534
341 534
342 534
343 534
344 534
345 534
346 534
347 534
348 534
349 534
350 534
351 534
352 534
353 534
354 534
355 534
356 534
357 534
358 534
359 534
360 534
361 534
362 534
363 534
364 534
365 534
366 534
367 534
368 534
369 534
370 534
371 534
372 534
373 534
374 534
375 534
376 534
377 534
378 534
379 534
380 534
381 534
382 534
383 534
384 534
385 534
386 534
387 534
388 534
389 534
390 534
391 534
392 534
393 534
394 534
395 534
396 534
397 534
398 534
399 534
400 534
401 534
402 534
403 534
404 534
405 534
406 534
407 534
408 534
409 534
410 534
411 534
412 534
413 534
414 534
415 534
416 534
417 534
418 534
419 534
420 534
421 534
422 534
423 534
424 534
425 534
426 534
427 534
428 534
429 534
430 534
431 534
432 534
433 534
434 534
435 534
436 534
437 534
438 534
439 534
440 534
441 534
442 534
443 534
444 534
445 534
446 534
447 534
448 534
449 534
450 534
451 534
452 534
453 534
454 534
455 534
456 534
457 534
458 534
459 534
460 534
461 534
462 534
463 534
464 534
465 534
466 534
467 534
468 534
469 534
470 534
471 534
472 534
473 534
474 534
475 534
476 534
477 534
478 534
479 534
480 534
481 534
482 534
483 534
484 534
485 534
486 534
487 534
488 534
489 534
490 534
491 534
492 534
493 534
494 534
495 534
496 534
497 534
498 534
499 534
500 534
501 534
502 534
503 534
504 534
505 534
506 534
507 534
508 534
509 534
510 534
511 534
512 534
513 534
514 534
515 534
516 534
517 534
518 534
519 534
520 534
521 534
522 534
523 534
524 534
525 534
526 534
527 534
528 534
529 534
530 534
531 534
532 534
533 534
534 535
