676
675
1 675
2 675
3 675
4 675
5 675
6 675
7 675
8 675
9 675
10 675
11 675
12 675
13 675
14 675
15 675
16 675
17 675
18 675
19 675
20 675
21 675
22 675
23 675
24 675
25 675
26 675
27 675
28 675
29 675
30 675
31 675
32 675
33 675
34 675
35 675
36 675
37 675
38 675
39 675
40 675
41 675
42 675
43 675
44 675
45 675
46 675
47 675
48 675
49 675
50 675
51 675
52 675
53 675
54 675
55 675
56 675
57 675
58 675
59 675
60 675
61 675
62 675
63 675
64 675
65 675
66 675
67 675
68 675
69 675
70 675
71 675
72 675
73 675
74 675
75 675
76 675
77 675
78 675
79 675
80 675
81 675
82 675
83 675
84 675
85 675
86 675
87 675
88 675
89 675
90 675
91 675
92 675
93 675
94 675
95 675
96 675
97 675
98 675
99 675
100 675
101 675
102 675
103 675
104 675
105 675
106 675
107 675
108 675
109 675
110 675
111 675
112 675
113 675
114 675
115 675
116 675
117 675
118 675
119 675
120 675
121 675
122 675
123 675
124 675
125 675
126 675
127 675
128 675
129 675
130 675
131 675
132 675
133 675
134 675
135 675
136 675
137 675
138 675
139 675
140 675
141 675
142 675
143 675
144 675
145 675
146 675
147 675
148 675
149 675
150 675
151 675
152 675
153 675
154 675
155 675
156 675
157 675
158 675
159 675
160 675
161 675
162 675
163 675
164 675
165 675
166 675
167 675
168 675
169 675
170 675
171 675
172 675
173 675
174 675
175 675
176 675
177 675
178 675
179 675
180 675
181 675
182 675
183 675
184 675
185 675
186 675
187 675
188 675
189 675
190 675
191 675
192 675
193 675
194 675
195 675
196 675
197 675
198 675
199 675
200 675
201 675
202 675
203 675
204 675
205 675
206 675
207 675
208 675
209 675
210 675
211 675
212 675
213 675
214 675
215 675
216 675
217 675
218 675
219 675
220 675
221 675
222 675
223 675
224 675
225 675
226 675
227 675
228 675
229 675
230 675
231 675
232 675
233 675
234 675
235 675
236 675
237 675
238 675
239 675
240 675
241 675
242 675
243 675
244 675
245 675
246 675
247 675
248 675
249 675
250 675
251 675
252 675
253 675
254 675
255 675
256 675
257 675
258 675
259 675
260 675
261 675
262 675
263 675
264 675
265 675
266 675
267 675
268 675
269 675
270 675
271 675
272 675
273 675
274 675
275 675
276 675
277 675
278 675
279 675
280 675
281 675
282 675
283 675
284 675
285 675
286 675
287 675
288 675
289 675
290 675
291 675
292 675
293 675
294 675
295 675
296 675
297 675
298 675
299 675
300 675
301 675
302 675
303 675
304 675
305 675
306 675
307 675
308 675
309 675
310 675
311 675
312 675
313 675
314 675
315 675
316 675
317 675
318 675
319 675
320 675
321 675
322 675
323 675
324 675
325 675
326 675
327 675
328 675
329 675
330 675
331 675
332 675
333 675
334 675
335 675
336 675
337 675
338 675
339 675
340 675
341 675
342 675
343 675
344 675
345 675
346 675
347 675
348 675
349 675
350 675
351 675
352 675
353 675
354 675
355 675
356 675
357 675
358 675
359 675
360 675
361 675
362 675
363 675
364 675
365 675
366 675
367 675
368 675
369 675
370 675
371 675
372 675
373 675
374 675
375 675
376 675
377 675
378 675
379 675
380 675
381 675
382 675
383 675
384 675
385 675
386 675
387 675
388 675
389 675
390 675
391 675
392 675
393 675
394 675
395 675
396 675
397 675
398 675
399 675
400 675
401 675
402 675
403 675
404 675
405 675
406 675
407 675
408 675
409 675
410 675
411 675
412 675
413 675
414 675
415 675
416 675
417 675
418 675
419 675
420 675
421 675
422 675
423 675
424 675
425 675
426 675
427 675
428 675
429 675
430 675
431 675
432 675
433 675
434 675
435 675
436 675
437 675
438 675
439 675
440 675
441 675
442 675
443 675
444 675
445 675
446 675
447 675
448 675
449 675
450 675
451 675
452 675
453 675
454 675
455 675
456 675
457 675
458 675
459 675
460 675
461 675
462 675
463 675
464 675
465 675
466 675
467 675
468 675
469 675
470 675
471 675
472 675
473 675
474 675
475 675
476 675
477 675
478 675
479 675
480 675
481 675
482 675
483 675
484 675
485 675
486 675
487 675
488 675
489 675
490 675
491 675
492 675
493 675
494 675
495 675
496 675
497 675
498 675
499 675
500 675
501 675
502 675
503 675
504 675
505 675
506 675
507 675
508 675
509 675
510 675
511 675
512 675
513 675
514 675
515 675
516 675
517 675
518 675
519 675
520 675
521 675
522 675
523 675
524 675
525 675
526 675
527 675
528 675
529 675
530 675
531 675
532 675
533 675
534 675
535 675
536 675
537 675
538 675
539 675
540 675
541 675
542 675
543 675
544 675
545 675
546 675
547 675
548 675
549 675
550 675
551 675
552 675
553 675
554 675
555 675
556 675
557 675
558 675
559 675
560 675
561 675
562 675
563 675
564 675
565 675
566 675
567 675
568 675
569 675
570 675
571 675
572 675
573 675
574 675
575 675
576 675
577 675
578 675
579 675
580 675
581 675
582 675
583 675
584 675
585 675
586 675
587 675
588 675
589 675
590 675
591 675
592 675
593 675
594 675
595 675
596 675
597 675
598 675
599 675
600 675
601 675
602 675
603 675
604 675
605 675
606 675
607 675
608 675
609 675
610 675
611 675
612 675
613 675
614 675
615 675
616 675
617 675
618 675
619 675
620 675
621 675
622 675
623 675
624 675
625 675
626 675
627 675
628 675
629 675
630 675
631 675
632 675
633 675
634 675
635 675
636 675
637 675
638 675
639 675
640 675
641 675
642 675
643 675
644 675
645 675
646 675
647 675
648 675
649 675
650 675
651 675
652 675
653 675
654 675
655 675
656 675
657 675
658 675
659 675
660 675
661 675
662 675
663 675
664 675
665 675
666 675
667 675
668 675
669 675
670 675
671 675
672 675
673 675
674 675
675 676
