858
857
1 857
2 857
3 857
4 857
5 857
6 857
7 857
8 857
9 857
10 857
11 857
12 857
13 857
14 857
15 857
16 857
17 857
18 857
19 857
20 857
21 857
22 857
23 857
24 857
25 857
26 857
27 857
28 857
29 857
30 857
31 857
32 857
33 857
34 857
35 857
36 857
37 857
38 857
39 857
40 857
41 857
42 857
43 857
44 857
45 857
46 857
47 857
48 857
49 857
50 857
51 857
52 857
53 857
54 857
55 857
56 857
57 857
58 857
59 857
60 857
61 857
62 857
63 857
64 857
65 857
66 857
67 857
68 857
69 857
70 857
71 857
72 857
73 857
74 857
75 857
76 857
77 857
78 857
79 857
80 857
81 857
82 857
83 857
84 857
85 857
86 857
87 857
88 857
89 857
90 857
91 857
92 857
93 857
94 857
95 857
96 857
97 857
98 857
99 857
100 857
101 857
102 857
103 857
104 857
105 857
106 857
107 857
108 857
109 857
110 857
111 857
112 857
113 857
114 857
115 857
116 857
117 857
118 857
119 857
120 857
121 857
122 857
123 857
124 857
125 857
126 857
127 857
128 857
129 857
130 857
131 857
132 857
133 857
134 857
135 857
136 857
137 857
138 857
139 857
140 857
141 857
142 857
143 857
144 857
145 857
146 857
147 857
148 857
149 857
150 857
151 857
152 857
153 857
154 857
155 857
156 857
157 857
158 857
159 857
160 857
161 857
162 857
163 857
164 857
165 857
166 857
167 857
168 857
169 857
170 857
171 857
172 857
173 857
174 857
175 857
176 857
177 857
178 857
179 857
180 857
181 857
182 857
183 857
184 857
185 857
186 857
187 857
188 857
189 857
190 857
191 857
192 857
193 857
194 857
195 857
196 857
197 857
198 857
199 857
200 857
201 857
202 857
203 857
204 857
205 857
206 857
207 857
208 857
209 857
210 857
211 857
212 857
213 857
214 857
215 857
216 857
217 857
218 857
219 857
220 857
221 857
222 857
223 857
224 857
225 857
226 857
227 857
228 857
229 857
230 857
231 857
232 857
233 857
234 857
235 857
236 857
237 857
238 857
239 857
240 857
241 857
242 857
243 857
244 857
245 857
246 857
247 857
248 857
249 857
250 857
251 857
252 857
253 857
254 857
255 857
256 857
257 857
258 857
259 857
260 857
261 857
262 857
263 857
264 857
265 857
266 857
267 857
268 857
269 857
270 857
271 857
272 857
273 857
274 857
275 857
276 857
277 857
278 857
279 857
280 857
281 857
282 857
283 857
284 857
285 857
286 857
287 857
288 857
289 857
290 857
291 857
292 857
293 857
294 857
295 857
296 857
297 857
298 857
299 857
300 857
301 857
302 857
303 857
304 857
305 857
306 857
307 857
308 857
309 857
310 857
311 857
312 857
313 857
314 857
315 857
316 857
317 857
318 857
319 857
320 857
321 857
322 857
323 857
324 857
325 857
326 857
327 857
328 857
329 857
330 857
331 857
332 857
333 857
334 857
335 857
336 857
337 857
338 857
339 857
340 857
341 857
342 857
343 857
344 857
345 857
346 857
347 857
348 857
349 857
350 857
351 857
352 857
353 857
354 857
355 857
356 857
357 857
358 857
359 857
360 857
361 857
362 857
363 857
364 857
365 857
366 857
367 857
368 857
369 857
370 857
371 857
372 857
373 857
374 857
375 857
376 857
377 857
378 857
379 857
380 857
381 857
382 857
383 857
384 857
385 857
386 857
387 857
388 857
389 857
390 857
391 857
392 857
393 857
394 857
395 857
396 857
397 857
398 857
399 857
400 857
401 857
402 857
403 857
404 857
405 857
406 857
407 857
408 857
409 857
410 857
411 857
412 857
413 857
414 857
415 857
416 857
417 857
418 857
419 857
420 857
421 857
422 857
423 857
424 857
425 857
426 857
427 857
428 857
429 857
430 857
431 857
432 857
433 857
434 857
435 857
436 857
437 857
438 857
439 857
440 857
441 857
442 857
443 857
444 857
445 857
446 857
447 857
448 857
449 857
450 857
451 857
452 857
453 857
454 857
455 857
456 857
457 857
458 857
459 857
460 857
461 857
462 857
463 857
464 857
465 857
466 857
467 857
468 857
469 857
470 857
471 857
472 857
473 857
474 857
475 857
476 857
477 857
478 857
479 857
480 857
481 857
482 857
483 857
484 857
485 857
486 857
487 857
488 857
489 857
490 857
491 857
492 857
493 857
494 857
495 857
496 857
497 857
498 857
499 857
500 857
501 857
502 857
503 857
504 857
505 857
506 857
507 857
508 857
509 857
510 857
511 857
512 857
513 857
514 857
515 857
516 857
517 857
518 857
519 857
520 857
521 857
522 857
523 857
524 857
525 857
526 857
527 857
528 857
529 857
530 857
531 857
532 857
533 857
534 857
535 857
536 857
537 857
538 857
539 857
540 857
541 857
542 857
543 857
544 857
545 857
546 857
547 857
548 857
549 857
550 857
551 857
552 857
553 857
554 857
555 857
556 857
557 857
558 857
559 857
560 857
561 857
562 857
563 857
564 857
565 857
566 857
567 857
568 857
569 857
570 857
571 857
572 857
573 857
574 857
575 857
576 857
577 857
578 857
579 857
580 857
581 857
582 857
583 857
584 857
585 857
586 857
587 857
588 857
589 857
590 857
591 857
592 857
593 857
594 857
595 857
596 857
597 857
598 857
599 857
600 857
601 857
602 857
603 857
604 857
605 857
606 857
607 857
608 857
609 857
610 857
611 857
612 857
613 857
614 857
615 857
616 857
617 857
618 857
619 857
620 857
621 857
622 857
623 857
624 857
625 857
626 857
627 857
628 857
629 857
630 857
631 857
632 857
633 857
634 857
635 857
636 857
637 857
638 857
639 857
640 857
641 857
642 857
643 857
644 857
645 857
646 857
647 857
648 857
649 857
650 857
651 857
652 857
653 857
654 857
655 857
656 857
657 857
658 857
659 857
660 857
661 857
662 857
663 857
664 857
665 857
666 857
667 857
668 857
669 857
670 857
671 857
672 857
673 857
674 857
675 857
676 857
677 857
678 857
679 857
680 857
681 857
682 857
683 857
684 857
685 857
686 857
687 857
688 857
689 857
690 857
691 857
692 857
693 857
694 857
695 857
696 857
697 857
698 857
699 857
700 857
701 857
702 857
703 857
704 857
705 857
706 857
707 857
708 857
709 857
710 857
711 857
712 857
713 857
714 857
715 857
716 857
717 857
718 857
719 857
720 857
721 857
722 857
723 857
724 857
725 857
726 857
727 857
728 857
729 857
730 857
731 857
732 857
733 857
734 857
735 857
736 857
737 857
738 857
739 857
740 857
741 857
742 857
743 857
744 857
745 857
746 857
747 857
748 857
749 857
750 857
751 857
752 857
753 857
754 857
755 857
756 857
757 857
758 857
759 857
760 857
761 857
762 857
763 857
764 857
765 857
766 857
767 857
768 857
769 857
770 857
771 857
772 857
773 857
774 857
775 857
776 857
777 857
778 857
779 857
780 857
781 857
782 857
783 857
784 857
785 857
786 857
787 857
788 857
789 857
790 857
791 857
792 857
793 857
794 857
795 857
796 857
797 857
798 857
799 857
800 857
801 857
802 857
803 857
804 857
805 857
806 857
807 857
808 857
809 857
810 857
811 857
812 857
813 857
814 857
815 857
816 857
817 857
818 857
819 857
820 857
821 857
822 857
823 857
824 857
825 857
826 857
827 857
828 857
829 857
830 857
831 857
832 857
833 857
834 857
835 857
836 857
837 857
838 857
839 857
840 857
841 857
842 857
843 857
844 857
845 857
846 857
847 857
848 857
849 857
850 857
851 857
852 857
853 857
854 857
855 857
856 857
857 858
