891
890
1 890
2 890
3 890
4 890
5 890
6 890
7 890
8 890
9 890
10 890
11 890
12 890
13 890
14 890
15 890
16 890
17 890
18 890
19 890
20 890
21 890
22 890
23 890
24 890
25 890
26 890
27 890
28 890
29 890
30 890
31 890
32 890
33 890
34 890
35 890
36 890
37 890
38 890
39 890
40 890
41 890
42 890
43 890
44 890
45 890
46 890
47 890
48 890
49 890
50 890
51 890
52 890
53 890
54 890
55 890
56 890
57 890
58 890
59 890
60 890
61 890
62 890
63 890
64 890
65 890
66 890
67 890
68 890
69 890
70 890
71 890
72 890
73 890
74 890
75 890
76 890
77 890
78 890
79 890
80 890
81 890
82 890
83 890
84 890
85 890
86 890
87 890
88 890
89 890
90 890
91 890
92 890
93 890
94 890
95 890
96 890
97 890
98 890
99 890
100 890
101 890
102 890
103 890
104 890
105 890
106 890
107 890
108 890
109 890
110 890
111 890
112 890
113 890
114 890
115 890
116 890
117 890
118 890
119 890
120 890
121 890
122 890
123 890
124 890
125 890
126 890
127 890
128 890
129 890
130 890
131 890
132 890
133 890
134 890
135 890
136 890
137 890
138 890
139 890
140 890
141 890
142 890
143 890
144 890
145 890
146 890
147 890
148 890
149 890
150 890
151 890
152 890
153 890
154 890
155 890
156 890
157 890
158 890
159 890
160 890
161 890
162 890
163 890
164 890
165 890
166 890
167 890
168 890
169 890
170 890
171 890
172 890
173 890
174 890
175 890
176 890
177 890
178 890
179 890
180 890
181 890
182 890
183 890
184 890
185 890
186 890
187 890
188 890
189 890
190 890
191 890
192 890
193 890
194 890
195 890
196 890
197 890
198 890
199 890
200 890
201 890
202 890
203 890
204 890
205 890
206 890
207 890
208 890
209 890
210 890
211 890
212 890
213 890
214 890
215 890
216 890
217 890
218 890
219 890
220 890
221 890
222 890
223 890
224 890
225 890
226 890
227 890
228 890
229 890
230 890
231 890
232 890
233 890
234 890
235 890
236 890
237 890
238 890
239 890
240 890
241 890
242 890
243 890
244 890
245 890
246 890
247 890
248 890
249 890
250 890
251 890
252 890
253 890
254 890
255 890
256 890
257 890
258 890
259 890
260 890
261 890
262 890
263 890
264 890
265 890
266 890
267 890
268 890
269 890
270 890
271 890
272 890
273 890
274 890
275 890
276 890
277 890
278 890
279 890
280 890
281 890
282 890
283 890
284 890
285 890
286 890
287 890
288 890
289 890
290 890
291 890
292 890
293 890
294 890
295 890
296 890
297 890
298 890
299 890
300 890
301 890
302 890
303 890
304 890
305 890
306 890
307 890
308 890
309 890
310 890
311 890
312 890
313 890
314 890
315 890
316 890
317 890
318 890
319 890
320 890
321 890
322 890
323 890
324 890
325 890
326 890
327 890
328 890
329 890
330 890
331 890
332 890
333 890
334 890
335 890
336 890
337 890
338 890
339 890
340 890
341 890
342 890
343 890
344 890
345 890
346 890
347 890
348 890
349 890
350 890
351 890
352 890
353 890
354 890
355 890
356 890
357 890
358 890
359 890
360 890
361 890
362 890
363 890
364 890
365 890
366 890
367 890
368 890
369 890
370 890
371 890
372 890
373 890
374 890
375 890
376 890
377 890
378 890
379 890
380 890
381 890
382 890
383 890
384 890
385 890
386 890
387 890
388 890
389 890
390 890
391 890
392 890
393 890
394 890
395 890
396 890
397 890
398 890
399 890
400 890
401 890
402 890
403 890
404 890
405 890
406 890
407 890
408 890
409 890
410 890
411 890
412 890
413 890
414 890
415 890
416 890
417 890
418 890
419 890
420 890
421 890
422 890
423 890
424 890
425 890
426 890
427 890
428 890
429 890
430 890
431 890
432 890
433 890
434 890
435 890
436 890
437 890
438 890
439 890
440 890
441 890
442 890
443 890
444 890
445 890
446 890
447 890
448 890
449 890
450 890
451 890
452 890
453 890
454 890
455 890
456 890
457 890
458 890
459 890
460 890
461 890
462 890
463 890
464 890
465 890
466 890
467 890
468 890
469 890
470 890
471 890
472 890
473 890
474 890
475 890
476 890
477 890
478 890
479 890
480 890
481 890
482 890
483 890
484 890
485 890
486 890
487 890
488 890
489 890
490 890
491 890
492 890
493 890
494 890
495 890
496 890
497 890
498 890
499 890
500 890
501 890
502 890
503 890
504 890
505 890
506 890
507 890
508 890
509 890
510 890
511 890
512 890
513 890
514 890
515 890
516 890
517 890
518 890
519 890
520 890
521 890
522 890
523 890
524 890
525 890
526 890
527 890
528 890
529 890
530 890
531 890
532 890
533 890
534 890
535 890
536 890
537 890
538 890
539 890
540 890
541 890
542 890
543 890
544 890
545 890
546 890
547 890
548 890
549 890
550 890
551 890
552 890
553 890
554 890
555 890
556 890
557 890
558 890
559 890
560 890
561 890
562 890
563 890
564 890
565 890
566 890
567 890
568 890
569 890
570 890
571 890
572 890
573 890
574 890
575 890
576 890
577 890
578 890
579 890
580 890
581 890
582 890
583 890
584 890
585 890
586 890
587 890
588 890
589 890
590 890
591 890
592 890
593 890
594 890
595 890
596 890
597 890
598 890
599 890
600 890
601 890
602 890
603 890
604 890
605 890
606 890
607 890
608 890
609 890
610 890
611 890
612 890
613 890
614 890
615 890
616 890
617 890
618 890
619 890
620 890
621 890
622 890
623 890
624 890
625 890
626 890
627 890
628 890
629 890
630 890
631 890
632 890
633 890
634 890
635 890
636 890
637 890
638 890
639 890
640 890
641 890
642 890
643 890
644 890
645 890
646 890
647 890
648 890
649 890
650 890
651 890
652 890
653 890
654 890
655 890
656 890
657 890
658 890
659 890
660 890
661 890
662 890
663 890
664 890
665 890
666 890
667 890
668 890
669 890
670 890
671 890
672 890
673 890
674 890
675 890
676 890
677 890
678 890
679 890
680 890
681 890
682 890
683 890
684 890
685 890
686 890
687 890
688 890
689 890
690 890
691 890
692 890
693 890
694 890
695 890
696 890
697 890
698 890
699 890
700 890
701 890
702 890
703 890
704 890
705 890
706 890
707 890
708 890
709 890
710 890
711 890
712 890
713 890
714 890
715 890
716 890
717 890
718 890
719 890
720 890
721 890
722 890
723 890
724 890
725 890
726 890
727 890
728 890
729 890
730 890
731 890
732 890
733 890
734 890
735 890
736 890
737 890
738 890
739 890
740 890
741 890
742 890
743 890
744 890
745 890
746 890
747 890
748 890
749 890
750 890
751 890
752 890
753 890
754 890
755 890
756 890
757 890
758 890
759 890
760 890
761 890
762 890
763 890
764 890
765 890
766 890
767 890
768 890
769 890
770 890
771 890
772 890
773 890
774 890
775 890
776 890
777 890
778 890
779 890
780 890
781 890
782 890
783 890
784 890
785 890
786 890
787 890
788 890
789 890
790 890
791 890
792 890
793 890
794 890
795 890
796 890
797 890
798 890
799 890
800 890
801 890
802 890
803 890
804 890
805 890
806 890
807 890
808 890
809 890
810 890
811 890
812 890
813 890
814 890
815 890
816 890
817 890
818 890
819 890
820 890
821 890
822 890
823 890
824 890
825 890
826 890
827 890
828 890
829 890
830 890
831 890
832 890
833 890
834 890
835 890
836 890
837 890
838 890
839 890
840 890
841 890
842 890
843 890
844 890
845 890
846 890
847 890
848 890
849 890
850 890
851 890
852 890
853 890
854 890
855 890
856 890
857 890
858 890
859 890
860 890
861 890
862 890
863 890
864 890
865 890
866 890
867 890
868 890
869 890
870 890
871 890
872 890
873 890
874 890
875 890
876 890
877 890
878 890
879 890
880 890
881 890
882 890
883 890
884 890
885 890
886 890
887 890
888 890
889 890
890 891
