761
760
1 760
2 760
3 760
4 760
5 760
6 760
7 760
8 760
9 760
10 760
11 760
12 760
13 760
14 760
15 760
16 760
17 760
18 760
19 760
20 760
21 760
22 760
23 760
24 760
25 760
26 760
27 760
28 760
29 760
30 760
31 760
32 760
33 760
34 760
35 760
36 760
37 760
38 760
39 760
40 760
41 760
42 760
43 760
44 760
45 760
46 760
47 760
48 760
49 760
50 760
51 760
52 760
53 760
54 760
55 760
56 760
57 760
58 760
59 760
60 760
61 760
62 760
63 760
64 760
65 760
66 760
67 760
68 760
69 760
70 760
71 760
72 760
73 760
74 760
75 760
76 760
77 760
78 760
79 760
80 760
81 760
82 760
83 760
84 760
85 760
86 760
87 760
88 760
89 760
90 760
91 760
92 760
93 760
94 760
95 760
96 760
97 760
98 760
99 760
100 760
101 760
102 760
103 760
104 760
105 760
106 760
107 760
108 760
109 760
110 760
111 760
112 760
113 760
114 760
115 760
116 760
117 760
118 760
119 760
120 760
121 760
122 760
123 760
124 760
125 760
126 760
127 760
128 760
129 760
130 760
131 760
132 760
133 760
134 760
135 760
136 760
137 760
138 760
139 760
140 760
141 760
142 760
143 760
144 760
145 760
146 760
147 760
148 760
149 760
150 760
151 760
152 760
153 760
154 760
155 760
156 760
157 760
158 760
159 760
160 760
161 760
162 760
163 760
164 760
165 760
166 760
167 760
168 760
169 760
170 760
171 760
172 760
173 760
174 760
175 760
176 760
177 760
178 760
179 760
180 760
181 760
182 760
183 760
184 760
185 760
186 760
187 760
188 760
189 760
190 760
191 760
192 760
193 760
194 760
195 760
196 760
197 760
198 760
199 760
200 760
201 760
202 760
203 760
204 760
205 760
206 760
207 760
208 760
209 760
210 760
211 760
212 760
213 760
214 760
215 760
216 760
217 760
218 760
219 760
220 760
221 760
222 760
223 760
224 760
225 760
226 760
227 760
228 760
229 760
230 760
231 760
232 760
233 760
234 760
235 760
236 760
237 760
238 760
239 760
240 760
241 760
242 760
243 760
244 760
245 760
246 760
247 760
248 760
249 760
250 760
251 760
252 760
253 760
254 760
255 760
256 760
257 760
258 760
259 760
260 760
261 760
262 760
263 760
264 760
265 760
266 760
267 760
268 760
269 760
270 760
271 760
272 760
273 760
274 760
275 760
276 760
277 760
278 760
279 760
280 760
281 760
282 760
283 760
284 760
285 760
286 760
287 760
288 760
289 760
290 760
291 760
292 760
293 760
294 760
295 760
296 760
297 760
298 760
299 760
300 760
301 760
302 760
303 760
304 760
305 760
306 760
307 760
308 760
309 760
310 760
311 760
312 760
313 760
314 760
315 760
316 760
317 760
318 760
319 760
320 760
321 760
322 760
323 760
324 760
325 760
326 760
327 760
328 760
329 760
330 760
331 760
332 760
333 760
334 760
335 760
336 760
337 760
338 760
339 760
340 760
341 760
342 760
343 760
344 760
345 760
346 760
347 760
348 760
349 760
350 760
351 760
352 760
353 760
354 760
355 760
356 760
357 760
358 760
359 760
360 760
361 760
362 760
363 760
364 760
365 760
366 760
367 760
368 760
369 760
370 760
371 760
372 760
373 760
374 760
375 760
376 760
377 760
378 760
379 760
380 760
381 760
382 760
383 760
384 760
385 760
386 760
387 760
388 760
389 760
390 760
391 760
392 760
393 760
394 760
395 760
396 760
397 760
398 760
399 760
400 760
401 760
402 760
403 760
404 760
405 760
406 760
407 760
408 760
409 760
410 760
411 760
412 760
413 760
414 760
415 760
416 760
417 760
418 760
419 760
420 760
421 760
422 760
423 760
424 760
425 760
426 760
427 760
428 760
429 760
430 760
431 760
432 760
433 760
434 760
435 760
436 760
437 760
438 760
439 760
440 760
441 760
442 760
443 760
444 760
445 760
446 760
447 760
448 760
449 760
450 760
451 760
452 760
453 760
454 760
455 760
456 760
457 760
458 760
459 760
460 760
461 760
462 760
463 760
464 760
465 760
466 760
467 760
468 760
469 760
470 760
471 760
472 760
473 760
474 760
475 760
476 760
477 760
478 760
479 760
480 760
481 760
482 760
483 760
484 760
485 760
486 760
487 760
488 760
489 760
490 760
491 760
492 760
493 760
494 760
495 760
496 760
497 760
498 760
499 760
500 760
501 760
502 760
503 760
504 760
505 760
506 760
507 760
508 760
509 760
510 760
511 760
512 760
513 760
514 760
515 760
516 760
517 760
518 760
519 760
520 760
521 760
522 760
523 760
524 760
525 760
526 760
527 760
528 760
529 760
530 760
531 760
532 760
533 760
534 760
535 760
536 760
537 760
538 760
539 760
540 760
541 760
542 760
543 760
544 760
545 760
546 760
547 760
548 760
549 760
550 760
551 760
552 760
553 760
554 760
555 760
556 760
557 760
558 760
559 760
560 760
561 760
562 760
563 760
564 760
565 760
566 760
567 760
568 760
569 760
570 760
571 760
572 760
573 760
574 760
575 760
576 760
577 760
578 760
579 760
580 760
581 760
582 760
583 760
584 760
585 760
586 760
587 760
588 760
589 760
590 760
591 760
592 760
593 760
594 760
595 760
596 760
597 760
598 760
599 760
600 760
601 760
602 760
603 760
604 760
605 760
606 760
607 760
608 760
609 760
610 760
611 760
612 760
613 760
614 760
615 760
616 760
617 760
618 760
619 760
620 760
621 760
622 760
623 760
624 760
625 760
626 760
627 760
628 760
629 760
630 760
631 760
632 760
633 760
634 760
635 760
636 760
637 760
638 760
639 760
640 760
641 760
642 760
643 760
644 760
645 760
646 760
647 760
648 760
649 760
650 760
651 760
652 760
653 760
654 760
655 760
656 760
657 760
658 760
659 760
660 760
661 760
662 760
663 760
664 760
665 760
666 760
667 760
668 760
669 760
670 760
671 760
672 760
673 760
674 760
675 760
676 760
677 760
678 760
679 760
680 760
681 760
682 760
683 760
684 760
685 760
686 760
687 760
688 760
689 760
690 760
691 760
692 760
693 760
694 760
695 760
696 760
697 760
698 760
699 760
700 760
701 760
702 760
703 760
704 760
705 760
706 760
707 760
708 760
709 760
710 760
711 760
712 760
713 760
714 760
715 760
716 760
717 760
718 760
719 760
720 760
721 760
722 760
723 760
724 760
725 760
726 760
727 760
728 760
729 760
730 760
731 760
732 760
733 760
734 760
735 760
736 760
737 760
738 760
739 760
740 760
741 760
742 760
743 760
744 760
745 760
746 760
747 760
748 760
749 760
750 760
751 760
752 760
753 760
754 760
755 760
756 760
757 760
758 760
759 760
760 761
