612
611
1 611
2 611
3 611
4 611
5 611
6 611
7 611
8 611
9 611
10 611
11 611
12 611
13 611
14 611
15 611
16 611
17 611
18 611
19 611
20 611
21 611
22 611
23 611
24 611
25 611
26 611
27 611
28 611
29 611
30 611
31 611
32 611
33 611
34 611
35 611
36 611
37 611
38 611
39 611
40 611
41 611
42 611
43 611
44 611
45 611
46 611
47 611
48 611
49 611
50 611
51 611
52 611
53 611
54 611
55 611
56 611
57 611
58 611
59 611
60 611
61 611
62 611
63 611
64 611
65 611
66 611
67 611
68 611
69 611
70 611
71 611
72 611
73 611
74 611
75 611
76 611
77 611
78 611
79 611
80 611
81 611
82 611
83 611
84 611
85 611
86 611
87 611
88 611
89 611
90 611
91 611
92 611
93 611
94 611
95 611
96 611
97 611
98 611
99 611
100 611
101 611
102 611
103 611
104 611
105 611
106 611
107 611
108 611
109 611
110 611
111 611
112 611
113 611
114 611
115 611
116 611
117 611
118 611
119 611
120 611
121 611
122 611
123 611
124 611
125 611
126 611
127 611
128 611
129 611
130 611
131 611
132 611
133 611
134 611
135 611
136 611
137 611
138 611
139 611
140 611
141 611
142 611
143 611
144 611
145 611
146 611
147 611
148 611
149 611
150 611
151 611
152 611
153 611
154 611
155 611
156 611
157 611
158 611
159 611
160 611
161 611
162 611
163 611
164 611
165 611
166 611
167 611
168 611
169 611
170 611
171 611
172 611
173 611
174 611
175 611
176 611
177 611
178 611
179 611
180 611
181 611
182 611
183 611
184 611
185 611
186 611
187 611
188 611
189 611
190 611
191 611
192 611
193 611
194 611
195 611
196 611
197 611
198 611
199 611
200 611
201 611
202 611
203 611
204 611
205 611
206 611
207 611
208 611
209 611
210 611
211 611
212 611
213 611
214 611
215 611
216 611
217 611
218 611
219 611
220 611
221 611
222 611
223 611
224 611
225 611
226 611
227 611
228 611
229 611
230 611
231 611
232 611
233 611
234 611
235 611
236 611
237 611
238 611
239 611
240 611
241 611
242 611
243 611
244 611
245 611
246 611
247 611
248 611
249 611
250 611
251 611
252 611
253 611
254 611
255 611
256 611
257 611
258 611
259 611
260 611
261 611
262 611
263 611
264 611
265 611
266 611
267 611
268 611
269 611
270 611
271 611
272 611
273 611
274 611
275 611
276 611
277 611
278 611
279 611
280 611
281 611
282 611
283 611
284 611
285 611
286 611
287 611
288 611
289 611
290 611
291 611
292 611
293 611
294 611
295 611
296 611
297 611
298 611
299 611
300 611
301 611
302 611
303 611
304 611
305 611
306 611
307 611
308 611
309 611
310 611
311 611
312 611
313 611
314 611
315 611
316 611
317 611
318 611
319 611
320 611
321 611
322 611
323 611
324 611
325 611
326 611
327 611
328 611
329 611
330 611
331 611
332 611
333 611
334 611
335 611
336 611
337 611
338 611
339 611
340 611
341 611
342 611
343 611
344 611
345 611
346 611
347 611
348 611
349 611
350 611
351 611
352 611
353 611
354 611
355 611
356 611
357 611
358 611
359 611
360 611
361 611
362 611
363 611
364 611
365 611
366 611
367 611
368 611
369 611
370 611
371 611
372 611
373 611
374 611
375 611
376 611
377 611
378 611
379 611
380 611
381 611
382 611
383 611
384 611
385 611
386 611
387 611
388 611
389 611
390 611
391 611
392 611
393 611
394 611
395 611
396 611
397 611
398 611
399 611
400 611
401 611
402 611
403 611
404 611
405 611
406 611
407 611
408 611
409 611
410 611
411 611
412 611
413 611
414 611
415 611
416 611
417 611
418 611
419 611
420 611
421 611
422 611
423 611
424 611
425 611
426 611
427 611
428 611
429 611
430 611
431 611
432 611
433 611
434 611
435 611
436 611
437 611
438 611
439 611
440 611
441 611
442 611
443 611
444 611
445 611
446 611
447 611
448 611
449 611
450 611
451 611
452 611
453 611
454 611
455 611
456 611
457 611
458 611
459 611
460 611
461 611
462 611
463 611
464 611
465 611
466 611
467 611
468 611
469 611
470 611
471 611
472 611
473 611
474 611
475 611
476 611
477 611
478 611
479 611
480 611
481 611
482 611
483 611
484 611
485 611
486 611
487 611
488 611
489 611
490 611
491 611
492 611
493 611
494 611
495 611
496 611
497 611
498 611
499 611
500 611
501 611
502 611
503 611
504 611
505 611
506 611
507 611
508 611
509 611
510 611
511 611
512 611
513 611
514 611
515 611
516 611
517 611
518 611
519 611
520 611
521 611
522 611
523 611
524 611
525 611
526 611
527 611
528 611
529 611
530 611
531 611
532 611
533 611
534 611
535 611
536 611
537 611
538 611
539 611
540 611
541 611
542 611
543 611
544 611
545 611
546 611
547 611
548 611
549 611
550 611
551 611
552 611
553 611
554 611
555 611
556 611
557 611
558 611
559 611
560 611
561 611
562 611
563 611
564 611
565 611
566 611
567 611
568 611
569 611
570 611
571 611
572 611
573 611
574 611
575 611
576 611
577 611
578 611
579 611
580 611
581 611
582 611
583 611
584 611
585 611
586 611
587 611
588 611
589 611
590 611
591 611
592 611
593 611
594 611
595 611
596 611
597 611
598 611
599 611
600 611
601 611
602 611
603 611
604 611
605 611
606 611
607 611
608 611
609 611
610 611
611 612
