954
953
1 953
2 953
3 953
4 953
5 953
6 953
7 953
8 953
9 953
10 953
11 953
12 953
13 953
14 953
15 953
16 953
17 953
18 953
19 953
20 953
21 953
22 953
23 953
24 953
25 953
26 953
27 953
28 953
29 953
30 953
31 953
32 953
33 953
34 953
35 953
36 953
37 953
38 953
39 953
40 953
41 953
42 953
43 953
44 953
45 953
46 953
47 953
48 953
49 953
50 953
51 953
52 953
53 953
54 953
55 953
56 953
57 953
58 953
59 953
60 953
61 953
62 953
63 953
64 953
65 953
66 953
67 953
68 953
69 953
70 953
71 953
72 953
73 953
74 953
75 953
76 953
77 953
78 953
79 953
80 953
81 953
82 953
83 953
84 953
85 953
86 953
87 953
88 953
89 953
90 953
91 953
92 953
93 953
94 953
95 953
96 953
97 953
98 953
99 953
100 953
101 953
102 953
103 953
104 953
105 953
106 953
107 953
108 953
109 953
110 953
111 953
112 953
113 953
114 953
115 953
116 953
117 953
118 953
119 953
120 953
121 953
122 953
123 953
124 953
125 953
126 953
127 953
128 953
129 953
130 953
131 953
132 953
133 953
134 953
135 953
136 953
137 953
138 953
139 953
140 953
141 953
142 953
143 953
144 953
145 953
146 953
147 953
148 953
149 953
150 953
151 953
152 953
153 953
154 953
155 953
156 953
157 953
158 953
159 953
160 953
161 953
162 953
163 953
164 953
165 953
166 953
167 953
168 953
169 953
170 953
171 953
172 953
173 953
174 953
175 953
176 953
177 953
178 953
179 953
180 953
181 953
182 953
183 953
184 953
185 953
186 953
187 953
188 953
189 953
190 953
191 953
192 953
193 953
194 953
195 953
196 953
197 953
198 953
199 953
200 953
201 953
202 953
203 953
204 953
205 953
206 953
207 953
208 953
209 953
210 953
211 953
212 953
213 953
214 953
215 953
216 953
217 953
218 953
219 953
220 953
221 953
222 953
223 953
224 953
225 953
226 953
227 953
228 953
229 953
230 953
231 953
232 953
233 953
234 953
235 953
236 953
237 953
238 953
239 953
240 953
241 953
242 953
243 953
244 953
245 953
246 953
247 953
248 953
249 953
250 953
251 953
252 953
253 953
254 953
255 953
256 953
257 953
258 953
259 953
260 953
261 953
262 953
263 953
264 953
265 953
266 953
267 953
268 953
269 953
270 953
271 953
272 953
273 953
274 953
275 953
276 953
277 953
278 953
279 953
280 953
281 953
282 953
283 953
284 953
285 953
286 953
287 953
288 953
289 953
290 953
291 953
292 953
293 953
294 953
295 953
296 953
297 953
298 953
299 953
300 953
301 953
302 953
303 953
304 953
305 953
306 953
307 953
308 953
309 953
310 953
311 953
312 953
313 953
314 953
315 953
316 953
317 953
318 953
319 953
320 953
321 953
322 953
323 953
324 953
325 953
326 953
327 953
328 953
329 953
330 953
331 953
332 953
333 953
334 953
335 953
336 953
337 953
338 953
339 953
340 953
341 953
342 953
343 953
344 953
345 953
346 953
347 953
348 953
349 953
350 953
351 953
352 953
353 953
354 953
355 953
356 953
357 953
358 953
359 953
360 953
361 953
362 953
363 953
364 953
365 953
366 953
367 953
368 953
369 953
370 953
371 953
372 953
373 953
374 953
375 953
376 953
377 953
378 953
379 953
380 953
381 953
382 953
383 953
384 953
385 953
386 953
387 953
388 953
389 953
390 953
391 953
392 953
393 953
394 953
395 953
396 953
397 953
398 953
399 953
400 953
401 953
402 953
403 953
404 953
405 953
406 953
407 953
408 953
409 953
410 953
411 953
412 953
413 953
414 953
415 953
416 953
417 953
418 953
419 953
420 953
421 953
422 953
423 953
424 953
425 953
426 953
427 953
428 953
429 953
430 953
431 953
432 953
433 953
434 953
435 953
436 953
437 953
438 953
439 953
440 953
441 953
442 953
443 953
444 953
445 953
446 953
447 953
448 953
449 953
450 953
451 953
452 953
453 953
454 953
455 953
456 953
457 953
458 953
459 953
460 953
461 953
462 953
463 953
464 953
465 953
466 953
467 953
468 953
469 953
470 953
471 953
472 953
473 953
474 953
475 953
476 953
477 953
478 953
479 953
480 953
481 953
482 953
483 953
484 953
485 953
486 953
487 953
488 953
489 953
490 953
491 953
492 953
493 953
494 953
495 953
496 953
497 953
498 953
499 953
500 953
501 953
502 953
503 953
504 953
505 953
506 953
507 953
508 953
509 953
510 953
511 953
512 953
513 953
514 953
515 953
516 953
517 953
518 953
519 953
520 953
521 953
522 953
523 953
524 953
525 953
526 953
527 953
528 953
529 953
530 953
531 953
532 953
533 953
534 953
535 953
536 953
537 953
538 953
539 953
540 953
541 953
542 953
543 953
544 953
545 953
546 953
547 953
548 953
549 953
550 953
551 953
552 953
553 953
554 953
555 953
556 953
557 953
558 953
559 953
560 953
561 953
562 953
563 953
564 953
565 953
566 953
567 953
568 953
569 953
570 953
571 953
572 953
573 953
574 953
575 953
576 953
577 953
578 953
579 953
580 953
581 953
582 953
583 953
584 953
585 953
586 953
587 953
588 953
589 953
590 953
591 953
592 953
593 953
594 953
595 953
596 953
597 953
598 953
599 953
600 953
601 953
602 953
603 953
604 953
605 953
606 953
607 953
608 953
609 953
610 953
611 953
612 953
613 953
614 953
615 953
616 953
617 953
618 953
619 953
620 953
621 953
622 953
623 953
624 953
625 953
626 953
627 953
628 953
629 953
630 953
631 953
632 953
633 953
634 953
635 953
636 953
637 953
638 953
639 953
640 953
641 953
642 953
643 953
644 953
645 953
646 953
647 953
648 953
649 953
650 953
651 953
652 953
653 953
654 953
655 953
656 953
657 953
658 953
659 953
660 953
661 953
662 953
663 953
664 953
665 953
666 953
667 953
668 953
669 953
670 953
671 953
672 953
673 953
674 953
675 953
676 953
677 953
678 953
679 953
680 953
681 953
682 953
683 953
684 953
685 953
686 953
687 953
688 953
689 953
690 953
691 953
692 953
693 953
694 953
695 953
696 953
697 953
698 953
699 953
700 953
701 953
702 953
703 953
704 953
705 953
706 953
707 953
708 953
709 953
710 953
711 953
712 953
713 953
714 953
715 953
716 953
717 953
718 953
719 953
720 953
721 953
722 953
723 953
724 953
725 953
726 953
727 953
728 953
729 953
730 953
731 953
732 953
733 953
734 953
735 953
736 953
737 953
738 953
739 953
740 953
741 953
742 953
743 953
744 953
745 953
746 953
747 953
748 953
749 953
750 953
751 953
752 953
753 953
754 953
755 953
756 953
757 953
758 953
759 953
760 953
761 953
762 953
763 953
764 953
765 953
766 953
767 953
768 953
769 953
770 953
771 953
772 953
773 953
774 953
775 953
776 953
777 953
778 953
779 953
780 953
781 953
782 953
783 953
784 953
785 953
786 953
787 953
788 953
789 953
790 953
791 953
792 953
793 953
794 953
795 953
796 953
797 953
798 953
799 953
800 953
801 953
802 953
803 953
804 953
805 953
806 953
807 953
808 953
809 953
810 953
811 953
812 953
813 953
814 953
815 953
816 953
817 953
818 953
819 953
820 953
821 953
822 953
823 953
824 953
825 953
826 953
827 953
828 953
829 953
830 953
831 953
832 953
833 953
834 953
835 953
836 953
837 953
838 953
839 953
840 953
841 953
842 953
843 953
844 953
845 953
846 953
847 953
848 953
849 953
850 953
851 953
852 953
853 953
854 953
855 953
856 953
857 953
858 953
859 953
860 953
861 953
862 953
863 953
864 953
865 953
866 953
867 953
868 953
869 953
870 953
871 953
872 953
873 953
874 953
875 953
876 953
877 953
878 953
879 953
880 953
881 953
882 953
883 953
884 953
885 953
886 953
887 953
888 953
889 953
890 953
891 953
892 953
893 953
894 953
895 953
896 953
897 953
898 953
899 953
900 953
901 953
902 953
903 953
904 953
905 953
906 953
907 953
908 953
909 953
910 953
911 953
912 953
913 953
914 953
915 953
916 953
917 953
918 953
919 953
920 953
921 953
922 953
923 953
924 953
925 953
926 953
927 953
928 953
929 953
930 953
931 953
932 953
933 953
934 953
935 953
936 953
937 953
938 953
939 953
940 953
941 953
942 953
943 953
944 953
945 953
946 953
947 953
948 953
949 953
950 953
951 953
952 953
953 954
