696
695
1 695
2 695
3 695
4 695
5 695
6 695
7 695
8 695
9 695
10 695
11 695
12 695
13 695
14 695
15 695
16 695
17 695
18 695
19 695
20 695
21 695
22 695
23 695
24 695
25 695
26 695
27 695
28 695
29 695
30 695
31 695
32 695
33 695
34 695
35 695
36 695
37 695
38 695
39 695
40 695
41 695
42 695
43 695
44 695
45 695
46 695
47 695
48 695
49 695
50 695
51 695
52 695
53 695
54 695
55 695
56 695
57 695
58 695
59 695
60 695
61 695
62 695
63 695
64 695
65 695
66 695
67 695
68 695
69 695
70 695
71 695
72 695
73 695
74 695
75 695
76 695
77 695
78 695
79 695
80 695
81 695
82 695
83 695
84 695
85 695
86 695
87 695
88 695
89 695
90 695
91 695
92 695
93 695
94 695
95 695
96 695
97 695
98 695
99 695
100 695
101 695
102 695
103 695
104 695
105 695
106 695
107 695
108 695
109 695
110 695
111 695
112 695
113 695
114 695
115 695
116 695
117 695
118 695
119 695
120 695
121 695
122 695
123 695
124 695
125 695
126 695
127 695
128 695
129 695
130 695
131 695
132 695
133 695
134 695
135 695
136 695
137 695
138 695
139 695
140 695
141 695
142 695
143 695
144 695
145 695
146 695
147 695
148 695
149 695
150 695
151 695
152 695
153 695
154 695
155 695
156 695
157 695
158 695
159 695
160 695
161 695
162 695
163 695
164 695
165 695
166 695
167 695
168 695
169 695
170 695
171 695
172 695
173 695
174 695
175 695
176 695
177 695
178 695
179 695
180 695
181 695
182 695
183 695
184 695
185 695
186 695
187 695
188 695
189 695
190 695
191 695
192 695
193 695
194 695
195 695
196 695
197 695
198 695
199 695
200 695
201 695
202 695
203 695
204 695
205 695
206 695
207 695
208 695
209 695
210 695
211 695
212 695
213 695
214 695
215 695
216 695
217 695
218 695
219 695
220 695
221 695
222 695
223 695
224 695
225 695
226 695
227 695
228 695
229 695
230 695
231 695
232 695
233 695
234 695
235 695
236 695
237 695
238 695
239 695
240 695
241 695
242 695
243 695
244 695
245 695
246 695
247 695
248 695
249 695
250 695
251 695
252 695
253 695
254 695
255 695
256 695
257 695
258 695
259 695
260 695
261 695
262 695
263 695
264 695
265 695
266 695
267 695
268 695
269 695
270 695
271 695
272 695
273 695
274 695
275 695
276 695
277 695
278 695
279 695
280 695
281 695
282 695
283 695
284 695
285 695
286 695
287 695
288 695
289 695
290 695
291 695
292 695
293 695
294 695
295 695
296 695
297 695
298 695
299 695
300 695
301 695
302 695
303 695
304 695
305 695
306 695
307 695
308 695
309 695
310 695
311 695
312 695
313 695
314 695
315 695
316 695
317 695
318 695
319 695
320 695
321 695
322 695
323 695
324 695
325 695
326 695
327 695
328 695
329 695
330 695
331 695
332 695
333 695
334 695
335 695
336 695
337 695
338 695
339 695
340 695
341 695
342 695
343 695
344 695
345 695
346 695
347 695
348 695
349 695
350 695
351 695
352 695
353 695
354 695
355 695
356 695
357 695
358 695
359 695
360 695
361 695
362 695
363 695
364 695
365 695
366 695
367 695
368 695
369 695
370 695
371 695
372 695
373 695
374 695
375 695
376 695
377 695
378 695
379 695
380 695
381 695
382 695
383 695
384 695
385 695
386 695
387 695
388 695
389 695
390 695
391 695
392 695
393 695
394 695
395 695
396 695
397 695
398 695
399 695
400 695
401 695
402 695
403 695
404 695
405 695
406 695
407 695
408 695
409 695
410 695
411 695
412 695
413 695
414 695
415 695
416 695
417 695
418 695
419 695
420 695
421 695
422 695
423 695
424 695
425 695
426 695
427 695
428 695
429 695
430 695
431 695
432 695
433 695
434 695
435 695
436 695
437 695
438 695
439 695
440 695
441 695
442 695
443 695
444 695
445 695
446 695
447 695
448 695
449 695
450 695
451 695
452 695
453 695
454 695
455 695
456 695
457 695
458 695
459 695
460 695
461 695
462 695
463 695
464 695
465 695
466 695
467 695
468 695
469 695
470 695
471 695
472 695
473 695
474 695
475 695
476 695
477 695
478 695
479 695
480 695
481 695
482 695
483 695
484 695
485 695
486 695
487 695
488 695
489 695
490 695
491 695
492 695
493 695
494 695
495 695
496 695
497 695
498 695
499 695
500 695
501 695
502 695
503 695
504 695
505 695
506 695
507 695
508 695
509 695
510 695
511 695
512 695
513 695
514 695
515 695
516 695
517 695
518 695
519 695
520 695
521 695
522 695
523 695
524 695
525 695
526 695
527 695
528 695
529 695
530 695
531 695
532 695
533 695
534 695
535 695
536 695
537 695
538 695
539 695
540 695
541 695
542 695
543 695
544 695
545 695
546 695
547 695
548 695
549 695
550 695
551 695
552 695
553 695
554 695
555 695
556 695
557 695
558 695
559 695
560 695
561 695
562 695
563 695
564 695
565 695
566 695
567 695
568 695
569 695
570 695
571 695
572 695
573 695
574 695
575 695
576 695
577 695
578 695
579 695
580 695
581 695
582 695
583 695
584 695
585 695
586 695
587 695
588 695
589 695
590 695
591 695
592 695
593 695
594 695
595 695
596 695
597 695
598 695
599 695
600 695
601 695
602 695
603 695
604 695
605 695
606 695
607 695
608 695
609 695
610 695
611 695
612 695
613 695
614 695
615 695
616 695
617 695
618 695
619 695
620 695
621 695
622 695
623 695
624 695
625 695
626 695
627 695
628 695
629 695
630 695
631 695
632 695
633 695
634 695
635 695
636 695
637 695
638 695
639 695
640 695
641 695
642 695
643 695
644 695
645 695
646 695
647 695
648 695
649 695
650 695
651 695
652 695
653 695
654 695
655 695
656 695
657 695
658 695
659 695
660 695
661 695
662 695
663 695
664 695
665 695
666 695
667 695
668 695
669 695
670 695
671 695
672 695
673 695
674 695
675 695
676 695
677 695
678 695
679 695
680 695
681 695
682 695
683 695
684 695
685 695
686 695
687 695
688 695
689 695
690 695
691 695
692 695
693 695
694 695
695 696
