798
797
1 797
2 797
3 797
4 797
5 797
6 797
7 797
8 797
9 797
10 797
11 797
12 797
13 797
14 797
15 797
16 797
17 797
18 797
19 797
20 797
21 797
22 797
23 797
24 797
25 797
26 797
27 797
28 797
29 797
30 797
31 797
32 797
33 797
34 797
35 797
36 797
37 797
38 797
39 797
40 797
41 797
42 797
43 797
44 797
45 797
46 797
47 797
48 797
49 797
50 797
51 797
52 797
53 797
54 797
55 797
56 797
57 797
58 797
59 797
60 797
61 797
62 797
63 797
64 797
65 797
66 797
67 797
68 797
69 797
70 797
71 797
72 797
73 797
74 797
75 797
76 797
77 797
78 797
79 797
80 797
81 797
82 797
83 797
84 797
85 797
86 797
87 797
88 797
89 797
90 797
91 797
92 797
93 797
94 797
95 797
96 797
97 797
98 797
99 797
100 797
101 797
102 797
103 797
104 797
105 797
106 797
107 797
108 797
109 797
110 797
111 797
112 797
113 797
114 797
115 797
116 797
117 797
118 797
119 797
120 797
121 797
122 797
123 797
124 797
125 797
126 797
127 797
128 797
129 797
130 797
131 797
132 797
133 797
134 797
135 797
136 797
137 797
138 797
139 797
140 797
141 797
142 797
143 797
144 797
145 797
146 797
147 797
148 797
149 797
150 797
151 797
152 797
153 797
154 797
155 797
156 797
157 797
158 797
159 797
160 797
161 797
162 797
163 797
164 797
165 797
166 797
167 797
168 797
169 797
170 797
171 797
172 797
173 797
174 797
175 797
176 797
177 797
178 797
179 797
180 797
181 797
182 797
183 797
184 797
185 797
186 797
187 797
188 797
189 797
190 797
191 797
192 797
193 797
194 797
195 797
196 797
197 797
198 797
199 797
200 797
201 797
202 797
203 797
204 797
205 797
206 797
207 797
208 797
209 797
210 797
211 797
212 797
213 797
214 797
215 797
216 797
217 797
218 797
219 797
220 797
221 797
222 797
223 797
224 797
225 797
226 797
227 797
228 797
229 797
230 797
231 797
232 797
233 797
234 797
235 797
236 797
237 797
238 797
239 797
240 797
241 797
242 797
243 797
244 797
245 797
246 797
247 797
248 797
249 797
250 797
251 797
252 797
253 797
254 797
255 797
256 797
257 797
258 797
259 797
260 797
261 797
262 797
263 797
264 797
265 797
266 797
267 797
268 797
269 797
270 797
271 797
272 797
273 797
274 797
275 797
276 797
277 797
278 797
279 797
280 797
281 797
282 797
283 797
284 797
285 797
286 797
287 797
288 797
289 797
290 797
291 797
292 797
293 797
294 797
295 797
296 797
297 797
298 797
299 797
300 797
301 797
302 797
303 797
304 797
305 797
306 797
307 797
308 797
309 797
310 797
311 797
312 797
313 797
314 797
315 797
316 797
317 797
318 797
319 797
320 797
321 797
322 797
323 797
324 797
325 797
326 797
327 797
328 797
329 797
330 797
331 797
332 797
333 797
334 797
335 797
336 797
337 797
338 797
339 797
340 797
341 797
342 797
343 797
344 797
345 797
346 797
347 797
348 797
349 797
350 797
351 797
352 797
353 797
354 797
355 797
356 797
357 797
358 797
359 797
360 797
361 797
362 797
363 797
364 797
365 797
366 797
367 797
368 797
369 797
370 797
371 797
372 797
373 797
374 797
375 797
376 797
377 797
378 797
379 797
380 797
381 797
382 797
383 797
384 797
385 797
386 797
387 797
388 797
389 797
390 797
391 797
392 797
393 797
394 797
395 797
396 797
397 797
398 797
399 797
400 797
401 797
402 797
403 797
404 797
405 797
406 797
407 797
408 797
409 797
410 797
411 797
412 797
413 797
414 797
415 797
416 797
417 797
418 797
419 797
420 797
421 797
422 797
423 797
424 797
425 797
426 797
427 797
428 797
429 797
430 797
431 797
432 797
433 797
434 797
435 797
436 797
437 797
438 797
439 797
440 797
441 797
442 797
443 797
444 797
445 797
446 797
447 797
448 797
449 797
450 797
451 797
452 797
453 797
454 797
455 797
456 797
457 797
458 797
459 797
460 797
461 797
462 797
463 797
464 797
465 797
466 797
467 797
468 797
469 797
470 797
471 797
472 797
473 797
474 797
475 797
476 797
477 797
478 797
479 797
480 797
481 797
482 797
483 797
484 797
485 797
486 797
487 797
488 797
489 797
490 797
491 797
492 797
493 797
494 797
495 797
496 797
497 797
498 797
499 797
500 797
501 797
502 797
503 797
504 797
505 797
506 797
507 797
508 797
509 797
510 797
511 797
512 797
513 797
514 797
515 797
516 797
517 797
518 797
519 797
520 797
521 797
522 797
523 797
524 797
525 797
526 797
527 797
528 797
529 797
530 797
531 797
532 797
533 797
534 797
535 797
536 797
537 797
538 797
539 797
540 797
541 797
542 797
543 797
544 797
545 797
546 797
547 797
548 797
549 797
550 797
551 797
552 797
553 797
554 797
555 797
556 797
557 797
558 797
559 797
560 797
561 797
562 797
563 797
564 797
565 797
566 797
567 797
568 797
569 797
570 797
571 797
572 797
573 797
574 797
575 797
576 797
577 797
578 797
579 797
580 797
581 797
582 797
583 797
584 797
585 797
586 797
587 797
588 797
589 797
590 797
591 797
592 797
593 797
594 797
595 797
596 797
597 797
598 797
599 797
600 797
601 797
602 797
603 797
604 797
605 797
606 797
607 797
608 797
609 797
610 797
611 797
612 797
613 797
614 797
615 797
616 797
617 797
618 797
619 797
620 797
621 797
622 797
623 797
624 797
625 797
626 797
627 797
628 797
629 797
630 797
631 797
632 797
633 797
634 797
635 797
636 797
637 797
638 797
639 797
640 797
641 797
642 797
643 797
644 797
645 797
646 797
647 797
648 797
649 797
650 797
651 797
652 797
653 797
654 797
655 797
656 797
657 797
658 797
659 797
660 797
661 797
662 797
663 797
664 797
665 797
666 797
667 797
668 797
669 797
670 797
671 797
672 797
673 797
674 797
675 797
676 797
677 797
678 797
679 797
680 797
681 797
682 797
683 797
684 797
685 797
686 797
687 797
688 797
689 797
690 797
691 797
692 797
693 797
694 797
695 797
696 797
697 797
698 797
699 797
700 797
701 797
702 797
703 797
704 797
705 797
706 797
707 797
708 797
709 797
710 797
711 797
712 797
713 797
714 797
715 797
716 797
717 797
718 797
719 797
720 797
721 797
722 797
723 797
724 797
725 797
726 797
727 797
728 797
729 797
730 797
731 797
732 797
733 797
734 797
735 797
736 797
737 797
738 797
739 797
740 797
741 797
742 797
743 797
744 797
745 797
746 797
747 797
748 797
749 797
750 797
751 797
752 797
753 797
754 797
755 797
756 797
757 797
758 797
759 797
760 797
761 797
762 797
763 797
764 797
765 797
766 797
767 797
768 797
769 797
770 797
771 797
772 797
773 797
774 797
775 797
776 797
777 797
778 797
779 797
780 797
781 797
782 797
783 797
784 797
785 797
786 797
787 797
788 797
789 797
790 797
791 797
792 797
793 797
794 797
795 797
796 797
797 798
