511
510
1 510
2 510
3 510
4 510
5 510
6 510
7 510
8 510
9 510
10 510
11 510
12 510
13 510
14 510
15 510
16 510
17 510
18 510
19 510
20 510
21 510
22 510
23 510
24 510
25 510
26 510
27 510
28 510
29 510
30 510
31 510
32 510
33 510
34 510
35 510
36 510
37 510
38 510
39 510
40 510
41 510
42 510
43 510
44 510
45 510
46 510
47 510
48 510
49 510
50 510
51 510
52 510
53 510
54 510
55 510
56 510
57 510
58 510
59 510
60 510
61 510
62 510
63 510
64 510
65 510
66 510
67 510
68 510
69 510
70 510
71 510
72 510
73 510
74 510
75 510
76 510
77 510
78 510
79 510
80 510
81 510
82 510
83 510
84 510
85 510
86 510
87 510
88 510
89 510
90 510
91 510
92 510
93 510
94 510
95 510
96 510
97 510
98 510
99 510
100 510
101 510
102 510
103 510
104 510
105 510
106 510
107 510
108 510
109 510
110 510
111 510
112 510
113 510
114 510
115 510
116 510
117 510
118 510
119 510
120 510
121 510
122 510
123 510
124 510
125 510
126 510
127 510
128 510
129 510
130 510
131 510
132 510
133 510
134 510
135 510
136 510
137 510
138 510
139 510
140 510
141 510
142 510
143 510
144 510
145 510
146 510
147 510
148 510
149 510
150 510
151 510
152 510
153 510
154 510
155 510
156 510
157 510
158 510
159 510
160 510
161 510
162 510
163 510
164 510
165 510
166 510
167 510
168 510
169 510
170 510
171 510
172 510
173 510
174 510
175 510
176 510
177 510
178 510
179 510
180 510
181 510
182 510
183 510
184 510
185 510
186 510
187 510
188 510
189 510
190 510
191 510
192 510
193 510
194 510
195 510
196 510
197 510
198 510
199 510
200 510
201 510
202 510
203 510
204 510
205 510
206 510
207 510
208 510
209 510
210 510
211 510
212 510
213 510
214 510
215 510
216 510
217 510
218 510
219 510
220 510
221 510
222 510
223 510
224 510
225 510
226 510
227 510
228 510
229 510
230 510
231 510
232 510
233 510
234 510
235 510
236 510
237 510
238 510
239 510
240 510
241 510
242 510
243 510
244 510
245 510
246 510
247 510
248 510
249 510
250 510
251 510
252 510
253 510
254 510
255 510
256 510
257 510
258 510
259 510
260 510
261 510
262 510
263 510
264 510
265 510
266 510
267 510
268 510
269 510
270 510
271 510
272 510
273 510
274 510
275 510
276 510
277 510
278 510
279 510
280 510
281 510
282 510
283 510
284 510
285 510
286 510
287 510
288 510
289 510
290 510
291 510
292 510
293 510
294 510
295 510
296 510
297 510
298 510
299 510
300 510
301 510
302 510
303 510
304 510
305 510
306 510
307 510
308 510
309 510
310 510
311 510
312 510
313 510
314 510
315 510
316 510
317 510
318 510
319 510
320 510
321 510
322 510
323 510
324 510
325 510
326 510
327 510
328 510
329 510
330 510
331 510
332 510
333 510
334 510
335 510
336 510
337 510
338 510
339 510
340 510
341 510
342 510
343 510
344 510
345 510
346 510
347 510
348 510
349 510
350 510
351 510
352 510
353 510
354 510
355 510
356 510
357 510
358 510
359 510
360 510
361 510
362 510
363 510
364 510
365 510
366 510
367 510
368 510
369 510
370 510
371 510
372 510
373 510
374 510
375 510
376 510
377 510
378 510
379 510
380 510
381 510
382 510
383 510
384 510
385 510
386 510
387 510
388 510
389 510
390 510
391 510
392 510
393 510
394 510
395 510
396 510
397 510
398 510
399 510
400 510
401 510
402 510
403 510
404 510
405 510
406 510
407 510
408 510
409 510
410 510
411 510
412 510
413 510
414 510
415 510
416 510
417 510
418 510
419 510
420 510
421 510
422 510
423 510
424 510
425 510
426 510
427 510
428 510
429 510
430 510
431 510
432 510
433 510
434 510
435 510
436 510
437 510
438 510
439 510
440 510
441 510
442 510
443 510
444 510
445 510
446 510
447 510
448 510
449 510
450 510
451 510
452 510
453 510
454 510
455 510
456 510
457 510
458 510
459 510
460 510
461 510
462 510
463 510
464 510
465 510
466 510
467 510
468 510
469 510
470 510
471 510
472 510
473 510
474 510
475 510
476 510
477 510
478 510
479 510
480 510
481 510
482 510
483 510
484 510
485 510
486 510
487 510
488 510
489 510
490 510
491 510
492 510
493 510
494 510
495 510
496 510
497 510
498 510
499 510
500 510
501 510
502 510
503 510
504 510
505 510
506 510
507 510
508 510
509 510
510 511
