998
997
1 997
2 997
3 997
4 997
5 997
6 997
7 997
8 997
9 997
10 997
11 997
12 997
13 997
14 997
15 997
16 997
17 997
18 997
19 997
20 997
21 997
22 997
23 997
24 997
25 997
26 997
27 997
28 997
29 997
30 997
31 997
32 997
33 997
34 997
35 997
36 997
37 997
38 997
39 997
40 997
41 997
42 997
43 997
44 997
45 997
46 997
47 997
48 997
49 997
50 997
51 997
52 997
53 997
54 997
55 997
56 997
57 997
58 997
59 997
60 997
61 997
62 997
63 997
64 997
65 997
66 997
67 997
68 997
69 997
70 997
71 997
72 997
73 997
74 997
75 997
76 997
77 997
78 997
79 997
80 997
81 997
82 997
83 997
84 997
85 997
86 997
87 997
88 997
89 997
90 997
91 997
92 997
93 997
94 997
95 997
96 997
97 997
98 997
99 997
100 997
101 997
102 997
103 997
104 997
105 997
106 997
107 997
108 997
109 997
110 997
111 997
112 997
113 997
114 997
115 997
116 997
117 997
118 997
119 997
120 997
121 997
122 997
123 997
124 997
125 997
126 997
127 997
128 997
129 997
130 997
131 997
132 997
133 997
134 997
135 997
136 997
137 997
138 997
139 997
140 997
141 997
142 997
143 997
144 997
145 997
146 997
147 997
148 997
149 997
150 997
151 997
152 997
153 997
154 997
155 997
156 997
157 997
158 997
159 997
160 997
161 997
162 997
163 997
164 997
165 997
166 997
167 997
168 997
169 997
170 997
171 997
172 997
173 997
174 997
175 997
176 997
177 997
178 997
179 997
180 997
181 997
182 997
183 997
184 997
185 997
186 997
187 997
188 997
189 997
190 997
191 997
192 997
193 997
194 997
195 997
196 997
197 997
198 997
199 997
200 997
201 997
202 997
203 997
204 997
205 997
206 997
207 997
208 997
209 997
210 997
211 997
212 997
213 997
214 997
215 997
216 997
217 997
218 997
219 997
220 997
221 997
222 997
223 997
224 997
225 997
226 997
227 997
228 997
229 997
230 997
231 997
232 997
233 997
234 997
235 997
236 997
237 997
238 997
239 997
240 997
241 997
242 997
243 997
244 997
245 997
246 997
247 997
248 997
249 997
250 997
251 997
252 997
253 997
254 997
255 997
256 997
257 997
258 997
259 997
260 997
261 997
262 997
263 997
264 997
265 997
266 997
267 997
268 997
269 997
270 997
271 997
272 997
273 997
274 997
275 997
276 997
277 997
278 997
279 997
280 997
281 997
282 997
283 997
284 997
285 997
286 997
287 997
288 997
289 997
290 997
291 997
292 997
293 997
294 997
295 997
296 997
297 997
298 997
299 997
300 997
301 997
302 997
303 997
304 997
305 997
306 997
307 997
308 997
309 997
310 997
311 997
312 997
313 997
314 997
315 997
316 997
317 997
318 997
319 997
320 997
321 997
322 997
323 997
324 997
325 997
326 997
327 997
328 997
329 997
330 997
331 997
332 997
333 997
334 997
335 997
336 997
337 997
338 997
339 997
340 997
341 997
342 997
343 997
344 997
345 997
346 997
347 997
348 997
349 997
350 997
351 997
352 997
353 997
354 997
355 997
356 997
357 997
358 997
359 997
360 997
361 997
362 997
363 997
364 997
365 997
366 997
367 997
368 997
369 997
370 997
371 997
372 997
373 997
374 997
375 997
376 997
377 997
378 997
379 997
380 997
381 997
382 997
383 997
384 997
385 997
386 997
387 997
388 997
389 997
390 997
391 997
392 997
393 997
394 997
395 997
396 997
397 997
398 997
399 997
400 997
401 997
402 997
403 997
404 997
405 997
406 997
407 997
408 997
409 997
410 997
411 997
412 997
413 997
414 997
415 997
416 997
417 997
418 997
419 997
420 997
421 997
422 997
423 997
424 997
425 997
426 997
427 997
428 997
429 997
430 997
431 997
432 997
433 997
434 997
435 997
436 997
437 997
438 997
439 997
440 997
441 997
442 997
443 997
444 997
445 997
446 997
447 997
448 997
449 997
450 997
451 997
452 997
453 997
454 997
455 997
456 997
457 997
458 997
459 997
460 997
461 997
462 997
463 997
464 997
465 997
466 997
467 997
468 997
469 997
470 997
471 997
472 997
473 997
474 997
475 997
476 997
477 997
478 997
479 997
480 997
481 997
482 997
483 997
484 997
485 997
486 997
487 997
488 997
489 997
490 997
491 997
492 997
493 997
494 997
495 997
496 997
497 997
498 997
499 997
500 997
501 997
502 997
503 997
504 997
505 997
506 997
507 997
508 997
509 997
510 997
511 997
512 997
513 997
514 997
515 997
516 997
517 997
518 997
519 997
520 997
521 997
522 997
523 997
524 997
525 997
526 997
527 997
528 997
529 997
530 997
531 997
532 997
533 997
534 997
535 997
536 997
537 997
538 997
539 997
540 997
541 997
542 997
543 997
544 997
545 997
546 997
547 997
548 997
549 997
550 997
551 997
552 997
553 997
554 997
555 997
556 997
557 997
558 997
559 997
560 997
561 997
562 997
563 997
564 997
565 997
566 997
567 997
568 997
569 997
570 997
571 997
572 997
573 997
574 997
575 997
576 997
577 997
578 997
579 997
580 997
581 997
582 997
583 997
584 997
585 997
586 997
587 997
588 997
589 997
590 997
591 997
592 997
593 997
594 997
595 997
596 997
597 997
598 997
599 997
600 997
601 997
602 997
603 997
604 997
605 997
606 997
607 997
608 997
609 997
610 997
611 997
612 997
613 997
614 997
615 997
616 997
617 997
618 997
619 997
620 997
621 997
622 997
623 997
624 997
625 997
626 997
627 997
628 997
629 997
630 997
631 997
632 997
633 997
634 997
635 997
636 997
637 997
638 997
639 997
640 997
641 997
642 997
643 997
644 997
645 997
646 997
647 997
648 997
649 997
650 997
651 997
652 997
653 997
654 997
655 997
656 997
657 997
658 997
659 997
660 997
661 997
662 997
663 997
664 997
665 997
666 997
667 997
668 997
669 997
670 997
671 997
672 997
673 997
674 997
675 997
676 997
677 997
678 997
679 997
680 997
681 997
682 997
683 997
684 997
685 997
686 997
687 997
688 997
689 997
690 997
691 997
692 997
693 997
694 997
695 997
696 997
697 997
698 997
699 997
700 997
701 997
702 997
703 997
704 997
705 997
706 997
707 997
708 997
709 997
710 997
711 997
712 997
713 997
714 997
715 997
716 997
717 997
718 997
719 997
720 997
721 997
722 997
723 997
724 997
725 997
726 997
727 997
728 997
729 997
730 997
731 997
732 997
733 997
734 997
735 997
736 997
737 997
738 997
739 997
740 997
741 997
742 997
743 997
744 997
745 997
746 997
747 997
748 997
749 997
750 997
751 997
752 997
753 997
754 997
755 997
756 997
757 997
758 997
759 997
760 997
761 997
762 997
763 997
764 997
765 997
766 997
767 997
768 997
769 997
770 997
771 997
772 997
773 997
774 997
775 997
776 997
777 997
778 997
779 997
780 997
781 997
782 997
783 997
784 997
785 997
786 997
787 997
788 997
789 997
790 997
791 997
792 997
793 997
794 997
795 997
796 997
797 997
798 997
799 997
800 997
801 997
802 997
803 997
804 997
805 997
806 997
807 997
808 997
809 997
810 997
811 997
812 997
813 997
814 997
815 997
816 997
817 997
818 997
819 997
820 997
821 997
822 997
823 997
824 997
825 997
826 997
827 997
828 997
829 997
830 997
831 997
832 997
833 997
834 997
835 997
836 997
837 997
838 997
839 997
840 997
841 997
842 997
843 997
844 997
845 997
846 997
847 997
848 997
849 997
850 997
851 997
852 997
853 997
854 997
855 997
856 997
857 997
858 997
859 997
860 997
861 997
862 997
863 997
864 997
865 997
866 997
867 997
868 997
869 997
870 997
871 997
872 997
873 997
874 997
875 997
876 997
877 997
878 997
879 997
880 997
881 997
882 997
883 997
884 997
885 997
886 997
887 997
888 997
889 997
890 997
891 997
892 997
893 997
894 997
895 997
896 997
897 997
898 997
899 997
900 997
901 997
902 997
903 997
904 997
905 997
906 997
907 997
908 997
909 997
910 997
911 997
912 997
913 997
914 997
915 997
916 997
917 997
918 997
919 997
920 997
921 997
922 997
923 997
924 997
925 997
926 997
927 997
928 997
929 997
930 997
931 997
932 997
933 997
934 997
935 997
936 997
937 997
938 997
939 997
940 997
941 997
942 997
943 997
944 997
945 997
946 997
947 997
948 997
949 997
950 997
951 997
952 997
953 997
954 997
955 997
956 997
957 997
958 997
959 997
960 997
961 997
962 997
963 997
964 997
965 997
966 997
967 997
968 997
969 997
970 997
971 997
972 997
973 997
974 997
975 997
976 997
977 997
978 997
979 997
980 997
981 997
982 997
983 997
984 997
985 997
986 997
987 997
988 997
989 997
990 997
991 997
992 997
993 997
994 997
995 997
996 997
997 998
