825
824
1 824
2 824
3 824
4 824
5 824
6 824
7 824
8 824
9 824
10 824
11 824
12 824
13 824
14 824
15 824
16 824
17 824
18 824
19 824
20 824
21 824
22 824
23 824
24 824
25 824
26 824
27 824
28 824
29 824
30 824
31 824
32 824
33 824
34 824
35 824
36 824
37 824
38 824
39 824
40 824
41 824
42 824
43 824
44 824
45 824
46 824
47 824
48 824
49 824
50 824
51 824
52 824
53 824
54 824
55 824
56 824
57 824
58 824
59 824
60 824
61 824
62 824
63 824
64 824
65 824
66 824
67 824
68 824
69 824
70 824
71 824
72 824
73 824
74 824
75 824
76 824
77 824
78 824
79 824
80 824
81 824
82 824
83 824
84 824
85 824
86 824
87 824
88 824
89 824
90 824
91 824
92 824
93 824
94 824
95 824
96 824
97 824
98 824
99 824
100 824
101 824
102 824
103 824
104 824
105 824
106 824
107 824
108 824
109 824
110 824
111 824
112 824
113 824
114 824
115 824
116 824
117 824
118 824
119 824
120 824
121 824
122 824
123 824
124 824
125 824
126 824
127 824
128 824
129 824
130 824
131 824
132 824
133 824
134 824
135 824
136 824
137 824
138 824
139 824
140 824
141 824
142 824
143 824
144 824
145 824
146 824
147 824
148 824
149 824
150 824
151 824
152 824
153 824
154 824
155 824
156 824
157 824
158 824
159 824
160 824
161 824
162 824
163 824
164 824
165 824
166 824
167 824
168 824
169 824
170 824
171 824
172 824
173 824
174 824
175 824
176 824
177 824
178 824
179 824
180 824
181 824
182 824
183 824
184 824
185 824
186 824
187 824
188 824
189 824
190 824
191 824
192 824
193 824
194 824
195 824
196 824
197 824
198 824
199 824
200 824
201 824
202 824
203 824
204 824
205 824
206 824
207 824
208 824
209 824
210 824
211 824
212 824
213 824
214 824
215 824
216 824
217 824
218 824
219 824
220 824
221 824
222 824
223 824
224 824
225 824
226 824
227 824
228 824
229 824
230 824
231 824
232 824
233 824
234 824
235 824
236 824
237 824
238 824
239 824
240 824
241 824
242 824
243 824
244 824
245 824
246 824
247 824
248 824
249 824
250 824
251 824
252 824
253 824
254 824
255 824
256 824
257 824
258 824
259 824
260 824
261 824
262 824
263 824
264 824
265 824
266 824
267 824
268 824
269 824
270 824
271 824
272 824
273 824
274 824
275 824
276 824
277 824
278 824
279 824
280 824
281 824
282 824
283 824
284 824
285 824
286 824
287 824
288 824
289 824
290 824
291 824
292 824
293 824
294 824
295 824
296 824
297 824
298 824
299 824
300 824
301 824
302 824
303 824
304 824
305 824
306 824
307 824
308 824
309 824
310 824
311 824
312 824
313 824
314 824
315 824
316 824
317 824
318 824
319 824
320 824
321 824
322 824
323 824
324 824
325 824
326 824
327 824
328 824
329 824
330 824
331 824
332 824
333 824
334 824
335 824
336 824
337 824
338 824
339 824
340 824
341 824
342 824
343 824
344 824
345 824
346 824
347 824
348 824
349 824
350 824
351 824
352 824
353 824
354 824
355 824
356 824
357 824
358 824
359 824
360 824
361 824
362 824
363 824
364 824
365 824
366 824
367 824
368 824
369 824
370 824
371 824
372 824
373 824
374 824
375 824
376 824
377 824
378 824
379 824
380 824
381 824
382 824
383 824
384 824
385 824
386 824
387 824
388 824
389 824
390 824
391 824
392 824
393 824
394 824
395 824
396 824
397 824
398 824
399 824
400 824
401 824
402 824
403 824
404 824
405 824
406 824
407 824
408 824
409 824
410 824
411 824
412 824
413 824
414 824
415 824
416 824
417 824
418 824
419 824
420 824
421 824
422 824
423 824
424 824
425 824
426 824
427 824
428 824
429 824
430 824
431 824
432 824
433 824
434 824
435 824
436 824
437 824
438 824
439 824
440 824
441 824
442 824
443 824
444 824
445 824
446 824
447 824
448 824
449 824
450 824
451 824
452 824
453 824
454 824
455 824
456 824
457 824
458 824
459 824
460 824
461 824
462 824
463 824
464 824
465 824
466 824
467 824
468 824
469 824
470 824
471 824
472 824
473 824
474 824
475 824
476 824
477 824
478 824
479 824
480 824
481 824
482 824
483 824
484 824
485 824
486 824
487 824
488 824
489 824
490 824
491 824
492 824
493 824
494 824
495 824
496 824
497 824
498 824
499 824
500 824
501 824
502 824
503 824
504 824
505 824
506 824
507 824
508 824
509 824
510 824
511 824
512 824
513 824
514 824
515 824
516 824
517 824
518 824
519 824
520 824
521 824
522 824
523 824
524 824
525 824
526 824
527 824
528 824
529 824
530 824
531 824
532 824
533 824
534 824
535 824
536 824
537 824
538 824
539 824
540 824
541 824
542 824
543 824
544 824
545 824
546 824
547 824
548 824
549 824
550 824
551 824
552 824
553 824
554 824
555 824
556 824
557 824
558 824
559 824
560 824
561 824
562 824
563 824
564 824
565 824
566 824
567 824
568 824
569 824
570 824
571 824
572 824
573 824
574 824
575 824
576 824
577 824
578 824
579 824
580 824
581 824
582 824
583 824
584 824
585 824
586 824
587 824
588 824
589 824
590 824
591 824
592 824
593 824
594 824
595 824
596 824
597 824
598 824
599 824
600 824
601 824
602 824
603 824
604 824
605 824
606 824
607 824
608 824
609 824
610 824
611 824
612 824
613 824
614 824
615 824
616 824
617 824
618 824
619 824
620 824
621 824
622 824
623 824
624 824
625 824
626 824
627 824
628 824
629 824
630 824
631 824
632 824
633 824
634 824
635 824
636 824
637 824
638 824
639 824
640 824
641 824
642 824
643 824
644 824
645 824
646 824
647 824
648 824
649 824
650 824
651 824
652 824
653 824
654 824
655 824
656 824
657 824
658 824
659 824
660 824
661 824
662 824
663 824
664 824
665 824
666 824
667 824
668 824
669 824
670 824
671 824
672 824
673 824
674 824
675 824
676 824
677 824
678 824
679 824
680 824
681 824
682 824
683 824
684 824
685 824
686 824
687 824
688 824
689 824
690 824
691 824
692 824
693 824
694 824
695 824
696 824
697 824
698 824
699 824
700 824
701 824
702 824
703 824
704 824
705 824
706 824
707 824
708 824
709 824
710 824
711 824
712 824
713 824
714 824
715 824
716 824
717 824
718 824
719 824
720 824
721 824
722 824
723 824
724 824
725 824
726 824
727 824
728 824
729 824
730 824
731 824
732 824
733 824
734 824
735 824
736 824
737 824
738 824
739 824
740 824
741 824
742 824
743 824
744 824
745 824
746 824
747 824
748 824
749 824
750 824
751 824
752 824
753 824
754 824
755 824
756 824
757 824
758 824
759 824
760 824
761 824
762 824
763 824
764 824
765 824
766 824
767 824
768 824
769 824
770 824
771 824
772 824
773 824
774 824
775 824
776 824
777 824
778 824
779 824
780 824
781 824
782 824
783 824
784 824
785 824
786 824
787 824
788 824
789 824
790 824
791 824
792 824
793 824
794 824
795 824
796 824
797 824
798 824
799 824
800 824
801 824
802 824
803 824
804 824
805 824
806 824
807 824
808 824
809 824
810 824
811 824
812 824
813 824
814 824
815 824
816 824
817 824
818 824
819 824
820 824
821 824
822 824
823 824
824 825
