582
581
1 581
2 581
3 581
4 581
5 581
6 581
7 581
8 581
9 581
10 581
11 581
12 581
13 581
14 581
15 581
16 581
17 581
18 581
19 581
20 581
21 581
22 581
23 581
24 581
25 581
26 581
27 581
28 581
29 581
30 581
31 581
32 581
33 581
34 581
35 581
36 581
37 581
38 581
39 581
40 581
41 581
42 581
43 581
44 581
45 581
46 581
47 581
48 581
49 581
50 581
51 581
52 581
53 581
54 581
55 581
56 581
57 581
58 581
59 581
60 581
61 581
62 581
63 581
64 581
65 581
66 581
67 581
68 581
69 581
70 581
71 581
72 581
73 581
74 581
75 581
76 581
77 581
78 581
79 581
80 581
81 581
82 581
83 581
84 581
85 581
86 581
87 581
88 581
89 581
90 581
91 581
92 581
93 581
94 581
95 581
96 581
97 581
98 581
99 581
100 581
101 581
102 581
103 581
104 581
105 581
106 581
107 581
108 581
109 581
110 581
111 581
112 581
113 581
114 581
115 581
116 581
117 581
118 581
119 581
120 581
121 581
122 581
123 581
124 581
125 581
126 581
127 581
128 581
129 581
130 581
131 581
132 581
133 581
134 581
135 581
136 581
137 581
138 581
139 581
140 581
141 581
142 581
143 581
144 581
145 581
146 581
147 581
148 581
149 581
150 581
151 581
152 581
153 581
154 581
155 581
156 581
157 581
158 581
159 581
160 581
161 581
162 581
163 581
164 581
165 581
166 581
167 581
168 581
169 581
170 581
171 581
172 581
173 581
174 581
175 581
176 581
177 581
178 581
179 581
180 581
181 581
182 581
183 581
184 581
185 581
186 581
187 581
188 581
189 581
190 581
191 581
192 581
193 581
194 581
195 581
196 581
197 581
198 581
199 581
200 581
201 581
202 581
203 581
204 581
205 581
206 581
207 581
208 581
209 581
210 581
211 581
212 581
213 581
214 581
215 581
216 581
217 581
218 581
219 581
220 581
221 581
222 581
223 581
224 581
225 581
226 581
227 581
228 581
229 581
230 581
231 581
232 581
233 581
234 581
235 581
236 581
237 581
238 581
239 581
240 581
241 581
242 581
243 581
244 581
245 581
246 581
247 581
248 581
249 581
250 581
251 581
252 581
253 581
254 581
255 581
256 581
257 581
258 581
259 581
260 581
261 581
262 581
263 581
264 581
265 581
266 581
267 581
268 581
269 581
270 581
271 581
272 581
273 581
274 581
275 581
276 581
277 581
278 581
279 581
280 581
281 581
282 581
283 581
284 581
285 581
286 581
287 581
288 581
289 581
290 581
291 581
292 581
293 581
294 581
295 581
296 581
297 581
298 581
299 581
300 581
301 581
302 581
303 581
304 581
305 581
306 581
307 581
308 581
309 581
310 581
311 581
312 581
313 581
314 581
315 581
316 581
317 581
318 581
319 581
320 581
321 581
322 581
323 581
324 581
325 581
326 581
327 581
328 581
329 581
330 581
331 581
332 581
333 581
334 581
335 581
336 581
337 581
338 581
339 581
340 581
341 581
342 581
343 581
344 581
345 581
346 581
347 581
348 581
349 581
350 581
351 581
352 581
353 581
354 581
355 581
356 581
357 581
358 581
359 581
360 581
361 581
362 581
363 581
364 581
365 581
366 581
367 581
368 581
369 581
370 581
371 581
372 581
373 581
374 581
375 581
376 581
377 581
378 581
379 581
380 581
381 581
382 581
383 581
384 581
385 581
386 581
387 581
388 581
389 581
390 581
391 581
392 581
393 581
394 581
395 581
396 581
397 581
398 581
399 581
400 581
401 581
402 581
403 581
404 581
405 581
406 581
407 581
408 581
409 581
410 581
411 581
412 581
413 581
414 581
415 581
416 581
417 581
418 581
419 581
420 581
421 581
422 581
423 581
424 581
425 581
426 581
427 581
428 581
429 581
430 581
431 581
432 581
433 581
434 581
435 581
436 581
437 581
438 581
439 581
440 581
441 581
442 581
443 581
444 581
445 581
446 581
447 581
448 581
449 581
450 581
451 581
452 581
453 581
454 581
455 581
456 581
457 581
458 581
459 581
460 581
461 581
462 581
463 581
464 581
465 581
466 581
467 581
468 581
469 581
470 581
471 581
472 581
473 581
474 581
475 581
476 581
477 581
478 581
479 581
480 581
481 581
482 581
483 581
484 581
485 581
486 581
487 581
488 581
489 581
490 581
491 581
492 581
493 581
494 581
495 581
496 581
497 581
498 581
499 581
500 581
501 581
502 581
503 581
504 581
505 581
506 581
507 581
508 581
509 581
510 581
511 581
512 581
513 581
514 581
515 581
516 581
517 581
518 581
519 581
520 581
521 581
522 581
523 581
524 581
525 581
526 581
527 581
528 581
529 581
530 581
531 581
532 581
533 581
534 581
535 581
536 581
537 581
538 581
539 581
540 581
541 581
542 581
543 581
544 581
545 581
546 581
547 581
548 581
549 581
550 581
551 581
552 581
553 581
554 581
555 581
556 581
557 581
558 581
559 581
560 581
561 581
562 581
563 581
564 581
565 581
566 581
567 581
568 581
569 581
570 581
571 581
572 581
573 581
574 581
575 581
576 581
577 581
578 581
579 581
580 581
581 582
