418
417
1 417
2 417
3 417
4 417
5 417
6 417
7 417
8 417
9 417
10 417
11 417
12 417
13 417
14 417
15 417
16 417
17 417
18 417
19 417
20 417
21 417
22 417
23 417
24 417
25 417
26 417
27 417
28 417
29 417
30 417
31 417
32 417
33 417
34 417
35 417
36 417
37 417
38 417
39 417
40 417
41 417
42 417
43 417
44 417
45 417
46 417
47 417
48 417
49 417
50 417
51 417
52 417
53 417
54 417
55 417
56 417
57 417
58 417
59 417
60 417
61 417
62 417
63 417
64 417
65 417
66 417
67 417
68 417
69 417
70 417
71 417
72 417
73 417
74 417
75 417
76 417
77 417
78 417
79 417
80 417
81 417
82 417
83 417
84 417
85 417
86 417
87 417
88 417
89 417
90 417
91 417
92 417
93 417
94 417
95 417
96 417
97 417
98 417
99 417
100 417
101 417
102 417
103 417
104 417
105 417
106 417
107 417
108 417
109 417
110 417
111 417
112 417
113 417
114 417
115 417
116 417
117 417
118 417
119 417
120 417
121 417
122 417
123 417
124 417
125 417
126 417
127 417
128 417
129 417
130 417
131 417
132 417
133 417
134 417
135 417
136 417
137 417
138 417
139 417
140 417
141 417
142 417
143 417
144 417
145 417
146 417
147 417
148 417
149 417
150 417
151 417
152 417
153 417
154 417
155 417
156 417
157 417
158 417
159 417
160 417
161 417
162 417
163 417
164 417
165 417
166 417
167 417
168 417
169 417
170 417
171 417
172 417
173 417
174 417
175 417
176 417
177 417
178 417
179 417
180 417
181 417
182 417
183 417
184 417
185 417
186 417
187 417
188 417
189 417
190 417
191 417
192 417
193 417
194 417
195 417
196 417
197 417
198 417
199 417
200 417
201 417
202 417
203 417
204 417
205 417
206 417
207 417
208 417
209 417
210 417
211 417
212 417
213 417
214 417
215 417
216 417
217 417
218 417
219 417
220 417
221 417
222 417
223 417
224 417
225 417
226 417
227 417
228 417
229 417
230 417
231 417
232 417
233 417
234 417
235 417
236 417
237 417
238 417
239 417
240 417
241 417
242 417
243 417
244 417
245 417
246 417
247 417
248 417
249 417
250 417
251 417
252 417
253 417
254 417
255 417
256 417
257 417
258 417
259 417
260 417
261 417
262 417
263 417
264 417
265 417
266 417
267 417
268 417
269 417
270 417
271 417
272 417
273 417
274 417
275 417
276 417
277 417
278 417
279 417
280 417
281 417
282 417
283 417
284 417
285 417
286 417
287 417
288 417
289 417
290 417
291 417
292 417
293 417
294 417
295 417
296 417
297 417
298 417
299 417
300 417
301 417
302 417
303 417
304 417
305 417
306 417
307 417
308 417
309 417
310 417
311 417
312 417
313 417
314 417
315 417
316 417
317 417
318 417
319 417
320 417
321 417
322 417
323 417
324 417
325 417
326 417
327 417
328 417
329 417
330 417
331 417
332 417
333 417
334 417
335 417
336 417
337 417
338 417
339 417
340 417
341 417
342 417
343 417
344 417
345 417
346 417
347 417
348 417
349 417
350 417
351 417
352 417
353 417
354 417
355 417
356 417
357 417
358 417
359 417
360 417
361 417
362 417
363 417
364 417
365 417
366 417
367 417
368 417
369 417
370 417
371 417
372 417
373 417
374 417
375 417
376 417
377 417
378 417
379 417
380 417
381 417
382 417
383 417
384 417
385 417
386 417
387 417
388 417
389 417
390 417
391 417
392 417
393 417
394 417
395 417
396 417
397 417
398 417
399 417
400 417
401 417
402 417
403 417
404 417
405 417
406 417
407 417
408 417
409 417
410 417
411 417
412 417
413 417
414 417
415 417
416 417
417 418
