624
623
1 623
2 623
3 623
4 623
5 623
6 623
7 623
8 623
9 623
10 623
11 623
12 623
13 623
14 623
15 623
16 623
17 623
18 623
19 623
20 623
21 623
22 623
23 623
24 623
25 623
26 623
27 623
28 623
29 623
30 623
31 623
32 623
33 623
34 623
35 623
36 623
37 623
38 623
39 623
40 623
41 623
42 623
43 623
44 623
45 623
46 623
47 623
48 623
49 623
50 623
51 623
52 623
53 623
54 623
55 623
56 623
57 623
58 623
59 623
60 623
61 623
62 623
63 623
64 623
65 623
66 623
67 623
68 623
69 623
70 623
71 623
72 623
73 623
74 623
75 623
76 623
77 623
78 623
79 623
80 623
81 623
82 623
83 623
84 623
85 623
86 623
87 623
88 623
89 623
90 623
91 623
92 623
93 623
94 623
95 623
96 623
97 623
98 623
99 623
100 623
101 623
102 623
103 623
104 623
105 623
106 623
107 623
108 623
109 623
110 623
111 623
112 623
113 623
114 623
115 623
116 623
117 623
118 623
119 623
120 623
121 623
122 623
123 623
124 623
125 623
126 623
127 623
128 623
129 623
130 623
131 623
132 623
133 623
134 623
135 623
136 623
137 623
138 623
139 623
140 623
141 623
142 623
143 623
144 623
145 623
146 623
147 623
148 623
149 623
150 623
151 623
152 623
153 623
154 623
155 623
156 623
157 623
158 623
159 623
160 623
161 623
162 623
163 623
164 623
165 623
166 623
167 623
168 623
169 623
170 623
171 623
172 623
173 623
174 623
175 623
176 623
177 623
178 623
179 623
180 623
181 623
182 623
183 623
184 623
185 623
186 623
187 623
188 623
189 623
190 623
191 623
192 623
193 623
194 623
195 623
196 623
197 623
198 623
199 623
200 623
201 623
202 623
203 623
204 623
205 623
206 623
207 623
208 623
209 623
210 623
211 623
212 623
213 623
214 623
215 623
216 623
217 623
218 623
219 623
220 623
221 623
222 623
223 623
224 623
225 623
226 623
227 623
228 623
229 623
230 623
231 623
232 623
233 623
234 623
235 623
236 623
237 623
238 623
239 623
240 623
241 623
242 623
243 623
244 623
245 623
246 623
247 623
248 623
249 623
250 623
251 623
252 623
253 623
254 623
255 623
256 623
257 623
258 623
259 623
260 623
261 623
262 623
263 623
264 623
265 623
266 623
267 623
268 623
269 623
270 623
271 623
272 623
273 623
274 623
275 623
276 623
277 623
278 623
279 623
280 623
281 623
282 623
283 623
284 623
285 623
286 623
287 623
288 623
289 623
290 623
291 623
292 623
293 623
294 623
295 623
296 623
297 623
298 623
299 623
300 623
301 623
302 623
303 623
304 623
305 623
306 623
307 623
308 623
309 623
310 623
311 623
312 623
313 623
314 623
315 623
316 623
317 623
318 623
319 623
320 623
321 623
322 623
323 623
324 623
325 623
326 623
327 623
328 623
329 623
330 623
331 623
332 623
333 623
334 623
335 623
336 623
337 623
338 623
339 623
340 623
341 623
342 623
343 623
344 623
345 623
346 623
347 623
348 623
349 623
350 623
351 623
352 623
353 623
354 623
355 623
356 623
357 623
358 623
359 623
360 623
361 623
362 623
363 623
364 623
365 623
366 623
367 623
368 623
369 623
370 623
371 623
372 623
373 623
374 623
375 623
376 623
377 623
378 623
379 623
380 623
381 623
382 623
383 623
384 623
385 623
386 623
387 623
388 623
389 623
390 623
391 623
392 623
393 623
394 623
395 623
396 623
397 623
398 623
399 623
400 623
401 623
402 623
403 623
404 623
405 623
406 623
407 623
408 623
409 623
410 623
411 623
412 623
413 623
414 623
415 623
416 623
417 623
418 623
419 623
420 623
421 623
422 623
423 623
424 623
425 623
426 623
427 623
428 623
429 623
430 623
431 623
432 623
433 623
434 623
435 623
436 623
437 623
438 623
439 623
440 623
441 623
442 623
443 623
444 623
445 623
446 623
447 623
448 623
449 623
450 623
451 623
452 623
453 623
454 623
455 623
456 623
457 623
458 623
459 623
460 623
461 623
462 623
463 623
464 623
465 623
466 623
467 623
468 623
469 623
470 623
471 623
472 623
473 623
474 623
475 623
476 623
477 623
478 623
479 623
480 623
481 623
482 623
483 623
484 623
485 623
486 623
487 623
488 623
489 623
490 623
491 623
492 623
493 623
494 623
495 623
496 623
497 623
498 623
499 623
500 623
501 623
502 623
503 623
504 623
505 623
506 623
507 623
508 623
509 623
510 623
511 623
512 623
513 623
514 623
515 623
516 623
517 623
518 623
519 623
520 623
521 623
522 623
523 623
524 623
525 623
526 623
527 623
528 623
529 623
530 623
531 623
532 623
533 623
534 623
535 623
536 623
537 623
538 623
539 623
540 623
541 623
542 623
543 623
544 623
545 623
546 623
547 623
548 623
549 623
550 623
551 623
552 623
553 623
554 623
555 623
556 623
557 623
558 623
559 623
560 623
561 623
562 623
563 623
564 623
565 623
566 623
567 623
568 623
569 623
570 623
571 623
572 623
573 623
574 623
575 623
576 623
577 623
578 623
579 623
580 623
581 623
582 623
583 623
584 623
585 623
586 623
587 623
588 623
589 623
590 623
591 623
592 623
593 623
594 623
595 623
596 623
597 623
598 623
599 623
600 623
601 623
602 623
603 623
604 623
605 623
606 623
607 623
608 623
609 623
610 623
611 623
612 623
613 623
614 623
615 623
616 623
617 623
618 623
619 623
620 623
621 623
622 623
623 624
