700
699
1 699
2 699
3 699
4 699
5 699
6 699
7 699
8 699
9 699
10 699
11 699
12 699
13 699
14 699
15 699
16 699
17 699
18 699
19 699
20 699
21 699
22 699
23 699
24 699
25 699
26 699
27 699
28 699
29 699
30 699
31 699
32 699
33 699
34 699
35 699
36 699
37 699
38 699
39 699
40 699
41 699
42 699
43 699
44 699
45 699
46 699
47 699
48 699
49 699
50 699
51 699
52 699
53 699
54 699
55 699
56 699
57 699
58 699
59 699
60 699
61 699
62 699
63 699
64 699
65 699
66 699
67 699
68 699
69 699
70 699
71 699
72 699
73 699
74 699
75 699
76 699
77 699
78 699
79 699
80 699
81 699
82 699
83 699
84 699
85 699
86 699
87 699
88 699
89 699
90 699
91 699
92 699
93 699
94 699
95 699
96 699
97 699
98 699
99 699
100 699
101 699
102 699
103 699
104 699
105 699
106 699
107 699
108 699
109 699
110 699
111 699
112 699
113 699
114 699
115 699
116 699
117 699
118 699
119 699
120 699
121 699
122 699
123 699
124 699
125 699
126 699
127 699
128 699
129 699
130 699
131 699
132 699
133 699
134 699
135 699
136 699
137 699
138 699
139 699
140 699
141 699
142 699
143 699
144 699
145 699
146 699
147 699
148 699
149 699
150 699
151 699
152 699
153 699
154 699
155 699
156 699
157 699
158 699
159 699
160 699
161 699
162 699
163 699
164 699
165 699
166 699
167 699
168 699
169 699
170 699
171 699
172 699
173 699
174 699
175 699
176 699
177 699
178 699
179 699
180 699
181 699
182 699
183 699
184 699
185 699
186 699
187 699
188 699
189 699
190 699
191 699
192 699
193 699
194 699
195 699
196 699
197 699
198 699
199 699
200 699
201 699
202 699
203 699
204 699
205 699
206 699
207 699
208 699
209 699
210 699
211 699
212 699
213 699
214 699
215 699
216 699
217 699
218 699
219 699
220 699
221 699
222 699
223 699
224 699
225 699
226 699
227 699
228 699
229 699
230 699
231 699
232 699
233 699
234 699
235 699
236 699
237 699
238 699
239 699
240 699
241 699
242 699
243 699
244 699
245 699
246 699
247 699
248 699
249 699
250 699
251 699
252 699
253 699
254 699
255 699
256 699
257 699
258 699
259 699
260 699
261 699
262 699
263 699
264 699
265 699
266 699
267 699
268 699
269 699
270 699
271 699
272 699
273 699
274 699
275 699
276 699
277 699
278 699
279 699
280 699
281 699
282 699
283 699
284 699
285 699
286 699
287 699
288 699
289 699
290 699
291 699
292 699
293 699
294 699
295 699
296 699
297 699
298 699
299 699
300 699
301 699
302 699
303 699
304 699
305 699
306 699
307 699
308 699
309 699
310 699
311 699
312 699
313 699
314 699
315 699
316 699
317 699
318 699
319 699
320 699
321 699
322 699
323 699
324 699
325 699
326 699
327 699
328 699
329 699
330 699
331 699
332 699
333 699
334 699
335 699
336 699
337 699
338 699
339 699
340 699
341 699
342 699
343 699
344 699
345 699
346 699
347 699
348 699
349 699
350 699
351 699
352 699
353 699
354 699
355 699
356 699
357 699
358 699
359 699
360 699
361 699
362 699
363 699
364 699
365 699
366 699
367 699
368 699
369 699
370 699
371 699
372 699
373 699
374 699
375 699
376 699
377 699
378 699
379 699
380 699
381 699
382 699
383 699
384 699
385 699
386 699
387 699
388 699
389 699
390 699
391 699
392 699
393 699
394 699
395 699
396 699
397 699
398 699
399 699
400 699
401 699
402 699
403 699
404 699
405 699
406 699
407 699
408 699
409 699
410 699
411 699
412 699
413 699
414 699
415 699
416 699
417 699
418 699
419 699
420 699
421 699
422 699
423 699
424 699
425 699
426 699
427 699
428 699
429 699
430 699
431 699
432 699
433 699
434 699
435 699
436 699
437 699
438 699
439 699
440 699
441 699
442 699
443 699
444 699
445 699
446 699
447 699
448 699
449 699
450 699
451 699
452 699
453 699
454 699
455 699
456 699
457 699
458 699
459 699
460 699
461 699
462 699
463 699
464 699
465 699
466 699
467 699
468 699
469 699
470 699
471 699
472 699
473 699
474 699
475 699
476 699
477 699
478 699
479 699
480 699
481 699
482 699
483 699
484 699
485 699
486 699
487 699
488 699
489 699
490 699
491 699
492 699
493 699
494 699
495 699
496 699
497 699
498 699
499 699
500 699
501 699
502 699
503 699
504 699
505 699
506 699
507 699
508 699
509 699
510 699
511 699
512 699
513 699
514 699
515 699
516 699
517 699
518 699
519 699
520 699
521 699
522 699
523 699
524 699
525 699
526 699
527 699
528 699
529 699
530 699
531 699
532 699
533 699
534 699
535 699
536 699
537 699
538 699
539 699
540 699
541 699
542 699
543 699
544 699
545 699
546 699
547 699
548 699
549 699
550 699
551 699
552 699
553 699
554 699
555 699
556 699
557 699
558 699
559 699
560 699
561 699
562 699
563 699
564 699
565 699
566 699
567 699
568 699
569 699
570 699
571 699
572 699
573 699
574 699
575 699
576 699
577 699
578 699
579 699
580 699
581 699
582 699
583 699
584 699
585 699
586 699
587 699
588 699
589 699
590 699
591 699
592 699
593 699
594 699
595 699
596 699
597 699
598 699
599 699
600 699
601 699
602 699
603 699
604 699
605 699
606 699
607 699
608 699
609 699
610 699
611 699
612 699
613 699
614 699
615 699
616 699
617 699
618 699
619 699
620 699
621 699
622 699
623 699
624 699
625 699
626 699
627 699
628 699
629 699
630 699
631 699
632 699
633 699
634 699
635 699
636 699
637 699
638 699
639 699
640 699
641 699
642 699
643 699
644 699
645 699
646 699
647 699
648 699
649 699
650 699
651 699
652 699
653 699
654 699
655 699
656 699
657 699
658 699
659 699
660 699
661 699
662 699
663 699
664 699
665 699
666 699
667 699
668 699
669 699
670 699
671 699
672 699
673 699
674 699
675 699
676 699
677 699
678 699
679 699
680 699
681 699
682 699
683 699
684 699
685 699
686 699
687 699
688 699
689 699
690 699
691 699
692 699
693 699
694 699
695 699
696 699
697 699
698 699
699 700
