790
789
1 789
2 789
3 789
4 789
5 789
6 789
7 789
8 789
9 789
10 789
11 789
12 789
13 789
14 789
15 789
16 789
17 789
18 789
19 789
20 789
21 789
22 789
23 789
24 789
25 789
26 789
27 789
28 789
29 789
30 789
31 789
32 789
33 789
34 789
35 789
36 789
37 789
38 789
39 789
40 789
41 789
42 789
43 789
44 789
45 789
46 789
47 789
48 789
49 789
50 789
51 789
52 789
53 789
54 789
55 789
56 789
57 789
58 789
59 789
60 789
61 789
62 789
63 789
64 789
65 789
66 789
67 789
68 789
69 789
70 789
71 789
72 789
73 789
74 789
75 789
76 789
77 789
78 789
79 789
80 789
81 789
82 789
83 789
84 789
85 789
86 789
87 789
88 789
89 789
90 789
91 789
92 789
93 789
94 789
95 789
96 789
97 789
98 789
99 789
100 789
101 789
102 789
103 789
104 789
105 789
106 789
107 789
108 789
109 789
110 789
111 789
112 789
113 789
114 789
115 789
116 789
117 789
118 789
119 789
120 789
121 789
122 789
123 789
124 789
125 789
126 789
127 789
128 789
129 789
130 789
131 789
132 789
133 789
134 789
135 789
136 789
137 789
138 789
139 789
140 789
141 789
142 789
143 789
144 789
145 789
146 789
147 789
148 789
149 789
150 789
151 789
152 789
153 789
154 789
155 789
156 789
157 789
158 789
159 789
160 789
161 789
162 789
163 789
164 789
165 789
166 789
167 789
168 789
169 789
170 789
171 789
172 789
173 789
174 789
175 789
176 789
177 789
178 789
179 789
180 789
181 789
182 789
183 789
184 789
185 789
186 789
187 789
188 789
189 789
190 789
191 789
192 789
193 789
194 789
195 789
196 789
197 789
198 789
199 789
200 789
201 789
202 789
203 789
204 789
205 789
206 789
207 789
208 789
209 789
210 789
211 789
212 789
213 789
214 789
215 789
216 789
217 789
218 789
219 789
220 789
221 789
222 789
223 789
224 789
225 789
226 789
227 789
228 789
229 789
230 789
231 789
232 789
233 789
234 789
235 789
236 789
237 789
238 789
239 789
240 789
241 789
242 789
243 789
244 789
245 789
246 789
247 789
248 789
249 789
250 789
251 789
252 789
253 789
254 789
255 789
256 789
257 789
258 789
259 789
260 789
261 789
262 789
263 789
264 789
265 789
266 789
267 789
268 789
269 789
270 789
271 789
272 789
273 789
274 789
275 789
276 789
277 789
278 789
279 789
280 789
281 789
282 789
283 789
284 789
285 789
286 789
287 789
288 789
289 789
290 789
291 789
292 789
293 789
294 789
295 789
296 789
297 789
298 789
299 789
300 789
301 789
302 789
303 789
304 789
305 789
306 789
307 789
308 789
309 789
310 789
311 789
312 789
313 789
314 789
315 789
316 789
317 789
318 789
319 789
320 789
321 789
322 789
323 789
324 789
325 789
326 789
327 789
328 789
329 789
330 789
331 789
332 789
333 789
334 789
335 789
336 789
337 789
338 789
339 789
340 789
341 789
342 789
343 789
344 789
345 789
346 789
347 789
348 789
349 789
350 789
351 789
352 789
353 789
354 789
355 789
356 789
357 789
358 789
359 789
360 789
361 789
362 789
363 789
364 789
365 789
366 789
367 789
368 789
369 789
370 789
371 789
372 789
373 789
374 789
375 789
376 789
377 789
378 789
379 789
380 789
381 789
382 789
383 789
384 789
385 789
386 789
387 789
388 789
389 789
390 789
391 789
392 789
393 789
394 789
395 789
396 789
397 789
398 789
399 789
400 789
401 789
402 789
403 789
404 789
405 789
406 789
407 789
408 789
409 789
410 789
411 789
412 789
413 789
414 789
415 789
416 789
417 789
418 789
419 789
420 789
421 789
422 789
423 789
424 789
425 789
426 789
427 789
428 789
429 789
430 789
431 789
432 789
433 789
434 789
435 789
436 789
437 789
438 789
439 789
440 789
441 789
442 789
443 789
444 789
445 789
446 789
447 789
448 789
449 789
450 789
451 789
452 789
453 789
454 789
455 789
456 789
457 789
458 789
459 789
460 789
461 789
462 789
463 789
464 789
465 789
466 789
467 789
468 789
469 789
470 789
471 789
472 789
473 789
474 789
475 789
476 789
477 789
478 789
479 789
480 789
481 789
482 789
483 789
484 789
485 789
486 789
487 789
488 789
489 789
490 789
491 789
492 789
493 789
494 789
495 789
496 789
497 789
498 789
499 789
500 789
501 789
502 789
503 789
504 789
505 789
506 789
507 789
508 789
509 789
510 789
511 789
512 789
513 789
514 789
515 789
516 789
517 789
518 789
519 789
520 789
521 789
522 789
523 789
524 789
525 789
526 789
527 789
528 789
529 789
530 789
531 789
532 789
533 789
534 789
535 789
536 789
537 789
538 789
539 789
540 789
541 789
542 789
543 789
544 789
545 789
546 789
547 789
548 789
549 789
550 789
551 789
552 789
553 789
554 789
555 789
556 789
557 789
558 789
559 789
560 789
561 789
562 789
563 789
564 789
565 789
566 789
567 789
568 789
569 789
570 789
571 789
572 789
573 789
574 789
575 789
576 789
577 789
578 789
579 789
580 789
581 789
582 789
583 789
584 789
585 789
586 789
587 789
588 789
589 789
590 789
591 789
592 789
593 789
594 789
595 789
596 789
597 789
598 789
599 789
600 789
601 789
602 789
603 789
604 789
605 789
606 789
607 789
608 789
609 789
610 789
611 789
612 789
613 789
614 789
615 789
616 789
617 789
618 789
619 789
620 789
621 789
622 789
623 789
624 789
625 789
626 789
627 789
628 789
629 789
630 789
631 789
632 789
633 789
634 789
635 789
636 789
637 789
638 789
639 789
640 789
641 789
642 789
643 789
644 789
645 789
646 789
647 789
648 789
649 789
650 789
651 789
652 789
653 789
654 789
655 789
656 789
657 789
658 789
659 789
660 789
661 789
662 789
663 789
664 789
665 789
666 789
667 789
668 789
669 789
670 789
671 789
672 789
673 789
674 789
675 789
676 789
677 789
678 789
679 789
680 789
681 789
682 789
683 789
684 789
685 789
686 789
687 789
688 789
689 789
690 789
691 789
692 789
693 789
694 789
695 789
696 789
697 789
698 789
699 789
700 789
701 789
702 789
703 789
704 789
705 789
706 789
707 789
708 789
709 789
710 789
711 789
712 789
713 789
714 789
715 789
716 789
717 789
718 789
719 789
720 789
721 789
722 789
723 789
724 789
725 789
726 789
727 789
728 789
729 789
730 789
731 789
732 789
733 789
734 789
735 789
736 789
737 789
738 789
739 789
740 789
741 789
742 789
743 789
744 789
745 789
746 789
747 789
748 789
749 789
750 789
751 789
752 789
753 789
754 789
755 789
756 789
757 789
758 789
759 789
760 789
761 789
762 789
763 789
764 789
765 789
766 789
767 789
768 789
769 789
770 789
771 789
772 789
773 789
774 789
775 789
776 789
777 789
778 789
779 789
780 789
781 789
782 789
783 789
784 789
785 789
786 789
787 789
788 789
789 790
