865
864
1 864
2 864
3 864
4 864
5 864
6 864
7 864
8 864
9 864
10 864
11 864
12 864
13 864
14 864
15 864
16 864
17 864
18 864
19 864
20 864
21 864
22 864
23 864
24 864
25 864
26 864
27 864
28 864
29 864
30 864
31 864
32 864
33 864
34 864
35 864
36 864
37 864
38 864
39 864
40 864
41 864
42 864
43 864
44 864
45 864
46 864
47 864
48 864
49 864
50 864
51 864
52 864
53 864
54 864
55 864
56 864
57 864
58 864
59 864
60 864
61 864
62 864
63 864
64 864
65 864
66 864
67 864
68 864
69 864
70 864
71 864
72 864
73 864
74 864
75 864
76 864
77 864
78 864
79 864
80 864
81 864
82 864
83 864
84 864
85 864
86 864
87 864
88 864
89 864
90 864
91 864
92 864
93 864
94 864
95 864
96 864
97 864
98 864
99 864
100 864
101 864
102 864
103 864
104 864
105 864
106 864
107 864
108 864
109 864
110 864
111 864
112 864
113 864
114 864
115 864
116 864
117 864
118 864
119 864
120 864
121 864
122 864
123 864
124 864
125 864
126 864
127 864
128 864
129 864
130 864
131 864
132 864
133 864
134 864
135 864
136 864
137 864
138 864
139 864
140 864
141 864
142 864
143 864
144 864
145 864
146 864
147 864
148 864
149 864
150 864
151 864
152 864
153 864
154 864
155 864
156 864
157 864
158 864
159 864
160 864
161 864
162 864
163 864
164 864
165 864
166 864
167 864
168 864
169 864
170 864
171 864
172 864
173 864
174 864
175 864
176 864
177 864
178 864
179 864
180 864
181 864
182 864
183 864
184 864
185 864
186 864
187 864
188 864
189 864
190 864
191 864
192 864
193 864
194 864
195 864
196 864
197 864
198 864
199 864
200 864
201 864
202 864
203 864
204 864
205 864
206 864
207 864
208 864
209 864
210 864
211 864
212 864
213 864
214 864
215 864
216 864
217 864
218 864
219 864
220 864
221 864
222 864
223 864
224 864
225 864
226 864
227 864
228 864
229 864
230 864
231 864
232 864
233 864
234 864
235 864
236 864
237 864
238 864
239 864
240 864
241 864
242 864
243 864
244 864
245 864
246 864
247 864
248 864
249 864
250 864
251 864
252 864
253 864
254 864
255 864
256 864
257 864
258 864
259 864
260 864
261 864
262 864
263 864
264 864
265 864
266 864
267 864
268 864
269 864
270 864
271 864
272 864
273 864
274 864
275 864
276 864
277 864
278 864
279 864
280 864
281 864
282 864
283 864
284 864
285 864
286 864
287 864
288 864
289 864
290 864
291 864
292 864
293 864
294 864
295 864
296 864
297 864
298 864
299 864
300 864
301 864
302 864
303 864
304 864
305 864
306 864
307 864
308 864
309 864
310 864
311 864
312 864
313 864
314 864
315 864
316 864
317 864
318 864
319 864
320 864
321 864
322 864
323 864
324 864
325 864
326 864
327 864
328 864
329 864
330 864
331 864
332 864
333 864
334 864
335 864
336 864
337 864
338 864
339 864
340 864
341 864
342 864
343 864
344 864
345 864
346 864
347 864
348 864
349 864
350 864
351 864
352 864
353 864
354 864
355 864
356 864
357 864
358 864
359 864
360 864
361 864
362 864
363 864
364 864
365 864
366 864
367 864
368 864
369 864
370 864
371 864
372 864
373 864
374 864
375 864
376 864
377 864
378 864
379 864
380 864
381 864
382 864
383 864
384 864
385 864
386 864
387 864
388 864
389 864
390 864
391 864
392 864
393 864
394 864
395 864
396 864
397 864
398 864
399 864
400 864
401 864
402 864
403 864
404 864
405 864
406 864
407 864
408 864
409 864
410 864
411 864
412 864
413 864
414 864
415 864
416 864
417 864
418 864
419 864
420 864
421 864
422 864
423 864
424 864
425 864
426 864
427 864
428 864
429 864
430 864
431 864
432 864
433 864
434 864
435 864
436 864
437 864
438 864
439 864
440 864
441 864
442 864
443 864
444 864
445 864
446 864
447 864
448 864
449 864
450 864
451 864
452 864
453 864
454 864
455 864
456 864
457 864
458 864
459 864
460 864
461 864
462 864
463 864
464 864
465 864
466 864
467 864
468 864
469 864
470 864
471 864
472 864
473 864
474 864
475 864
476 864
477 864
478 864
479 864
480 864
481 864
482 864
483 864
484 864
485 864
486 864
487 864
488 864
489 864
490 864
491 864
492 864
493 864
494 864
495 864
496 864
497 864
498 864
499 864
500 864
501 864
502 864
503 864
504 864
505 864
506 864
507 864
508 864
509 864
510 864
511 864
512 864
513 864
514 864
515 864
516 864
517 864
518 864
519 864
520 864
521 864
522 864
523 864
524 864
525 864
526 864
527 864
528 864
529 864
530 864
531 864
532 864
533 864
534 864
535 864
536 864
537 864
538 864
539 864
540 864
541 864
542 864
543 864
544 864
545 864
546 864
547 864
548 864
549 864
550 864
551 864
552 864
553 864
554 864
555 864
556 864
557 864
558 864
559 864
560 864
561 864
562 864
563 864
564 864
565 864
566 864
567 864
568 864
569 864
570 864
571 864
572 864
573 864
574 864
575 864
576 864
577 864
578 864
579 864
580 864
581 864
582 864
583 864
584 864
585 864
586 864
587 864
588 864
589 864
590 864
591 864
592 864
593 864
594 864
595 864
596 864
597 864
598 864
599 864
600 864
601 864
602 864
603 864
604 864
605 864
606 864
607 864
608 864
609 864
610 864
611 864
612 864
613 864
614 864
615 864
616 864
617 864
618 864
619 864
620 864
621 864
622 864
623 864
624 864
625 864
626 864
627 864
628 864
629 864
630 864
631 864
632 864
633 864
634 864
635 864
636 864
637 864
638 864
639 864
640 864
641 864
642 864
643 864
644 864
645 864
646 864
647 864
648 864
649 864
650 864
651 864
652 864
653 864
654 864
655 864
656 864
657 864
658 864
659 864
660 864
661 864
662 864
663 864
664 864
665 864
666 864
667 864
668 864
669 864
670 864
671 864
672 864
673 864
674 864
675 864
676 864
677 864
678 864
679 864
680 864
681 864
682 864
683 864
684 864
685 864
686 864
687 864
688 864
689 864
690 864
691 864
692 864
693 864
694 864
695 864
696 864
697 864
698 864
699 864
700 864
701 864
702 864
703 864
704 864
705 864
706 864
707 864
708 864
709 864
710 864
711 864
712 864
713 864
714 864
715 864
716 864
717 864
718 864
719 864
720 864
721 864
722 864
723 864
724 864
725 864
726 864
727 864
728 864
729 864
730 864
731 864
732 864
733 864
734 864
735 864
736 864
737 864
738 864
739 864
740 864
741 864
742 864
743 864
744 864
745 864
746 864
747 864
748 864
749 864
750 864
751 864
752 864
753 864
754 864
755 864
756 864
757 864
758 864
759 864
760 864
761 864
762 864
763 864
764 864
765 864
766 864
767 864
768 864
769 864
770 864
771 864
772 864
773 864
774 864
775 864
776 864
777 864
778 864
779 864
780 864
781 864
782 864
783 864
784 864
785 864
786 864
787 864
788 864
789 864
790 864
791 864
792 864
793 864
794 864
795 864
796 864
797 864
798 864
799 864
800 864
801 864
802 864
803 864
804 864
805 864
806 864
807 864
808 864
809 864
810 864
811 864
812 864
813 864
814 864
815 864
816 864
817 864
818 864
819 864
820 864
821 864
822 864
823 864
824 864
825 864
826 864
827 864
828 864
829 864
830 864
831 864
832 864
833 864
834 864
835 864
836 864
837 864
838 864
839 864
840 864
841 864
842 864
843 864
844 864
845 864
846 864
847 864
848 864
849 864
850 864
851 864
852 864
853 864
854 864
855 864
856 864
857 864
858 864
859 864
860 864
861 864
862 864
863 864
864 865
