618
617
1 617
2 617
3 617
4 617
5 617
6 617
7 617
8 617
9 617
10 617
11 617
12 617
13 617
14 617
15 617
16 617
17 617
18 617
19 617
20 617
21 617
22 617
23 617
24 617
25 617
26 617
27 617
28 617
29 617
30 617
31 617
32 617
33 617
34 617
35 617
36 617
37 617
38 617
39 617
40 617
41 617
42 617
43 617
44 617
45 617
46 617
47 617
48 617
49 617
50 617
51 617
52 617
53 617
54 617
55 617
56 617
57 617
58 617
59 617
60 617
61 617
62 617
63 617
64 617
65 617
66 617
67 617
68 617
69 617
70 617
71 617
72 617
73 617
74 617
75 617
76 617
77 617
78 617
79 617
80 617
81 617
82 617
83 617
84 617
85 617
86 617
87 617
88 617
89 617
90 617
91 617
92 617
93 617
94 617
95 617
96 617
97 617
98 617
99 617
100 617
101 617
102 617
103 617
104 617
105 617
106 617
107 617
108 617
109 617
110 617
111 617
112 617
113 617
114 617
115 617
116 617
117 617
118 617
119 617
120 617
121 617
122 617
123 617
124 617
125 617
126 617
127 617
128 617
129 617
130 617
131 617
132 617
133 617
134 617
135 617
136 617
137 617
138 617
139 617
140 617
141 617
142 617
143 617
144 617
145 617
146 617
147 617
148 617
149 617
150 617
151 617
152 617
153 617
154 617
155 617
156 617
157 617
158 617
159 617
160 617
161 617
162 617
163 617
164 617
165 617
166 617
167 617
168 617
169 617
170 617
171 617
172 617
173 617
174 617
175 617
176 617
177 617
178 617
179 617
180 617
181 617
182 617
183 617
184 617
185 617
186 617
187 617
188 617
189 617
190 617
191 617
192 617
193 617
194 617
195 617
196 617
197 617
198 617
199 617
200 617
201 617
202 617
203 617
204 617
205 617
206 617
207 617
208 617
209 617
210 617
211 617
212 617
213 617
214 617
215 617
216 617
217 617
218 617
219 617
220 617
221 617
222 617
223 617
224 617
225 617
226 617
227 617
228 617
229 617
230 617
231 617
232 617
233 617
234 617
235 617
236 617
237 617
238 617
239 617
240 617
241 617
242 617
243 617
244 617
245 617
246 617
247 617
248 617
249 617
250 617
251 617
252 617
253 617
254 617
255 617
256 617
257 617
258 617
259 617
260 617
261 617
262 617
263 617
264 617
265 617
266 617
267 617
268 617
269 617
270 617
271 617
272 617
273 617
274 617
275 617
276 617
277 617
278 617
279 617
280 617
281 617
282 617
283 617
284 617
285 617
286 617
287 617
288 617
289 617
290 617
291 617
292 617
293 617
294 617
295 617
296 617
297 617
298 617
299 617
300 617
301 617
302 617
303 617
304 617
305 617
306 617
307 617
308 617
309 617
310 617
311 617
312 617
313 617
314 617
315 617
316 617
317 617
318 617
319 617
320 617
321 617
322 617
323 617
324 617
325 617
326 617
327 617
328 617
329 617
330 617
331 617
332 617
333 617
334 617
335 617
336 617
337 617
338 617
339 617
340 617
341 617
342 617
343 617
344 617
345 617
346 617
347 617
348 617
349 617
350 617
351 617
352 617
353 617
354 617
355 617
356 617
357 617
358 617
359 617
360 617
361 617
362 617
363 617
364 617
365 617
366 617
367 617
368 617
369 617
370 617
371 617
372 617
373 617
374 617
375 617
376 617
377 617
378 617
379 617
380 617
381 617
382 617
383 617
384 617
385 617
386 617
387 617
388 617
389 617
390 617
391 617
392 617
393 617
394 617
395 617
396 617
397 617
398 617
399 617
400 617
401 617
402 617
403 617
404 617
405 617
406 617
407 617
408 617
409 617
410 617
411 617
412 617
413 617
414 617
415 617
416 617
417 617
418 617
419 617
420 617
421 617
422 617
423 617
424 617
425 617
426 617
427 617
428 617
429 617
430 617
431 617
432 617
433 617
434 617
435 617
436 617
437 617
438 617
439 617
440 617
441 617
442 617
443 617
444 617
445 617
446 617
447 617
448 617
449 617
450 617
451 617
452 617
453 617
454 617
455 617
456 617
457 617
458 617
459 617
460 617
461 617
462 617
463 617
464 617
465 617
466 617
467 617
468 617
469 617
470 617
471 617
472 617
473 617
474 617
475 617
476 617
477 617
478 617
479 617
480 617
481 617
482 617
483 617
484 617
485 617
486 617
487 617
488 617
489 617
490 617
491 617
492 617
493 617
494 617
495 617
496 617
497 617
498 617
499 617
500 617
501 617
502 617
503 617
504 617
505 617
506 617
507 617
508 617
509 617
510 617
511 617
512 617
513 617
514 617
515 617
516 617
517 617
518 617
519 617
520 617
521 617
522 617
523 617
524 617
525 617
526 617
527 617
528 617
529 617
530 617
531 617
532 617
533 617
534 617
535 617
536 617
537 617
538 617
539 617
540 617
541 617
542 617
543 617
544 617
545 617
546 617
547 617
548 617
549 617
550 617
551 617
552 617
553 617
554 617
555 617
556 617
557 617
558 617
559 617
560 617
561 617
562 617
563 617
564 617
565 617
566 617
567 617
568 617
569 617
570 617
571 617
572 617
573 617
574 617
575 617
576 617
577 617
578 617
579 617
580 617
581 617
582 617
583 617
584 617
585 617
586 617
587 617
588 617
589 617
590 617
591 617
592 617
593 617
594 617
595 617
596 617
597 617
598 617
599 617
600 617
601 617
602 617
603 617
604 617
605 617
606 617
607 617
608 617
609 617
610 617
611 617
612 617
613 617
614 617
615 617
616 617
617 618
