828
827
1 827
2 827
3 827
4 827
5 827
6 827
7 827
8 827
9 827
10 827
11 827
12 827
13 827
14 827
15 827
16 827
17 827
18 827
19 827
20 827
21 827
22 827
23 827
24 827
25 827
26 827
27 827
28 827
29 827
30 827
31 827
32 827
33 827
34 827
35 827
36 827
37 827
38 827
39 827
40 827
41 827
42 827
43 827
44 827
45 827
46 827
47 827
48 827
49 827
50 827
51 827
52 827
53 827
54 827
55 827
56 827
57 827
58 827
59 827
60 827
61 827
62 827
63 827
64 827
65 827
66 827
67 827
68 827
69 827
70 827
71 827
72 827
73 827
74 827
75 827
76 827
77 827
78 827
79 827
80 827
81 827
82 827
83 827
84 827
85 827
86 827
87 827
88 827
89 827
90 827
91 827
92 827
93 827
94 827
95 827
96 827
97 827
98 827
99 827
100 827
101 827
102 827
103 827
104 827
105 827
106 827
107 827
108 827
109 827
110 827
111 827
112 827
113 827
114 827
115 827
116 827
117 827
118 827
119 827
120 827
121 827
122 827
123 827
124 827
125 827
126 827
127 827
128 827
129 827
130 827
131 827
132 827
133 827
134 827
135 827
136 827
137 827
138 827
139 827
140 827
141 827
142 827
143 827
144 827
145 827
146 827
147 827
148 827
149 827
150 827
151 827
152 827
153 827
154 827
155 827
156 827
157 827
158 827
159 827
160 827
161 827
162 827
163 827
164 827
165 827
166 827
167 827
168 827
169 827
170 827
171 827
172 827
173 827
174 827
175 827
176 827
177 827
178 827
179 827
180 827
181 827
182 827
183 827
184 827
185 827
186 827
187 827
188 827
189 827
190 827
191 827
192 827
193 827
194 827
195 827
196 827
197 827
198 827
199 827
200 827
201 827
202 827
203 827
204 827
205 827
206 827
207 827
208 827
209 827
210 827
211 827
212 827
213 827
214 827
215 827
216 827
217 827
218 827
219 827
220 827
221 827
222 827
223 827
224 827
225 827
226 827
227 827
228 827
229 827
230 827
231 827
232 827
233 827
234 827
235 827
236 827
237 827
238 827
239 827
240 827
241 827
242 827
243 827
244 827
245 827
246 827
247 827
248 827
249 827
250 827
251 827
252 827
253 827
254 827
255 827
256 827
257 827
258 827
259 827
260 827
261 827
262 827
263 827
264 827
265 827
266 827
267 827
268 827
269 827
270 827
271 827
272 827
273 827
274 827
275 827
276 827
277 827
278 827
279 827
280 827
281 827
282 827
283 827
284 827
285 827
286 827
287 827
288 827
289 827
290 827
291 827
292 827
293 827
294 827
295 827
296 827
297 827
298 827
299 827
300 827
301 827
302 827
303 827
304 827
305 827
306 827
307 827
308 827
309 827
310 827
311 827
312 827
313 827
314 827
315 827
316 827
317 827
318 827
319 827
320 827
321 827
322 827
323 827
324 827
325 827
326 827
327 827
328 827
329 827
330 827
331 827
332 827
333 827
334 827
335 827
336 827
337 827
338 827
339 827
340 827
341 827
342 827
343 827
344 827
345 827
346 827
347 827
348 827
349 827
350 827
351 827
352 827
353 827
354 827
355 827
356 827
357 827
358 827
359 827
360 827
361 827
362 827
363 827
364 827
365 827
366 827
367 827
368 827
369 827
370 827
371 827
372 827
373 827
374 827
375 827
376 827
377 827
378 827
379 827
380 827
381 827
382 827
383 827
384 827
385 827
386 827
387 827
388 827
389 827
390 827
391 827
392 827
393 827
394 827
395 827
396 827
397 827
398 827
399 827
400 827
401 827
402 827
403 827
404 827
405 827
406 827
407 827
408 827
409 827
410 827
411 827
412 827
413 827
414 827
415 827
416 827
417 827
418 827
419 827
420 827
421 827
422 827
423 827
424 827
425 827
426 827
427 827
428 827
429 827
430 827
431 827
432 827
433 827
434 827
435 827
436 827
437 827
438 827
439 827
440 827
441 827
442 827
443 827
444 827
445 827
446 827
447 827
448 827
449 827
450 827
451 827
452 827
453 827
454 827
455 827
456 827
457 827
458 827
459 827
460 827
461 827
462 827
463 827
464 827
465 827
466 827
467 827
468 827
469 827
470 827
471 827
472 827
473 827
474 827
475 827
476 827
477 827
478 827
479 827
480 827
481 827
482 827
483 827
484 827
485 827
486 827
487 827
488 827
489 827
490 827
491 827
492 827
493 827
494 827
495 827
496 827
497 827
498 827
499 827
500 827
501 827
502 827
503 827
504 827
505 827
506 827
507 827
508 827
509 827
510 827
511 827
512 827
513 827
514 827
515 827
516 827
517 827
518 827
519 827
520 827
521 827
522 827
523 827
524 827
525 827
526 827
527 827
528 827
529 827
530 827
531 827
532 827
533 827
534 827
535 827
536 827
537 827
538 827
539 827
540 827
541 827
542 827
543 827
544 827
545 827
546 827
547 827
548 827
549 827
550 827
551 827
552 827
553 827
554 827
555 827
556 827
557 827
558 827
559 827
560 827
561 827
562 827
563 827
564 827
565 827
566 827
567 827
568 827
569 827
570 827
571 827
572 827
573 827
574 827
575 827
576 827
577 827
578 827
579 827
580 827
581 827
582 827
583 827
584 827
585 827
586 827
587 827
588 827
589 827
590 827
591 827
592 827
593 827
594 827
595 827
596 827
597 827
598 827
599 827
600 827
601 827
602 827
603 827
604 827
605 827
606 827
607 827
608 827
609 827
610 827
611 827
612 827
613 827
614 827
615 827
616 827
617 827
618 827
619 827
620 827
621 827
622 827
623 827
624 827
625 827
626 827
627 827
628 827
629 827
630 827
631 827
632 827
633 827
634 827
635 827
636 827
637 827
638 827
639 827
640 827
641 827
642 827
643 827
644 827
645 827
646 827
647 827
648 827
649 827
650 827
651 827
652 827
653 827
654 827
655 827
656 827
657 827
658 827
659 827
660 827
661 827
662 827
663 827
664 827
665 827
666 827
667 827
668 827
669 827
670 827
671 827
672 827
673 827
674 827
675 827
676 827
677 827
678 827
679 827
680 827
681 827
682 827
683 827
684 827
685 827
686 827
687 827
688 827
689 827
690 827
691 827
692 827
693 827
694 827
695 827
696 827
697 827
698 827
699 827
700 827
701 827
702 827
703 827
704 827
705 827
706 827
707 827
708 827
709 827
710 827
711 827
712 827
713 827
714 827
715 827
716 827
717 827
718 827
719 827
720 827
721 827
722 827
723 827
724 827
725 827
726 827
727 827
728 827
729 827
730 827
731 827
732 827
733 827
734 827
735 827
736 827
737 827
738 827
739 827
740 827
741 827
742 827
743 827
744 827
745 827
746 827
747 827
748 827
749 827
750 827
751 827
752 827
753 827
754 827
755 827
756 827
757 827
758 827
759 827
760 827
761 827
762 827
763 827
764 827
765 827
766 827
767 827
768 827
769 827
770 827
771 827
772 827
773 827
774 827
775 827
776 827
777 827
778 827
779 827
780 827
781 827
782 827
783 827
784 827
785 827
786 827
787 827
788 827
789 827
790 827
791 827
792 827
793 827
794 827
795 827
796 827
797 827
798 827
799 827
800 827
801 827
802 827
803 827
804 827
805 827
806 827
807 827
808 827
809 827
810 827
811 827
812 827
813 827
814 827
815 827
816 827
817 827
818 827
819 827
820 827
821 827
822 827
823 827
824 827
825 827
826 827
827 828
