897
896
1 896
2 896
3 896
4 896
5 896
6 896
7 896
8 896
9 896
10 896
11 896
12 896
13 896
14 896
15 896
16 896
17 896
18 896
19 896
20 896
21 896
22 896
23 896
24 896
25 896
26 896
27 896
28 896
29 896
30 896
31 896
32 896
33 896
34 896
35 896
36 896
37 896
38 896
39 896
40 896
41 896
42 896
43 896
44 896
45 896
46 896
47 896
48 896
49 896
50 896
51 896
52 896
53 896
54 896
55 896
56 896
57 896
58 896
59 896
60 896
61 896
62 896
63 896
64 896
65 896
66 896
67 896
68 896
69 896
70 896
71 896
72 896
73 896
74 896
75 896
76 896
77 896
78 896
79 896
80 896
81 896
82 896
83 896
84 896
85 896
86 896
87 896
88 896
89 896
90 896
91 896
92 896
93 896
94 896
95 896
96 896
97 896
98 896
99 896
100 896
101 896
102 896
103 896
104 896
105 896
106 896
107 896
108 896
109 896
110 896
111 896
112 896
113 896
114 896
115 896
116 896
117 896
118 896
119 896
120 896
121 896
122 896
123 896
124 896
125 896
126 896
127 896
128 896
129 896
130 896
131 896
132 896
133 896
134 896
135 896
136 896
137 896
138 896
139 896
140 896
141 896
142 896
143 896
144 896
145 896
146 896
147 896
148 896
149 896
150 896
151 896
152 896
153 896
154 896
155 896
156 896
157 896
158 896
159 896
160 896
161 896
162 896
163 896
164 896
165 896
166 896
167 896
168 896
169 896
170 896
171 896
172 896
173 896
174 896
175 896
176 896
177 896
178 896
179 896
180 896
181 896
182 896
183 896
184 896
185 896
186 896
187 896
188 896
189 896
190 896
191 896
192 896
193 896
194 896
195 896
196 896
197 896
198 896
199 896
200 896
201 896
202 896
203 896
204 896
205 896
206 896
207 896
208 896
209 896
210 896
211 896
212 896
213 896
214 896
215 896
216 896
217 896
218 896
219 896
220 896
221 896
222 896
223 896
224 896
225 896
226 896
227 896
228 896
229 896
230 896
231 896
232 896
233 896
234 896
235 896
236 896
237 896
238 896
239 896
240 896
241 896
242 896
243 896
244 896
245 896
246 896
247 896
248 896
249 896
250 896
251 896
252 896
253 896
254 896
255 896
256 896
257 896
258 896
259 896
260 896
261 896
262 896
263 896
264 896
265 896
266 896
267 896
268 896
269 896
270 896
271 896
272 896
273 896
274 896
275 896
276 896
277 896
278 896
279 896
280 896
281 896
282 896
283 896
284 896
285 896
286 896
287 896
288 896
289 896
290 896
291 896
292 896
293 896
294 896
295 896
296 896
297 896
298 896
299 896
300 896
301 896
302 896
303 896
304 896
305 896
306 896
307 896
308 896
309 896
310 896
311 896
312 896
313 896
314 896
315 896
316 896
317 896
318 896
319 896
320 896
321 896
322 896
323 896
324 896
325 896
326 896
327 896
328 896
329 896
330 896
331 896
332 896
333 896
334 896
335 896
336 896
337 896
338 896
339 896
340 896
341 896
342 896
343 896
344 896
345 896
346 896
347 896
348 896
349 896
350 896
351 896
352 896
353 896
354 896
355 896
356 896
357 896
358 896
359 896
360 896
361 896
362 896
363 896
364 896
365 896
366 896
367 896
368 896
369 896
370 896
371 896
372 896
373 896
374 896
375 896
376 896
377 896
378 896
379 896
380 896
381 896
382 896
383 896
384 896
385 896
386 896
387 896
388 896
389 896
390 896
391 896
392 896
393 896
394 896
395 896
396 896
397 896
398 896
399 896
400 896
401 896
402 896
403 896
404 896
405 896
406 896
407 896
408 896
409 896
410 896
411 896
412 896
413 896
414 896
415 896
416 896
417 896
418 896
419 896
420 896
421 896
422 896
423 896
424 896
425 896
426 896
427 896
428 896
429 896
430 896
431 896
432 896
433 896
434 896
435 896
436 896
437 896
438 896
439 896
440 896
441 896
442 896
443 896
444 896
445 896
446 896
447 896
448 896
449 896
450 896
451 896
452 896
453 896
454 896
455 896
456 896
457 896
458 896
459 896
460 896
461 896
462 896
463 896
464 896
465 896
466 896
467 896
468 896
469 896
470 896
471 896
472 896
473 896
474 896
475 896
476 896
477 896
478 896
479 896
480 896
481 896
482 896
483 896
484 896
485 896
486 896
487 896
488 896
489 896
490 896
491 896
492 896
493 896
494 896
495 896
496 896
497 896
498 896
499 896
500 896
501 896
502 896
503 896
504 896
505 896
506 896
507 896
508 896
509 896
510 896
511 896
512 896
513 896
514 896
515 896
516 896
517 896
518 896
519 896
520 896
521 896
522 896
523 896
524 896
525 896
526 896
527 896
528 896
529 896
530 896
531 896
532 896
533 896
534 896
535 896
536 896
537 896
538 896
539 896
540 896
541 896
542 896
543 896
544 896
545 896
546 896
547 896
548 896
549 896
550 896
551 896
552 896
553 896
554 896
555 896
556 896
557 896
558 896
559 896
560 896
561 896
562 896
563 896
564 896
565 896
566 896
567 896
568 896
569 896
570 896
571 896
572 896
573 896
574 896
575 896
576 896
577 896
578 896
579 896
580 896
581 896
582 896
583 896
584 896
585 896
586 896
587 896
588 896
589 896
590 896
591 896
592 896
593 896
594 896
595 896
596 896
597 896
598 896
599 896
600 896
601 896
602 896
603 896
604 896
605 896
606 896
607 896
608 896
609 896
610 896
611 896
612 896
613 896
614 896
615 896
616 896
617 896
618 896
619 896
620 896
621 896
622 896
623 896
624 896
625 896
626 896
627 896
628 896
629 896
630 896
631 896
632 896
633 896
634 896
635 896
636 896
637 896
638 896
639 896
640 896
641 896
642 896
643 896
644 896
645 896
646 896
647 896
648 896
649 896
650 896
651 896
652 896
653 896
654 896
655 896
656 896
657 896
658 896
659 896
660 896
661 896
662 896
663 896
664 896
665 896
666 896
667 896
668 896
669 896
670 896
671 896
672 896
673 896
674 896
675 896
676 896
677 896
678 896
679 896
680 896
681 896
682 896
683 896
684 896
685 896
686 896
687 896
688 896
689 896
690 896
691 896
692 896
693 896
694 896
695 896
696 896
697 896
698 896
699 896
700 896
701 896
702 896
703 896
704 896
705 896
706 896
707 896
708 896
709 896
710 896
711 896
712 896
713 896
714 896
715 896
716 896
717 896
718 896
719 896
720 896
721 896
722 896
723 896
724 896
725 896
726 896
727 896
728 896
729 896
730 896
731 896
732 896
733 896
734 896
735 896
736 896
737 896
738 896
739 896
740 896
741 896
742 896
743 896
744 896
745 896
746 896
747 896
748 896
749 896
750 896
751 896
752 896
753 896
754 896
755 896
756 896
757 896
758 896
759 896
760 896
761 896
762 896
763 896
764 896
765 896
766 896
767 896
768 896
769 896
770 896
771 896
772 896
773 896
774 896
775 896
776 896
777 896
778 896
779 896
780 896
781 896
782 896
783 896
784 896
785 896
786 896
787 896
788 896
789 896
790 896
791 896
792 896
793 896
794 896
795 896
796 896
797 896
798 896
799 896
800 896
801 896
802 896
803 896
804 896
805 896
806 896
807 896
808 896
809 896
810 896
811 896
812 896
813 896
814 896
815 896
816 896
817 896
818 896
819 896
820 896
821 896
822 896
823 896
824 896
825 896
826 896
827 896
828 896
829 896
830 896
831 896
832 896
833 896
834 896
835 896
836 896
837 896
838 896
839 896
840 896
841 896
842 896
843 896
844 896
845 896
846 896
847 896
848 896
849 896
850 896
851 896
852 896
853 896
854 896
855 896
856 896
857 896
858 896
859 896
860 896
861 896
862 896
863 896
864 896
865 896
866 896
867 896
868 896
869 896
870 896
871 896
872 896
873 896
874 896
875 896
876 896
877 896
878 896
879 896
880 896
881 896
882 896
883 896
884 896
885 896
886 896
887 896
888 896
889 896
890 896
891 896
892 896
893 896
894 896
895 896
896 897
