877
876
1 876
2 876
3 876
4 876
5 876
6 876
7 876
8 876
9 876
10 876
11 876
12 876
13 876
14 876
15 876
16 876
17 876
18 876
19 876
20 876
21 876
22 876
23 876
24 876
25 876
26 876
27 876
28 876
29 876
30 876
31 876
32 876
33 876
34 876
35 876
36 876
37 876
38 876
39 876
40 876
41 876
42 876
43 876
44 876
45 876
46 876
47 876
48 876
49 876
50 876
51 876
52 876
53 876
54 876
55 876
56 876
57 876
58 876
59 876
60 876
61 876
62 876
63 876
64 876
65 876
66 876
67 876
68 876
69 876
70 876
71 876
72 876
73 876
74 876
75 876
76 876
77 876
78 876
79 876
80 876
81 876
82 876
83 876
84 876
85 876
86 876
87 876
88 876
89 876
90 876
91 876
92 876
93 876
94 876
95 876
96 876
97 876
98 876
99 876
100 876
101 876
102 876
103 876
104 876
105 876
106 876
107 876
108 876
109 876
110 876
111 876
112 876
113 876
114 876
115 876
116 876
117 876
118 876
119 876
120 876
121 876
122 876
123 876
124 876
125 876
126 876
127 876
128 876
129 876
130 876
131 876
132 876
133 876
134 876
135 876
136 876
137 876
138 876
139 876
140 876
141 876
142 876
143 876
144 876
145 876
146 876
147 876
148 876
149 876
150 876
151 876
152 876
153 876
154 876
155 876
156 876
157 876
158 876
159 876
160 876
161 876
162 876
163 876
164 876
165 876
166 876
167 876
168 876
169 876
170 876
171 876
172 876
173 876
174 876
175 876
176 876
177 876
178 876
179 876
180 876
181 876
182 876
183 876
184 876
185 876
186 876
187 876
188 876
189 876
190 876
191 876
192 876
193 876
194 876
195 876
196 876
197 876
198 876
199 876
200 876
201 876
202 876
203 876
204 876
205 876
206 876
207 876
208 876
209 876
210 876
211 876
212 876
213 876
214 876
215 876
216 876
217 876
218 876
219 876
220 876
221 876
222 876
223 876
224 876
225 876
226 876
227 876
228 876
229 876
230 876
231 876
232 876
233 876
234 876
235 876
236 876
237 876
238 876
239 876
240 876
241 876
242 876
243 876
244 876
245 876
246 876
247 876
248 876
249 876
250 876
251 876
252 876
253 876
254 876
255 876
256 876
257 876
258 876
259 876
260 876
261 876
262 876
263 876
264 876
265 876
266 876
267 876
268 876
269 876
270 876
271 876
272 876
273 876
274 876
275 876
276 876
277 876
278 876
279 876
280 876
281 876
282 876
283 876
284 876
285 876
286 876
287 876
288 876
289 876
290 876
291 876
292 876
293 876
294 876
295 876
296 876
297 876
298 876
299 876
300 876
301 876
302 876
303 876
304 876
305 876
306 876
307 876
308 876
309 876
310 876
311 876
312 876
313 876
314 876
315 876
316 876
317 876
318 876
319 876
320 876
321 876
322 876
323 876
324 876
325 876
326 876
327 876
328 876
329 876
330 876
331 876
332 876
333 876
334 876
335 876
336 876
337 876
338 876
339 876
340 876
341 876
342 876
343 876
344 876
345 876
346 876
347 876
348 876
349 876
350 876
351 876
352 876
353 876
354 876
355 876
356 876
357 876
358 876
359 876
360 876
361 876
362 876
363 876
364 876
365 876
366 876
367 876
368 876
369 876
370 876
371 876
372 876
373 876
374 876
375 876
376 876
377 876
378 876
379 876
380 876
381 876
382 876
383 876
384 876
385 876
386 876
387 876
388 876
389 876
390 876
391 876
392 876
393 876
394 876
395 876
396 876
397 876
398 876
399 876
400 876
401 876
402 876
403 876
404 876
405 876
406 876
407 876
408 876
409 876
410 876
411 876
412 876
413 876
414 876
415 876
416 876
417 876
418 876
419 876
420 876
421 876
422 876
423 876
424 876
425 876
426 876
427 876
428 876
429 876
430 876
431 876
432 876
433 876
434 876
435 876
436 876
437 876
438 876
439 876
440 876
441 876
442 876
443 876
444 876
445 876
446 876
447 876
448 876
449 876
450 876
451 876
452 876
453 876
454 876
455 876
456 876
457 876
458 876
459 876
460 876
461 876
462 876
463 876
464 876
465 876
466 876
467 876
468 876
469 876
470 876
471 876
472 876
473 876
474 876
475 876
476 876
477 876
478 876
479 876
480 876
481 876
482 876
483 876
484 876
485 876
486 876
487 876
488 876
489 876
490 876
491 876
492 876
493 876
494 876
495 876
496 876
497 876
498 876
499 876
500 876
501 876
502 876
503 876
504 876
505 876
506 876
507 876
508 876
509 876
510 876
511 876
512 876
513 876
514 876
515 876
516 876
517 876
518 876
519 876
520 876
521 876
522 876
523 876
524 876
525 876
526 876
527 876
528 876
529 876
530 876
531 876
532 876
533 876
534 876
535 876
536 876
537 876
538 876
539 876
540 876
541 876
542 876
543 876
544 876
545 876
546 876
547 876
548 876
549 876
550 876
551 876
552 876
553 876
554 876
555 876
556 876
557 876
558 876
559 876
560 876
561 876
562 876
563 876
564 876
565 876
566 876
567 876
568 876
569 876
570 876
571 876
572 876
573 876
574 876
575 876
576 876
577 876
578 876
579 876
580 876
581 876
582 876
583 876
584 876
585 876
586 876
587 876
588 876
589 876
590 876
591 876
592 876
593 876
594 876
595 876
596 876
597 876
598 876
599 876
600 876
601 876
602 876
603 876
604 876
605 876
606 876
607 876
608 876
609 876
610 876
611 876
612 876
613 876
614 876
615 876
616 876
617 876
618 876
619 876
620 876
621 876
622 876
623 876
624 876
625 876
626 876
627 876
628 876
629 876
630 876
631 876
632 876
633 876
634 876
635 876
636 876
637 876
638 876
639 876
640 876
641 876
642 876
643 876
644 876
645 876
646 876
647 876
648 876
649 876
650 876
651 876
652 876
653 876
654 876
655 876
656 876
657 876
658 876
659 876
660 876
661 876
662 876
663 876
664 876
665 876
666 876
667 876
668 876
669 876
670 876
671 876
672 876
673 876
674 876
675 876
676 876
677 876
678 876
679 876
680 876
681 876
682 876
683 876
684 876
685 876
686 876
687 876
688 876
689 876
690 876
691 876
692 876
693 876
694 876
695 876
696 876
697 876
698 876
699 876
700 876
701 876
702 876
703 876
704 876
705 876
706 876
707 876
708 876
709 876
710 876
711 876
712 876
713 876
714 876
715 876
716 876
717 876
718 876
719 876
720 876
721 876
722 876
723 876
724 876
725 876
726 876
727 876
728 876
729 876
730 876
731 876
732 876
733 876
734 876
735 876
736 876
737 876
738 876
739 876
740 876
741 876
742 876
743 876
744 876
745 876
746 876
747 876
748 876
749 876
750 876
751 876
752 876
753 876
754 876
755 876
756 876
757 876
758 876
759 876
760 876
761 876
762 876
763 876
764 876
765 876
766 876
767 876
768 876
769 876
770 876
771 876
772 876
773 876
774 876
775 876
776 876
777 876
778 876
779 876
780 876
781 876
782 876
783 876
784 876
785 876
786 876
787 876
788 876
789 876
790 876
791 876
792 876
793 876
794 876
795 876
796 876
797 876
798 876
799 876
800 876
801 876
802 876
803 876
804 876
805 876
806 876
807 876
808 876
809 876
810 876
811 876
812 876
813 876
814 876
815 876
816 876
817 876
818 876
819 876
820 876
821 876
822 876
823 876
824 876
825 876
826 876
827 876
828 876
829 876
830 876
831 876
832 876
833 876
834 876
835 876
836 876
837 876
838 876
839 876
840 876
841 876
842 876
843 876
844 876
845 876
846 876
847 876
848 876
849 876
850 876
851 876
852 876
853 876
854 876
855 876
856 876
857 876
858 876
859 876
860 876
861 876
862 876
863 876
864 876
865 876
866 876
867 876
868 876
869 876
870 876
871 876
872 876
873 876
874 876
875 876
876 877
