585
584
1 584
2 584
3 584
4 584
5 584
6 584
7 584
8 584
9 584
10 584
11 584
12 584
13 584
14 584
15 584
16 584
17 584
18 584
19 584
20 584
21 584
22 584
23 584
24 584
25 584
26 584
27 584
28 584
29 584
30 584
31 584
32 584
33 584
34 584
35 584
36 584
37 584
38 584
39 584
40 584
41 584
42 584
43 584
44 584
45 584
46 584
47 584
48 584
49 584
50 584
51 584
52 584
53 584
54 584
55 584
56 584
57 584
58 584
59 584
60 584
61 584
62 584
63 584
64 584
65 584
66 584
67 584
68 584
69 584
70 584
71 584
72 584
73 584
74 584
75 584
76 584
77 584
78 584
79 584
80 584
81 584
82 584
83 584
84 584
85 584
86 584
87 584
88 584
89 584
90 584
91 584
92 584
93 584
94 584
95 584
96 584
97 584
98 584
99 584
100 584
101 584
102 584
103 584
104 584
105 584
106 584
107 584
108 584
109 584
110 584
111 584
112 584
113 584
114 584
115 584
116 584
117 584
118 584
119 584
120 584
121 584
122 584
123 584
124 584
125 584
126 584
127 584
128 584
129 584
130 584
131 584
132 584
133 584
134 584
135 584
136 584
137 584
138 584
139 584
140 584
141 584
142 584
143 584
144 584
145 584
146 584
147 584
148 584
149 584
150 584
151 584
152 584
153 584
154 584
155 584
156 584
157 584
158 584
159 584
160 584
161 584
162 584
163 584
164 584
165 584
166 584
167 584
168 584
169 584
170 584
171 584
172 584
173 584
174 584
175 584
176 584
177 584
178 584
179 584
180 584
181 584
182 584
183 584
184 584
185 584
186 584
187 584
188 584
189 584
190 584
191 584
192 584
193 584
194 584
195 584
196 584
197 584
198 584
199 584
200 584
201 584
202 584
203 584
204 584
205 584
206 584
207 584
208 584
209 584
210 584
211 584
212 584
213 584
214 584
215 584
216 584
217 584
218 584
219 584
220 584
221 584
222 584
223 584
224 584
225 584
226 584
227 584
228 584
229 584
230 584
231 584
232 584
233 584
234 584
235 584
236 584
237 584
238 584
239 584
240 584
241 584
242 584
243 584
244 584
245 584
246 584
247 584
248 584
249 584
250 584
251 584
252 584
253 584
254 584
255 584
256 584
257 584
258 584
259 584
260 584
261 584
262 584
263 584
264 584
265 584
266 584
267 584
268 584
269 584
270 584
271 584
272 584
273 584
274 584
275 584
276 584
277 584
278 584
279 584
280 584
281 584
282 584
283 584
284 584
285 584
286 584
287 584
288 584
289 584
290 584
291 584
292 584
293 584
294 584
295 584
296 584
297 584
298 584
299 584
300 584
301 584
302 584
303 584
304 584
305 584
306 584
307 584
308 584
309 584
310 584
311 584
312 584
313 584
314 584
315 584
316 584
317 584
318 584
319 584
320 584
321 584
322 584
323 584
324 584
325 584
326 584
327 584
328 584
329 584
330 584
331 584
332 584
333 584
334 584
335 584
336 584
337 584
338 584
339 584
340 584
341 584
342 584
343 584
344 584
345 584
346 584
347 584
348 584
349 584
350 584
351 584
352 584
353 584
354 584
355 584
356 584
357 584
358 584
359 584
360 584
361 584
362 584
363 584
364 584
365 584
366 584
367 584
368 584
369 584
370 584
371 584
372 584
373 584
374 584
375 584
376 584
377 584
378 584
379 584
380 584
381 584
382 584
383 584
384 584
385 584
386 584
387 584
388 584
389 584
390 584
391 584
392 584
393 584
394 584
395 584
396 584
397 584
398 584
399 584
400 584
401 584
402 584
403 584
404 584
405 584
406 584
407 584
408 584
409 584
410 584
411 584
412 584
413 584
414 584
415 584
416 584
417 584
418 584
419 584
420 584
421 584
422 584
423 584
424 584
425 584
426 584
427 584
428 584
429 584
430 584
431 584
432 584
433 584
434 584
435 584
436 584
437 584
438 584
439 584
440 584
441 584
442 584
443 584
444 584
445 584
446 584
447 584
448 584
449 584
450 584
451 584
452 584
453 584
454 584
455 584
456 584
457 584
458 584
459 584
460 584
461 584
462 584
463 584
464 584
465 584
466 584
467 584
468 584
469 584
470 584
471 584
472 584
473 584
474 584
475 584
476 584
477 584
478 584
479 584
480 584
481 584
482 584
483 584
484 584
485 584
486 584
487 584
488 584
489 584
490 584
491 584
492 584
493 584
494 584
495 584
496 584
497 584
498 584
499 584
500 584
501 584
502 584
503 584
504 584
505 584
506 584
507 584
508 584
509 584
510 584
511 584
512 584
513 584
514 584
515 584
516 584
517 584
518 584
519 584
520 584
521 584
522 584
523 584
524 584
525 584
526 584
527 584
528 584
529 584
530 584
531 584
532 584
533 584
534 584
535 584
536 584
537 584
538 584
539 584
540 584
541 584
542 584
543 584
544 584
545 584
546 584
547 584
548 584
549 584
550 584
551 584
552 584
553 584
554 584
555 584
556 584
557 584
558 584
559 584
560 584
561 584
562 584
563 584
564 584
565 584
566 584
567 584
568 584
569 584
570 584
571 584
572 584
573 584
574 584
575 584
576 584
577 584
578 584
579 584
580 584
581 584
582 584
583 584
584 585
