809
808
1 808
2 808
3 808
4 808
5 808
6 808
7 808
8 808
9 808
10 808
11 808
12 808
13 808
14 808
15 808
16 808
17 808
18 808
19 808
20 808
21 808
22 808
23 808
24 808
25 808
26 808
27 808
28 808
29 808
30 808
31 808
32 808
33 808
34 808
35 808
36 808
37 808
38 808
39 808
40 808
41 808
42 808
43 808
44 808
45 808
46 808
47 808
48 808
49 808
50 808
51 808
52 808
53 808
54 808
55 808
56 808
57 808
58 808
59 808
60 808
61 808
62 808
63 808
64 808
65 808
66 808
67 808
68 808
69 808
70 808
71 808
72 808
73 808
74 808
75 808
76 808
77 808
78 808
79 808
80 808
81 808
82 808
83 808
84 808
85 808
86 808
87 808
88 808
89 808
90 808
91 808
92 808
93 808
94 808
95 808
96 808
97 808
98 808
99 808
100 808
101 808
102 808
103 808
104 808
105 808
106 808
107 808
108 808
109 808
110 808
111 808
112 808
113 808
114 808
115 808
116 808
117 808
118 808
119 808
120 808
121 808
122 808
123 808
124 808
125 808
126 808
127 808
128 808
129 808
130 808
131 808
132 808
133 808
134 808
135 808
136 808
137 808
138 808
139 808
140 808
141 808
142 808
143 808
144 808
145 808
146 808
147 808
148 808
149 808
150 808
151 808
152 808
153 808
154 808
155 808
156 808
157 808
158 808
159 808
160 808
161 808
162 808
163 808
164 808
165 808
166 808
167 808
168 808
169 808
170 808
171 808
172 808
173 808
174 808
175 808
176 808
177 808
178 808
179 808
180 808
181 808
182 808
183 808
184 808
185 808
186 808
187 808
188 808
189 808
190 808
191 808
192 808
193 808
194 808
195 808
196 808
197 808
198 808
199 808
200 808
201 808
202 808
203 808
204 808
205 808
206 808
207 808
208 808
209 808
210 808
211 808
212 808
213 808
214 808
215 808
216 808
217 808
218 808
219 808
220 808
221 808
222 808
223 808
224 808
225 808
226 808
227 808
228 808
229 808
230 808
231 808
232 808
233 808
234 808
235 808
236 808
237 808
238 808
239 808
240 808
241 808
242 808
243 808
244 808
245 808
246 808
247 808
248 808
249 808
250 808
251 808
252 808
253 808
254 808
255 808
256 808
257 808
258 808
259 808
260 808
261 808
262 808
263 808
264 808
265 808
266 808
267 808
268 808
269 808
270 808
271 808
272 808
273 808
274 808
275 808
276 808
277 808
278 808
279 808
280 808
281 808
282 808
283 808
284 808
285 808
286 808
287 808
288 808
289 808
290 808
291 808
292 808
293 808
294 808
295 808
296 808
297 808
298 808
299 808
300 808
301 808
302 808
303 808
304 808
305 808
306 808
307 808
308 808
309 808
310 808
311 808
312 808
313 808
314 808
315 808
316 808
317 808
318 808
319 808
320 808
321 808
322 808
323 808
324 808
325 808
326 808
327 808
328 808
329 808
330 808
331 808
332 808
333 808
334 808
335 808
336 808
337 808
338 808
339 808
340 808
341 808
342 808
343 808
344 808
345 808
346 808
347 808
348 808
349 808
350 808
351 808
352 808
353 808
354 808
355 808
356 808
357 808
358 808
359 808
360 808
361 808
362 808
363 808
364 808
365 808
366 808
367 808
368 808
369 808
370 808
371 808
372 808
373 808
374 808
375 808
376 808
377 808
378 808
379 808
380 808
381 808
382 808
383 808
384 808
385 808
386 808
387 808
388 808
389 808
390 808
391 808
392 808
393 808
394 808
395 808
396 808
397 808
398 808
399 808
400 808
401 808
402 808
403 808
404 808
405 808
406 808
407 808
408 808
409 808
410 808
411 808
412 808
413 808
414 808
415 808
416 808
417 808
418 808
419 808
420 808
421 808
422 808
423 808
424 808
425 808
426 808
427 808
428 808
429 808
430 808
431 808
432 808
433 808
434 808
435 808
436 808
437 808
438 808
439 808
440 808
441 808
442 808
443 808
444 808
445 808
446 808
447 808
448 808
449 808
450 808
451 808
452 808
453 808
454 808
455 808
456 808
457 808
458 808
459 808
460 808
461 808
462 808
463 808
464 808
465 808
466 808
467 808
468 808
469 808
470 808
471 808
472 808
473 808
474 808
475 808
476 808
477 808
478 808
479 808
480 808
481 808
482 808
483 808
484 808
485 808
486 808
487 808
488 808
489 808
490 808
491 808
492 808
493 808
494 808
495 808
496 808
497 808
498 808
499 808
500 808
501 808
502 808
503 808
504 808
505 808
506 808
507 808
508 808
509 808
510 808
511 808
512 808
513 808
514 808
515 808
516 808
517 808
518 808
519 808
520 808
521 808
522 808
523 808
524 808
525 808
526 808
527 808
528 808
529 808
530 808
531 808
532 808
533 808
534 808
535 808
536 808
537 808
538 808
539 808
540 808
541 808
542 808
543 808
544 808
545 808
546 808
547 808
548 808
549 808
550 808
551 808
552 808
553 808
554 808
555 808
556 808
557 808
558 808
559 808
560 808
561 808
562 808
563 808
564 808
565 808
566 808
567 808
568 808
569 808
570 808
571 808
572 808
573 808
574 808
575 808
576 808
577 808
578 808
579 808
580 808
581 808
582 808
583 808
584 808
585 808
586 808
587 808
588 808
589 808
590 808
591 808
592 808
593 808
594 808
595 808
596 808
597 808
598 808
599 808
600 808
601 808
602 808
603 808
604 808
605 808
606 808
607 808
608 808
609 808
610 808
611 808
612 808
613 808
614 808
615 808
616 808
617 808
618 808
619 808
620 808
621 808
622 808
623 808
624 808
625 808
626 808
627 808
628 808
629 808
630 808
631 808
632 808
633 808
634 808
635 808
636 808
637 808
638 808
639 808
640 808
641 808
642 808
643 808
644 808
645 808
646 808
647 808
648 808
649 808
650 808
651 808
652 808
653 808
654 808
655 808
656 808
657 808
658 808
659 808
660 808
661 808
662 808
663 808
664 808
665 808
666 808
667 808
668 808
669 808
670 808
671 808
672 808
673 808
674 808
675 808
676 808
677 808
678 808
679 808
680 808
681 808
682 808
683 808
684 808
685 808
686 808
687 808
688 808
689 808
690 808
691 808
692 808
693 808
694 808
695 808
696 808
697 808
698 808
699 808
700 808
701 808
702 808
703 808
704 808
705 808
706 808
707 808
708 808
709 808
710 808
711 808
712 808
713 808
714 808
715 808
716 808
717 808
718 808
719 808
720 808
721 808
722 808
723 808
724 808
725 808
726 808
727 808
728 808
729 808
730 808
731 808
732 808
733 808
734 808
735 808
736 808
737 808
738 808
739 808
740 808
741 808
742 808
743 808
744 808
745 808
746 808
747 808
748 808
749 808
750 808
751 808
752 808
753 808
754 808
755 808
756 808
757 808
758 808
759 808
760 808
761 808
762 808
763 808
764 808
765 808
766 808
767 808
768 808
769 808
770 808
771 808
772 808
773 808
774 808
775 808
776 808
777 808
778 808
779 808
780 808
781 808
782 808
783 808
784 808
785 808
786 808
787 808
788 808
789 808
790 808
791 808
792 808
793 808
794 808
795 808
796 808
797 808
798 808
799 808
800 808
801 808
802 808
803 808
804 808
805 808
806 808
807 808
808 809
