606
605
1 605
2 605
3 605
4 605
5 605
6 605
7 605
8 605
9 605
10 605
11 605
12 605
13 605
14 605
15 605
16 605
17 605
18 605
19 605
20 605
21 605
22 605
23 605
24 605
25 605
26 605
27 605
28 605
29 605
30 605
31 605
32 605
33 605
34 605
35 605
36 605
37 605
38 605
39 605
40 605
41 605
42 605
43 605
44 605
45 605
46 605
47 605
48 605
49 605
50 605
51 605
52 605
53 605
54 605
55 605
56 605
57 605
58 605
59 605
60 605
61 605
62 605
63 605
64 605
65 605
66 605
67 605
68 605
69 605
70 605
71 605
72 605
73 605
74 605
75 605
76 605
77 605
78 605
79 605
80 605
81 605
82 605
83 605
84 605
85 605
86 605
87 605
88 605
89 605
90 605
91 605
92 605
93 605
94 605
95 605
96 605
97 605
98 605
99 605
100 605
101 605
102 605
103 605
104 605
105 605
106 605
107 605
108 605
109 605
110 605
111 605
112 605
113 605
114 605
115 605
116 605
117 605
118 605
119 605
120 605
121 605
122 605
123 605
124 605
125 605
126 605
127 605
128 605
129 605
130 605
131 605
132 605
133 605
134 605
135 605
136 605
137 605
138 605
139 605
140 605
141 605
142 605
143 605
144 605
145 605
146 605
147 605
148 605
149 605
150 605
151 605
152 605
153 605
154 605
155 605
156 605
157 605
158 605
159 605
160 605
161 605
162 605
163 605
164 605
165 605
166 605
167 605
168 605
169 605
170 605
171 605
172 605
173 605
174 605
175 605
176 605
177 605
178 605
179 605
180 605
181 605
182 605
183 605
184 605
185 605
186 605
187 605
188 605
189 605
190 605
191 605
192 605
193 605
194 605
195 605
196 605
197 605
198 605
199 605
200 605
201 605
202 605
203 605
204 605
205 605
206 605
207 605
208 605
209 605
210 605
211 605
212 605
213 605
214 605
215 605
216 605
217 605
218 605
219 605
220 605
221 605
222 605
223 605
224 605
225 605
226 605
227 605
228 605
229 605
230 605
231 605
232 605
233 605
234 605
235 605
236 605
237 605
238 605
239 605
240 605
241 605
242 605
243 605
244 605
245 605
246 605
247 605
248 605
249 605
250 605
251 605
252 605
253 605
254 605
255 605
256 605
257 605
258 605
259 605
260 605
261 605
262 605
263 605
264 605
265 605
266 605
267 605
268 605
269 605
270 605
271 605
272 605
273 605
274 605
275 605
276 605
277 605
278 605
279 605
280 605
281 605
282 605
283 605
284 605
285 605
286 605
287 605
288 605
289 605
290 605
291 605
292 605
293 605
294 605
295 605
296 605
297 605
298 605
299 605
300 605
301 605
302 605
303 605
304 605
305 605
306 605
307 605
308 605
309 605
310 605
311 605
312 605
313 605
314 605
315 605
316 605
317 605
318 605
319 605
320 605
321 605
322 605
323 605
324 605
325 605
326 605
327 605
328 605
329 605
330 605
331 605
332 605
333 605
334 605
335 605
336 605
337 605
338 605
339 605
340 605
341 605
342 605
343 605
344 605
345 605
346 605
347 605
348 605
349 605
350 605
351 605
352 605
353 605
354 605
355 605
356 605
357 605
358 605
359 605
360 605
361 605
362 605
363 605
364 605
365 605
366 605
367 605
368 605
369 605
370 605
371 605
372 605
373 605
374 605
375 605
376 605
377 605
378 605
379 605
380 605
381 605
382 605
383 605
384 605
385 605
386 605
387 605
388 605
389 605
390 605
391 605
392 605
393 605
394 605
395 605
396 605
397 605
398 605
399 605
400 605
401 605
402 605
403 605
404 605
405 605
406 605
407 605
408 605
409 605
410 605
411 605
412 605
413 605
414 605
415 605
416 605
417 605
418 605
419 605
420 605
421 605
422 605
423 605
424 605
425 605
426 605
427 605
428 605
429 605
430 605
431 605
432 605
433 605
434 605
435 605
436 605
437 605
438 605
439 605
440 605
441 605
442 605
443 605
444 605
445 605
446 605
447 605
448 605
449 605
450 605
451 605
452 605
453 605
454 605
455 605
456 605
457 605
458 605
459 605
460 605
461 605
462 605
463 605
464 605
465 605
466 605
467 605
468 605
469 605
470 605
471 605
472 605
473 605
474 605
475 605
476 605
477 605
478 605
479 605
480 605
481 605
482 605
483 605
484 605
485 605
486 605
487 605
488 605
489 605
490 605
491 605
492 605
493 605
494 605
495 605
496 605
497 605
498 605
499 605
500 605
501 605
502 605
503 605
504 605
505 605
506 605
507 605
508 605
509 605
510 605
511 605
512 605
513 605
514 605
515 605
516 605
517 605
518 605
519 605
520 605
521 605
522 605
523 605
524 605
525 605
526 605
527 605
528 605
529 605
530 605
531 605
532 605
533 605
534 605
535 605
536 605
537 605
538 605
539 605
540 605
541 605
542 605
543 605
544 605
545 605
546 605
547 605
548 605
549 605
550 605
551 605
552 605
553 605
554 605
555 605
556 605
557 605
558 605
559 605
560 605
561 605
562 605
563 605
564 605
565 605
566 605
567 605
568 605
569 605
570 605
571 605
572 605
573 605
574 605
575 605
576 605
577 605
578 605
579 605
580 605
581 605
582 605
583 605
584 605
585 605
586 605
587 605
588 605
589 605
590 605
591 605
592 605
593 605
594 605
595 605
596 605
597 605
598 605
599 605
600 605
601 605
602 605
603 605
604 605
605 606
