974
973
1 973
2 973
3 973
4 973
5 973
6 973
7 973
8 973
9 973
10 973
11 973
12 973
13 973
14 973
15 973
16 973
17 973
18 973
19 973
20 973
21 973
22 973
23 973
24 973
25 973
26 973
27 973
28 973
29 973
30 973
31 973
32 973
33 973
34 973
35 973
36 973
37 973
38 973
39 973
40 973
41 973
42 973
43 973
44 973
45 973
46 973
47 973
48 973
49 973
50 973
51 973
52 973
53 973
54 973
55 973
56 973
57 973
58 973
59 973
60 973
61 973
62 973
63 973
64 973
65 973
66 973
67 973
68 973
69 973
70 973
71 973
72 973
73 973
74 973
75 973
76 973
77 973
78 973
79 973
80 973
81 973
82 973
83 973
84 973
85 973
86 973
87 973
88 973
89 973
90 973
91 973
92 973
93 973
94 973
95 973
96 973
97 973
98 973
99 973
100 973
101 973
102 973
103 973
104 973
105 973
106 973
107 973
108 973
109 973
110 973
111 973
112 973
113 973
114 973
115 973
116 973
117 973
118 973
119 973
120 973
121 973
122 973
123 973
124 973
125 973
126 973
127 973
128 973
129 973
130 973
131 973
132 973
133 973
134 973
135 973
136 973
137 973
138 973
139 973
140 973
141 973
142 973
143 973
144 973
145 973
146 973
147 973
148 973
149 973
150 973
151 973
152 973
153 973
154 973
155 973
156 973
157 973
158 973
159 973
160 973
161 973
162 973
163 973
164 973
165 973
166 973
167 973
168 973
169 973
170 973
171 973
172 973
173 973
174 973
175 973
176 973
177 973
178 973
179 973
180 973
181 973
182 973
183 973
184 973
185 973
186 973
187 973
188 973
189 973
190 973
191 973
192 973
193 973
194 973
195 973
196 973
197 973
198 973
199 973
200 973
201 973
202 973
203 973
204 973
205 973
206 973
207 973
208 973
209 973
210 973
211 973
212 973
213 973
214 973
215 973
216 973
217 973
218 973
219 973
220 973
221 973
222 973
223 973
224 973
225 973
226 973
227 973
228 973
229 973
230 973
231 973
232 973
233 973
234 973
235 973
236 973
237 973
238 973
239 973
240 973
241 973
242 973
243 973
244 973
245 973
246 973
247 973
248 973
249 973
250 973
251 973
252 973
253 973
254 973
255 973
256 973
257 973
258 973
259 973
260 973
261 973
262 973
263 973
264 973
265 973
266 973
267 973
268 973
269 973
270 973
271 973
272 973
273 973
274 973
275 973
276 973
277 973
278 973
279 973
280 973
281 973
282 973
283 973
284 973
285 973
286 973
287 973
288 973
289 973
290 973
291 973
292 973
293 973
294 973
295 973
296 973
297 973
298 973
299 973
300 973
301 973
302 973
303 973
304 973
305 973
306 973
307 973
308 973
309 973
310 973
311 973
312 973
313 973
314 973
315 973
316 973
317 973
318 973
319 973
320 973
321 973
322 973
323 973
324 973
325 973
326 973
327 973
328 973
329 973
330 973
331 973
332 973
333 973
334 973
335 973
336 973
337 973
338 973
339 973
340 973
341 973
342 973
343 973
344 973
345 973
346 973
347 973
348 973
349 973
350 973
351 973
352 973
353 973
354 973
355 973
356 973
357 973
358 973
359 973
360 973
361 973
362 973
363 973
364 973
365 973
366 973
367 973
368 973
369 973
370 973
371 973
372 973
373 973
374 973
375 973
376 973
377 973
378 973
379 973
380 973
381 973
382 973
383 973
384 973
385 973
386 973
387 973
388 973
389 973
390 973
391 973
392 973
393 973
394 973
395 973
396 973
397 973
398 973
399 973
400 973
401 973
402 973
403 973
404 973
405 973
406 973
407 973
408 973
409 973
410 973
411 973
412 973
413 973
414 973
415 973
416 973
417 973
418 973
419 973
420 973
421 973
422 973
423 973
424 973
425 973
426 973
427 973
428 973
429 973
430 973
431 973
432 973
433 973
434 973
435 973
436 973
437 973
438 973
439 973
440 973
441 973
442 973
443 973
444 973
445 973
446 973
447 973
448 973
449 973
450 973
451 973
452 973
453 973
454 973
455 973
456 973
457 973
458 973
459 973
460 973
461 973
462 973
463 973
464 973
465 973
466 973
467 973
468 973
469 973
470 973
471 973
472 973
473 973
474 973
475 973
476 973
477 973
478 973
479 973
480 973
481 973
482 973
483 973
484 973
485 973
486 973
487 973
488 973
489 973
490 973
491 973
492 973
493 973
494 973
495 973
496 973
497 973
498 973
499 973
500 973
501 973
502 973
503 973
504 973
505 973
506 973
507 973
508 973
509 973
510 973
511 973
512 973
513 973
514 973
515 973
516 973
517 973
518 973
519 973
520 973
521 973
522 973
523 973
524 973
525 973
526 973
527 973
528 973
529 973
530 973
531 973
532 973
533 973
534 973
535 973
536 973
537 973
538 973
539 973
540 973
541 973
542 973
543 973
544 973
545 973
546 973
547 973
548 973
549 973
550 973
551 973
552 973
553 973
554 973
555 973
556 973
557 973
558 973
559 973
560 973
561 973
562 973
563 973
564 973
565 973
566 973
567 973
568 973
569 973
570 973
571 973
572 973
573 973
574 973
575 973
576 973
577 973
578 973
579 973
580 973
581 973
582 973
583 973
584 973
585 973
586 973
587 973
588 973
589 973
590 973
591 973
592 973
593 973
594 973
595 973
596 973
597 973
598 973
599 973
600 973
601 973
602 973
603 973
604 973
605 973
606 973
607 973
608 973
609 973
610 973
611 973
612 973
613 973
614 973
615 973
616 973
617 973
618 973
619 973
620 973
621 973
622 973
623 973
624 973
625 973
626 973
627 973
628 973
629 973
630 973
631 973
632 973
633 973
634 973
635 973
636 973
637 973
638 973
639 973
640 973
641 973
642 973
643 973
644 973
645 973
646 973
647 973
648 973
649 973
650 973
651 973
652 973
653 973
654 973
655 973
656 973
657 973
658 973
659 973
660 973
661 973
662 973
663 973
664 973
665 973
666 973
667 973
668 973
669 973
670 973
671 973
672 973
673 973
674 973
675 973
676 973
677 973
678 973
679 973
680 973
681 973
682 973
683 973
684 973
685 973
686 973
687 973
688 973
689 973
690 973
691 973
692 973
693 973
694 973
695 973
696 973
697 973
698 973
699 973
700 973
701 973
702 973
703 973
704 973
705 973
706 973
707 973
708 973
709 973
710 973
711 973
712 973
713 973
714 973
715 973
716 973
717 973
718 973
719 973
720 973
721 973
722 973
723 973
724 973
725 973
726 973
727 973
728 973
729 973
730 973
731 973
732 973
733 973
734 973
735 973
736 973
737 973
738 973
739 973
740 973
741 973
742 973
743 973
744 973
745 973
746 973
747 973
748 973
749 973
750 973
751 973
752 973
753 973
754 973
755 973
756 973
757 973
758 973
759 973
760 973
761 973
762 973
763 973
764 973
765 973
766 973
767 973
768 973
769 973
770 973
771 973
772 973
773 973
774 973
775 973
776 973
777 973
778 973
779 973
780 973
781 973
782 973
783 973
784 973
785 973
786 973
787 973
788 973
789 973
790 973
791 973
792 973
793 973
794 973
795 973
796 973
797 973
798 973
799 973
800 973
801 973
802 973
803 973
804 973
805 973
806 973
807 973
808 973
809 973
810 973
811 973
812 973
813 973
814 973
815 973
816 973
817 973
818 973
819 973
820 973
821 973
822 973
823 973
824 973
825 973
826 973
827 973
828 973
829 973
830 973
831 973
832 973
833 973
834 973
835 973
836 973
837 973
838 973
839 973
840 973
841 973
842 973
843 973
844 973
845 973
846 973
847 973
848 973
849 973
850 973
851 973
852 973
853 973
854 973
855 973
856 973
857 973
858 973
859 973
860 973
861 973
862 973
863 973
864 973
865 973
866 973
867 973
868 973
869 973
870 973
871 973
872 973
873 973
874 973
875 973
876 973
877 973
878 973
879 973
880 973
881 973
882 973
883 973
884 973
885 973
886 973
887 973
888 973
889 973
890 973
891 973
892 973
893 973
894 973
895 973
896 973
897 973
898 973
899 973
900 973
901 973
902 973
903 973
904 973
905 973
906 973
907 973
908 973
909 973
910 973
911 973
912 973
913 973
914 973
915 973
916 973
917 973
918 973
919 973
920 973
921 973
922 973
923 973
924 973
925 973
926 973
927 973
928 973
929 973
930 973
931 973
932 973
933 973
934 973
935 973
936 973
937 973
938 973
939 973
940 973
941 973
942 973
943 973
944 973
945 973
946 973
947 973
948 973
949 973
950 973
951 973
952 973
953 973
954 973
955 973
956 973
957 973
958 973
959 973
960 973
961 973
962 973
963 973
964 973
965 973
966 973
967 973
968 973
969 973
970 973
971 973
972 973
973 974
