440
439
1 439
2 439
3 439
4 439
5 439
6 439
7 439
8 439
9 439
10 439
11 439
12 439
13 439
14 439
15 439
16 439
17 439
18 439
19 439
20 439
21 439
22 439
23 439
24 439
25 439
26 439
27 439
28 439
29 439
30 439
31 439
32 439
33 439
34 439
35 439
36 439
37 439
38 439
39 439
40 439
41 439
42 439
43 439
44 439
45 439
46 439
47 439
48 439
49 439
50 439
51 439
52 439
53 439
54 439
55 439
56 439
57 439
58 439
59 439
60 439
61 439
62 439
63 439
64 439
65 439
66 439
67 439
68 439
69 439
70 439
71 439
72 439
73 439
74 439
75 439
76 439
77 439
78 439
79 439
80 439
81 439
82 439
83 439
84 439
85 439
86 439
87 439
88 439
89 439
90 439
91 439
92 439
93 439
94 439
95 439
96 439
97 439
98 439
99 439
100 439
101 439
102 439
103 439
104 439
105 439
106 439
107 439
108 439
109 439
110 439
111 439
112 439
113 439
114 439
115 439
116 439
117 439
118 439
119 439
120 439
121 439
122 439
123 439
124 439
125 439
126 439
127 439
128 439
129 439
130 439
131 439
132 439
133 439
134 439
135 439
136 439
137 439
138 439
139 439
140 439
141 439
142 439
143 439
144 439
145 439
146 439
147 439
148 439
149 439
150 439
151 439
152 439
153 439
154 439
155 439
156 439
157 439
158 439
159 439
160 439
161 439
162 439
163 439
164 439
165 439
166 439
167 439
168 439
169 439
170 439
171 439
172 439
173 439
174 439
175 439
176 439
177 439
178 439
179 439
180 439
181 439
182 439
183 439
184 439
185 439
186 439
187 439
188 439
189 439
190 439
191 439
192 439
193 439
194 439
195 439
196 439
197 439
198 439
199 439
200 439
201 439
202 439
203 439
204 439
205 439
206 439
207 439
208 439
209 439
210 439
211 439
212 439
213 439
214 439
215 439
216 439
217 439
218 439
219 439
220 439
221 439
222 439
223 439
224 439
225 439
226 439
227 439
228 439
229 439
230 439
231 439
232 439
233 439
234 439
235 439
236 439
237 439
238 439
239 439
240 439
241 439
242 439
243 439
244 439
245 439
246 439
247 439
248 439
249 439
250 439
251 439
252 439
253 439
254 439
255 439
256 439
257 439
258 439
259 439
260 439
261 439
262 439
263 439
264 439
265 439
266 439
267 439
268 439
269 439
270 439
271 439
272 439
273 439
274 439
275 439
276 439
277 439
278 439
279 439
280 439
281 439
282 439
283 439
284 439
285 439
286 439
287 439
288 439
289 439
290 439
291 439
292 439
293 439
294 439
295 439
296 439
297 439
298 439
299 439
300 439
301 439
302 439
303 439
304 439
305 439
306 439
307 439
308 439
309 439
310 439
311 439
312 439
313 439
314 439
315 439
316 439
317 439
318 439
319 439
320 439
321 439
322 439
323 439
324 439
325 439
326 439
327 439
328 439
329 439
330 439
331 439
332 439
333 439
334 439
335 439
336 439
337 439
338 439
339 439
340 439
341 439
342 439
343 439
344 439
345 439
346 439
347 439
348 439
349 439
350 439
351 439
352 439
353 439
354 439
355 439
356 439
357 439
358 439
359 439
360 439
361 439
362 439
363 439
364 439
365 439
366 439
367 439
368 439
369 439
370 439
371 439
372 439
373 439
374 439
375 439
376 439
377 439
378 439
379 439
380 439
381 439
382 439
383 439
384 439
385 439
386 439
387 439
388 439
389 439
390 439
391 439
392 439
393 439
394 439
395 439
396 439
397 439
398 439
399 439
400 439
401 439
402 439
403 439
404 439
405 439
406 439
407 439
408 439
409 439
410 439
411 439
412 439
413 439
414 439
415 439
416 439
417 439
418 439
419 439
420 439
421 439
422 439
423 439
424 439
425 439
426 439
427 439
428 439
429 439
430 439
431 439
432 439
433 439
434 439
435 439
436 439
437 439
438 439
439 440
