741
740
1 740
2 740
3 740
4 740
5 740
6 740
7 740
8 740
9 740
10 740
11 740
12 740
13 740
14 740
15 740
16 740
17 740
18 740
19 740
20 740
21 740
22 740
23 740
24 740
25 740
26 740
27 740
28 740
29 740
30 740
31 740
32 740
33 740
34 740
35 740
36 740
37 740
38 740
39 740
40 740
41 740
42 740
43 740
44 740
45 740
46 740
47 740
48 740
49 740
50 740
51 740
52 740
53 740
54 740
55 740
56 740
57 740
58 740
59 740
60 740
61 740
62 740
63 740
64 740
65 740
66 740
67 740
68 740
69 740
70 740
71 740
72 740
73 740
74 740
75 740
76 740
77 740
78 740
79 740
80 740
81 740
82 740
83 740
84 740
85 740
86 740
87 740
88 740
89 740
90 740
91 740
92 740
93 740
94 740
95 740
96 740
97 740
98 740
99 740
100 740
101 740
102 740
103 740
104 740
105 740
106 740
107 740
108 740
109 740
110 740
111 740
112 740
113 740
114 740
115 740
116 740
117 740
118 740
119 740
120 740
121 740
122 740
123 740
124 740
125 740
126 740
127 740
128 740
129 740
130 740
131 740
132 740
133 740
134 740
135 740
136 740
137 740
138 740
139 740
140 740
141 740
142 740
143 740
144 740
145 740
146 740
147 740
148 740
149 740
150 740
151 740
152 740
153 740
154 740
155 740
156 740
157 740
158 740
159 740
160 740
161 740
162 740
163 740
164 740
165 740
166 740
167 740
168 740
169 740
170 740
171 740
172 740
173 740
174 740
175 740
176 740
177 740
178 740
179 740
180 740
181 740
182 740
183 740
184 740
185 740
186 740
187 740
188 740
189 740
190 740
191 740
192 740
193 740
194 740
195 740
196 740
197 740
198 740
199 740
200 740
201 740
202 740
203 740
204 740
205 740
206 740
207 740
208 740
209 740
210 740
211 740
212 740
213 740
214 740
215 740
216 740
217 740
218 740
219 740
220 740
221 740
222 740
223 740
224 740
225 740
226 740
227 740
228 740
229 740
230 740
231 740
232 740
233 740
234 740
235 740
236 740
237 740
238 740
239 740
240 740
241 740
242 740
243 740
244 740
245 740
246 740
247 740
248 740
249 740
250 740
251 740
252 740
253 740
254 740
255 740
256 740
257 740
258 740
259 740
260 740
261 740
262 740
263 740
264 740
265 740
266 740
267 740
268 740
269 740
270 740
271 740
272 740
273 740
274 740
275 740
276 740
277 740
278 740
279 740
280 740
281 740
282 740
283 740
284 740
285 740
286 740
287 740
288 740
289 740
290 740
291 740
292 740
293 740
294 740
295 740
296 740
297 740
298 740
299 740
300 740
301 740
302 740
303 740
304 740
305 740
306 740
307 740
308 740
309 740
310 740
311 740
312 740
313 740
314 740
315 740
316 740
317 740
318 740
319 740
320 740
321 740
322 740
323 740
324 740
325 740
326 740
327 740
328 740
329 740
330 740
331 740
332 740
333 740
334 740
335 740
336 740
337 740
338 740
339 740
340 740
341 740
342 740
343 740
344 740
345 740
346 740
347 740
348 740
349 740
350 740
351 740
352 740
353 740
354 740
355 740
356 740
357 740
358 740
359 740
360 740
361 740
362 740
363 740
364 740
365 740
366 740
367 740
368 740
369 740
370 740
371 740
372 740
373 740
374 740
375 740
376 740
377 740
378 740
379 740
380 740
381 740
382 740
383 740
384 740
385 740
386 740
387 740
388 740
389 740
390 740
391 740
392 740
393 740
394 740
395 740
396 740
397 740
398 740
399 740
400 740
401 740
402 740
403 740
404 740
405 740
406 740
407 740
408 740
409 740
410 740
411 740
412 740
413 740
414 740
415 740
416 740
417 740
418 740
419 740
420 740
421 740
422 740
423 740
424 740
425 740
426 740
427 740
428 740
429 740
430 740
431 740
432 740
433 740
434 740
435 740
436 740
437 740
438 740
439 740
440 740
441 740
442 740
443 740
444 740
445 740
446 740
447 740
448 740
449 740
450 740
451 740
452 740
453 740
454 740
455 740
456 740
457 740
458 740
459 740
460 740
461 740
462 740
463 740
464 740
465 740
466 740
467 740
468 740
469 740
470 740
471 740
472 740
473 740
474 740
475 740
476 740
477 740
478 740
479 740
480 740
481 740
482 740
483 740
484 740
485 740
486 740
487 740
488 740
489 740
490 740
491 740
492 740
493 740
494 740
495 740
496 740
497 740
498 740
499 740
500 740
501 740
502 740
503 740
504 740
505 740
506 740
507 740
508 740
509 740
510 740
511 740
512 740
513 740
514 740
515 740
516 740
517 740
518 740
519 740
520 740
521 740
522 740
523 740
524 740
525 740
526 740
527 740
528 740
529 740
530 740
531 740
532 740
533 740
534 740
535 740
536 740
537 740
538 740
539 740
540 740
541 740
542 740
543 740
544 740
545 740
546 740
547 740
548 740
549 740
550 740
551 740
552 740
553 740
554 740
555 740
556 740
557 740
558 740
559 740
560 740
561 740
562 740
563 740
564 740
565 740
566 740
567 740
568 740
569 740
570 740
571 740
572 740
573 740
574 740
575 740
576 740
577 740
578 740
579 740
580 740
581 740
582 740
583 740
584 740
585 740
586 740
587 740
588 740
589 740
590 740
591 740
592 740
593 740
594 740
595 740
596 740
597 740
598 740
599 740
600 740
601 740
602 740
603 740
604 740
605 740
606 740
607 740
608 740
609 740
610 740
611 740
612 740
613 740
614 740
615 740
616 740
617 740
618 740
619 740
620 740
621 740
622 740
623 740
624 740
625 740
626 740
627 740
628 740
629 740
630 740
631 740
632 740
633 740
634 740
635 740
636 740
637 740
638 740
639 740
640 740
641 740
642 740
643 740
644 740
645 740
646 740
647 740
648 740
649 740
650 740
651 740
652 740
653 740
654 740
655 740
656 740
657 740
658 740
659 740
660 740
661 740
662 740
663 740
664 740
665 740
666 740
667 740
668 740
669 740
670 740
671 740
672 740
673 740
674 740
675 740
676 740
677 740
678 740
679 740
680 740
681 740
682 740
683 740
684 740
685 740
686 740
687 740
688 740
689 740
690 740
691 740
692 740
693 740
694 740
695 740
696 740
697 740
698 740
699 740
700 740
701 740
702 740
703 740
704 740
705 740
706 740
707 740
708 740
709 740
710 740
711 740
712 740
713 740
714 740
715 740
716 740
717 740
718 740
719 740
720 740
721 740
722 740
723 740
724 740
725 740
726 740
727 740
728 740
729 740
730 740
731 740
732 740
733 740
734 740
735 740
736 740
737 740
738 740
739 740
740 741
