755
754
1 754
2 754
3 754
4 754
5 754
6 754
7 754
8 754
9 754
10 754
11 754
12 754
13 754
14 754
15 754
16 754
17 754
18 754
19 754
20 754
21 754
22 754
23 754
24 754
25 754
26 754
27 754
28 754
29 754
30 754
31 754
32 754
33 754
34 754
35 754
36 754
37 754
38 754
39 754
40 754
41 754
42 754
43 754
44 754
45 754
46 754
47 754
48 754
49 754
50 754
51 754
52 754
53 754
54 754
55 754
56 754
57 754
58 754
59 754
60 754
61 754
62 754
63 754
64 754
65 754
66 754
67 754
68 754
69 754
70 754
71 754
72 754
73 754
74 754
75 754
76 754
77 754
78 754
79 754
80 754
81 754
82 754
83 754
84 754
85 754
86 754
87 754
88 754
89 754
90 754
91 754
92 754
93 754
94 754
95 754
96 754
97 754
98 754
99 754
100 754
101 754
102 754
103 754
104 754
105 754
106 754
107 754
108 754
109 754
110 754
111 754
112 754
113 754
114 754
115 754
116 754
117 754
118 754
119 754
120 754
121 754
122 754
123 754
124 754
125 754
126 754
127 754
128 754
129 754
130 754
131 754
132 754
133 754
134 754
135 754
136 754
137 754
138 754
139 754
140 754
141 754
142 754
143 754
144 754
145 754
146 754
147 754
148 754
149 754
150 754
151 754
152 754
153 754
154 754
155 754
156 754
157 754
158 754
159 754
160 754
161 754
162 754
163 754
164 754
165 754
166 754
167 754
168 754
169 754
170 754
171 754
172 754
173 754
174 754
175 754
176 754
177 754
178 754
179 754
180 754
181 754
182 754
183 754
184 754
185 754
186 754
187 754
188 754
189 754
190 754
191 754
192 754
193 754
194 754
195 754
196 754
197 754
198 754
199 754
200 754
201 754
202 754
203 754
204 754
205 754
206 754
207 754
208 754
209 754
210 754
211 754
212 754
213 754
214 754
215 754
216 754
217 754
218 754
219 754
220 754
221 754
222 754
223 754
224 754
225 754
226 754
227 754
228 754
229 754
230 754
231 754
232 754
233 754
234 754
235 754
236 754
237 754
238 754
239 754
240 754
241 754
242 754
243 754
244 754
245 754
246 754
247 754
248 754
249 754
250 754
251 754
252 754
253 754
254 754
255 754
256 754
257 754
258 754
259 754
260 754
261 754
262 754
263 754
264 754
265 754
266 754
267 754
268 754
269 754
270 754
271 754
272 754
273 754
274 754
275 754
276 754
277 754
278 754
279 754
280 754
281 754
282 754
283 754
284 754
285 754
286 754
287 754
288 754
289 754
290 754
291 754
292 754
293 754
294 754
295 754
296 754
297 754
298 754
299 754
300 754
301 754
302 754
303 754
304 754
305 754
306 754
307 754
308 754
309 754
310 754
311 754
312 754
313 754
314 754
315 754
316 754
317 754
318 754
319 754
320 754
321 754
322 754
323 754
324 754
325 754
326 754
327 754
328 754
329 754
330 754
331 754
332 754
333 754
334 754
335 754
336 754
337 754
338 754
339 754
340 754
341 754
342 754
343 754
344 754
345 754
346 754
347 754
348 754
349 754
350 754
351 754
352 754
353 754
354 754
355 754
356 754
357 754
358 754
359 754
360 754
361 754
362 754
363 754
364 754
365 754
366 754
367 754
368 754
369 754
370 754
371 754
372 754
373 754
374 754
375 754
376 754
377 754
378 754
379 754
380 754
381 754
382 754
383 754
384 754
385 754
386 754
387 754
388 754
389 754
390 754
391 754
392 754
393 754
394 754
395 754
396 754
397 754
398 754
399 754
400 754
401 754
402 754
403 754
404 754
405 754
406 754
407 754
408 754
409 754
410 754
411 754
412 754
413 754
414 754
415 754
416 754
417 754
418 754
419 754
420 754
421 754
422 754
423 754
424 754
425 754
426 754
427 754
428 754
429 754
430 754
431 754
432 754
433 754
434 754
435 754
436 754
437 754
438 754
439 754
440 754
441 754
442 754
443 754
444 754
445 754
446 754
447 754
448 754
449 754
450 754
451 754
452 754
453 754
454 754
455 754
456 754
457 754
458 754
459 754
460 754
461 754
462 754
463 754
464 754
465 754
466 754
467 754
468 754
469 754
470 754
471 754
472 754
473 754
474 754
475 754
476 754
477 754
478 754
479 754
480 754
481 754
482 754
483 754
484 754
485 754
486 754
487 754
488 754
489 754
490 754
491 754
492 754
493 754
494 754
495 754
496 754
497 754
498 754
499 754
500 754
501 754
502 754
503 754
504 754
505 754
506 754
507 754
508 754
509 754
510 754
511 754
512 754
513 754
514 754
515 754
516 754
517 754
518 754
519 754
520 754
521 754
522 754
523 754
524 754
525 754
526 754
527 754
528 754
529 754
530 754
531 754
532 754
533 754
534 754
535 754
536 754
537 754
538 754
539 754
540 754
541 754
542 754
543 754
544 754
545 754
546 754
547 754
548 754
549 754
550 754
551 754
552 754
553 754
554 754
555 754
556 754
557 754
558 754
559 754
560 754
561 754
562 754
563 754
564 754
565 754
566 754
567 754
568 754
569 754
570 754
571 754
572 754
573 754
574 754
575 754
576 754
577 754
578 754
579 754
580 754
581 754
582 754
583 754
584 754
585 754
586 754
587 754
588 754
589 754
590 754
591 754
592 754
593 754
594 754
595 754
596 754
597 754
598 754
599 754
600 754
601 754
602 754
603 754
604 754
605 754
606 754
607 754
608 754
609 754
610 754
611 754
612 754
613 754
614 754
615 754
616 754
617 754
618 754
619 754
620 754
621 754
622 754
623 754
624 754
625 754
626 754
627 754
628 754
629 754
630 754
631 754
632 754
633 754
634 754
635 754
636 754
637 754
638 754
639 754
640 754
641 754
642 754
643 754
644 754
645 754
646 754
647 754
648 754
649 754
650 754
651 754
652 754
653 754
654 754
655 754
656 754
657 754
658 754
659 754
660 754
661 754
662 754
663 754
664 754
665 754
666 754
667 754
668 754
669 754
670 754
671 754
672 754
673 754
674 754
675 754
676 754
677 754
678 754
679 754
680 754
681 754
682 754
683 754
684 754
685 754
686 754
687 754
688 754
689 754
690 754
691 754
692 754
693 754
694 754
695 754
696 754
697 754
698 754
699 754
700 754
701 754
702 754
703 754
704 754
705 754
706 754
707 754
708 754
709 754
710 754
711 754
712 754
713 754
714 754
715 754
716 754
717 754
718 754
719 754
720 754
721 754
722 754
723 754
724 754
725 754
726 754
727 754
728 754
729 754
730 754
731 754
732 754
733 754
734 754
735 754
736 754
737 754
738 754
739 754
740 754
741 754
742 754
743 754
744 754
745 754
746 754
747 754
748 754
749 754
750 754
751 754
752 754
753 754
754 755
