394
393
1 393
2 393
3 393
4 393
5 393
6 393
7 393
8 393
9 393
10 393
11 393
12 393
13 393
14 393
15 393
16 393
17 393
18 393
19 393
20 393
21 393
22 393
23 393
24 393
25 393
26 393
27 393
28 393
29 393
30 393
31 393
32 393
33 393
34 393
35 393
36 393
37 393
38 393
39 393
40 393
41 393
42 393
43 393
44 393
45 393
46 393
47 393
48 393
49 393
50 393
51 393
52 393
53 393
54 393
55 393
56 393
57 393
58 393
59 393
60 393
61 393
62 393
63 393
64 393
65 393
66 393
67 393
68 393
69 393
70 393
71 393
72 393
73 393
74 393
75 393
76 393
77 393
78 393
79 393
80 393
81 393
82 393
83 393
84 393
85 393
86 393
87 393
88 393
89 393
90 393
91 393
92 393
93 393
94 393
95 393
96 393
97 393
98 393
99 393
100 393
101 393
102 393
103 393
104 393
105 393
106 393
107 393
108 393
109 393
110 393
111 393
112 393
113 393
114 393
115 393
116 393
117 393
118 393
119 393
120 393
121 393
122 393
123 393
124 393
125 393
126 393
127 393
128 393
129 393
130 393
131 393
132 393
133 393
134 393
135 393
136 393
137 393
138 393
139 393
140 393
141 393
142 393
143 393
144 393
145 393
146 393
147 393
148 393
149 393
150 393
151 393
152 393
153 393
154 393
155 393
156 393
157 393
158 393
159 393
160 393
161 393
162 393
163 393
164 393
165 393
166 393
167 393
168 393
169 393
170 393
171 393
172 393
173 393
174 393
175 393
176 393
177 393
178 393
179 393
180 393
181 393
182 393
183 393
184 393
185 393
186 393
187 393
188 393
189 393
190 393
191 393
192 393
193 393
194 393
195 393
196 393
197 393
198 393
199 393
200 393
201 393
202 393
203 393
204 393
205 393
206 393
207 393
208 393
209 393
210 393
211 393
212 393
213 393
214 393
215 393
216 393
217 393
218 393
219 393
220 393
221 393
222 393
223 393
224 393
225 393
226 393
227 393
228 393
229 393
230 393
231 393
232 393
233 393
234 393
235 393
236 393
237 393
238 393
239 393
240 393
241 393
242 393
243 393
244 393
245 393
246 393
247 393
248 393
249 393
250 393
251 393
252 393
253 393
254 393
255 393
256 393
257 393
258 393
259 393
260 393
261 393
262 393
263 393
264 393
265 393
266 393
267 393
268 393
269 393
270 393
271 393
272 393
273 393
274 393
275 393
276 393
277 393
278 393
279 393
280 393
281 393
282 393
283 393
284 393
285 393
286 393
287 393
288 393
289 393
290 393
291 393
292 393
293 393
294 393
295 393
296 393
297 393
298 393
299 393
300 393
301 393
302 393
303 393
304 393
305 393
306 393
307 393
308 393
309 393
310 393
311 393
312 393
313 393
314 393
315 393
316 393
317 393
318 393
319 393
320 393
321 393
322 393
323 393
324 393
325 393
326 393
327 393
328 393
329 393
330 393
331 393
332 393
333 393
334 393
335 393
336 393
337 393
338 393
339 393
340 393
341 393
342 393
343 393
344 393
345 393
346 393
347 393
348 393
349 393
350 393
351 393
352 393
353 393
354 393
355 393
356 393
357 393
358 393
359 393
360 393
361 393
362 393
363 393
364 393
365 393
366 393
367 393
368 393
369 393
370 393
371 393
372 393
373 393
374 393
375 393
376 393
377 393
378 393
379 393
380 393
381 393
382 393
383 393
384 393
385 393
386 393
387 393
388 393
389 393
390 393
391 393
392 393
393 394
