552
551
1 551
2 551
3 551
4 551
5 551
6 551
7 551
8 551
9 551
10 551
11 551
12 551
13 551
14 551
15 551
16 551
17 551
18 551
19 551
20 551
21 551
22 551
23 551
24 551
25 551
26 551
27 551
28 551
29 551
30 551
31 551
32 551
33 551
34 551
35 551
36 551
37 551
38 551
39 551
40 551
41 551
42 551
43 551
44 551
45 551
46 551
47 551
48 551
49 551
50 551
51 551
52 551
53 551
54 551
55 551
56 551
57 551
58 551
59 551
60 551
61 551
62 551
63 551
64 551
65 551
66 551
67 551
68 551
69 551
70 551
71 551
72 551
73 551
74 551
75 551
76 551
77 551
78 551
79 551
80 551
81 551
82 551
83 551
84 551
85 551
86 551
87 551
88 551
89 551
90 551
91 551
92 551
93 551
94 551
95 551
96 551
97 551
98 551
99 551
100 551
101 551
102 551
103 551
104 551
105 551
106 551
107 551
108 551
109 551
110 551
111 551
112 551
113 551
114 551
115 551
116 551
117 551
118 551
119 551
120 551
121 551
122 551
123 551
124 551
125 551
126 551
127 551
128 551
129 551
130 551
131 551
132 551
133 551
134 551
135 551
136 551
137 551
138 551
139 551
140 551
141 551
142 551
143 551
144 551
145 551
146 551
147 551
148 551
149 551
150 551
151 551
152 551
153 551
154 551
155 551
156 551
157 551
158 551
159 551
160 551
161 551
162 551
163 551
164 551
165 551
166 551
167 551
168 551
169 551
170 551
171 551
172 551
173 551
174 551
175 551
176 551
177 551
178 551
179 551
180 551
181 551
182 551
183 551
184 551
185 551
186 551
187 551
188 551
189 551
190 551
191 551
192 551
193 551
194 551
195 551
196 551
197 551
198 551
199 551
200 551
201 551
202 551
203 551
204 551
205 551
206 551
207 551
208 551
209 551
210 551
211 551
212 551
213 551
214 551
215 551
216 551
217 551
218 551
219 551
220 551
221 551
222 551
223 551
224 551
225 551
226 551
227 551
228 551
229 551
230 551
231 551
232 551
233 551
234 551
235 551
236 551
237 551
238 551
239 551
240 551
241 551
242 551
243 551
244 551
245 551
246 551
247 551
248 551
249 551
250 551
251 551
252 551
253 551
254 551
255 551
256 551
257 551
258 551
259 551
260 551
261 551
262 551
263 551
264 551
265 551
266 551
267 551
268 551
269 551
270 551
271 551
272 551
273 551
274 551
275 551
276 551
277 551
278 551
279 551
280 551
281 551
282 551
283 551
284 551
285 551
286 551
287 551
288 551
289 551
290 551
291 551
292 551
293 551
294 551
295 551
296 551
297 551
298 551
299 551
300 551
301 551
302 551
303 551
304 551
305 551
306 551
307 551
308 551
309 551
310 551
311 551
312 551
313 551
314 551
315 551
316 551
317 551
318 551
319 551
320 551
321 551
322 551
323 551
324 551
325 551
326 551
327 551
328 551
329 551
330 551
331 551
332 551
333 551
334 551
335 551
336 551
337 551
338 551
339 551
340 551
341 551
342 551
343 551
344 551
345 551
346 551
347 551
348 551
349 551
350 551
351 551
352 551
353 551
354 551
355 551
356 551
357 551
358 551
359 551
360 551
361 551
362 551
363 551
364 551
365 551
366 551
367 551
368 551
369 551
370 551
371 551
372 551
373 551
374 551
375 551
376 551
377 551
378 551
379 551
380 551
381 551
382 551
383 551
384 551
385 551
386 551
387 551
388 551
389 551
390 551
391 551
392 551
393 551
394 551
395 551
396 551
397 551
398 551
399 551
400 551
401 551
402 551
403 551
404 551
405 551
406 551
407 551
408 551
409 551
410 551
411 551
412 551
413 551
414 551
415 551
416 551
417 551
418 551
419 551
420 551
421 551
422 551
423 551
424 551
425 551
426 551
427 551
428 551
429 551
430 551
431 551
432 551
433 551
434 551
435 551
436 551
437 551
438 551
439 551
440 551
441 551
442 551
443 551
444 551
445 551
446 551
447 551
448 551
449 551
450 551
451 551
452 551
453 551
454 551
455 551
456 551
457 551
458 551
459 551
460 551
461 551
462 551
463 551
464 551
465 551
466 551
467 551
468 551
469 551
470 551
471 551
472 551
473 551
474 551
475 551
476 551
477 551
478 551
479 551
480 551
481 551
482 551
483 551
484 551
485 551
486 551
487 551
488 551
489 551
490 551
491 551
492 551
493 551
494 551
495 551
496 551
497 551
498 551
499 551
500 551
501 551
502 551
503 551
504 551
505 551
506 551
507 551
508 551
509 551
510 551
511 551
512 551
513 551
514 551
515 551
516 551
517 551
518 551
519 551
520 551
521 551
522 551
523 551
524 551
525 551
526 551
527 551
528 551
529 551
530 551
531 551
532 551
533 551
534 551
535 551
536 551
537 551
538 551
539 551
540 551
541 551
542 551
543 551
544 551
545 551
546 551
547 551
548 551
549 551
550 551
551 552
