637
636
1 636
2 636
3 636
4 636
5 636
6 636
7 636
8 636
9 636
10 636
11 636
12 636
13 636
14 636
15 636
16 636
17 636
18 636
19 636
20 636
21 636
22 636
23 636
24 636
25 636
26 636
27 636
28 636
29 636
30 636
31 636
32 636
33 636
34 636
35 636
36 636
37 636
38 636
39 636
40 636
41 636
42 636
43 636
44 636
45 636
46 636
47 636
48 636
49 636
50 636
51 636
52 636
53 636
54 636
55 636
56 636
57 636
58 636
59 636
60 636
61 636
62 636
63 636
64 636
65 636
66 636
67 636
68 636
69 636
70 636
71 636
72 636
73 636
74 636
75 636
76 636
77 636
78 636
79 636
80 636
81 636
82 636
83 636
84 636
85 636
86 636
87 636
88 636
89 636
90 636
91 636
92 636
93 636
94 636
95 636
96 636
97 636
98 636
99 636
100 636
101 636
102 636
103 636
104 636
105 636
106 636
107 636
108 636
109 636
110 636
111 636
112 636
113 636
114 636
115 636
116 636
117 636
118 636
119 636
120 636
121 636
122 636
123 636
124 636
125 636
126 636
127 636
128 636
129 636
130 636
131 636
132 636
133 636
134 636
135 636
136 636
137 636
138 636
139 636
140 636
141 636
142 636
143 636
144 636
145 636
146 636
147 636
148 636
149 636
150 636
151 636
152 636
153 636
154 636
155 636
156 636
157 636
158 636
159 636
160 636
161 636
162 636
163 636
164 636
165 636
166 636
167 636
168 636
169 636
170 636
171 636
172 636
173 636
174 636
175 636
176 636
177 636
178 636
179 636
180 636
181 636
182 636
183 636
184 636
185 636
186 636
187 636
188 636
189 636
190 636
191 636
192 636
193 636
194 636
195 636
196 636
197 636
198 636
199 636
200 636
201 636
202 636
203 636
204 636
205 636
206 636
207 636
208 636
209 636
210 636
211 636
212 636
213 636
214 636
215 636
216 636
217 636
218 636
219 636
220 636
221 636
222 636
223 636
224 636
225 636
226 636
227 636
228 636
229 636
230 636
231 636
232 636
233 636
234 636
235 636
236 636
237 636
238 636
239 636
240 636
241 636
242 636
243 636
244 636
245 636
246 636
247 636
248 636
249 636
250 636
251 636
252 636
253 636
254 636
255 636
256 636
257 636
258 636
259 636
260 636
261 636
262 636
263 636
264 636
265 636
266 636
267 636
268 636
269 636
270 636
271 636
272 636
273 636
274 636
275 636
276 636
277 636
278 636
279 636
280 636
281 636
282 636
283 636
284 636
285 636
286 636
287 636
288 636
289 636
290 636
291 636
292 636
293 636
294 636
295 636
296 636
297 636
298 636
299 636
300 636
301 636
302 636
303 636
304 636
305 636
306 636
307 636
308 636
309 636
310 636
311 636
312 636
313 636
314 636
315 636
316 636
317 636
318 636
319 636
320 636
321 636
322 636
323 636
324 636
325 636
326 636
327 636
328 636
329 636
330 636
331 636
332 636
333 636
334 636
335 636
336 636
337 636
338 636
339 636
340 636
341 636
342 636
343 636
344 636
345 636
346 636
347 636
348 636
349 636
350 636
351 636
352 636
353 636
354 636
355 636
356 636
357 636
358 636
359 636
360 636
361 636
362 636
363 636
364 636
365 636
366 636
367 636
368 636
369 636
370 636
371 636
372 636
373 636
374 636
375 636
376 636
377 636
378 636
379 636
380 636
381 636
382 636
383 636
384 636
385 636
386 636
387 636
388 636
389 636
390 636
391 636
392 636
393 636
394 636
395 636
396 636
397 636
398 636
399 636
400 636
401 636
402 636
403 636
404 636
405 636
406 636
407 636
408 636
409 636
410 636
411 636
412 636
413 636
414 636
415 636
416 636
417 636
418 636
419 636
420 636
421 636
422 636
423 636
424 636
425 636
426 636
427 636
428 636
429 636
430 636
431 636
432 636
433 636
434 636
435 636
436 636
437 636
438 636
439 636
440 636
441 636
442 636
443 636
444 636
445 636
446 636
447 636
448 636
449 636
450 636
451 636
452 636
453 636
454 636
455 636
456 636
457 636
458 636
459 636
460 636
461 636
462 636
463 636
464 636
465 636
466 636
467 636
468 636
469 636
470 636
471 636
472 636
473 636
474 636
475 636
476 636
477 636
478 636
479 636
480 636
481 636
482 636
483 636
484 636
485 636
486 636
487 636
488 636
489 636
490 636
491 636
492 636
493 636
494 636
495 636
496 636
497 636
498 636
499 636
500 636
501 636
502 636
503 636
504 636
505 636
506 636
507 636
508 636
509 636
510 636
511 636
512 636
513 636
514 636
515 636
516 636
517 636
518 636
519 636
520 636
521 636
522 636
523 636
524 636
525 636
526 636
527 636
528 636
529 636
530 636
531 636
532 636
533 636
534 636
535 636
536 636
537 636
538 636
539 636
540 636
541 636
542 636
543 636
544 636
545 636
546 636
547 636
548 636
549 636
550 636
551 636
552 636
553 636
554 636
555 636
556 636
557 636
558 636
559 636
560 636
561 636
562 636
563 636
564 636
565 636
566 636
567 636
568 636
569 636
570 636
571 636
572 636
573 636
574 636
575 636
576 636
577 636
578 636
579 636
580 636
581 636
582 636
583 636
584 636
585 636
586 636
587 636
588 636
589 636
590 636
591 636
592 636
593 636
594 636
595 636
596 636
597 636
598 636
599 636
600 636
601 636
602 636
603 636
604 636
605 636
606 636
607 636
608 636
609 636
610 636
611 636
612 636
613 636
614 636
615 636
616 636
617 636
618 636
619 636
620 636
621 636
622 636
623 636
624 636
625 636
626 636
627 636
628 636
629 636
630 636
631 636
632 636
633 636
634 636
635 636
636 637
