813
812
1 812
2 812
3 812
4 812
5 812
6 812
7 812
8 812
9 812
10 812
11 812
12 812
13 812
14 812
15 812
16 812
17 812
18 812
19 812
20 812
21 812
22 812
23 812
24 812
25 812
26 812
27 812
28 812
29 812
30 812
31 812
32 812
33 812
34 812
35 812
36 812
37 812
38 812
39 812
40 812
41 812
42 812
43 812
44 812
45 812
46 812
47 812
48 812
49 812
50 812
51 812
52 812
53 812
54 812
55 812
56 812
57 812
58 812
59 812
60 812
61 812
62 812
63 812
64 812
65 812
66 812
67 812
68 812
69 812
70 812
71 812
72 812
73 812
74 812
75 812
76 812
77 812
78 812
79 812
80 812
81 812
82 812
83 812
84 812
85 812
86 812
87 812
88 812
89 812
90 812
91 812
92 812
93 812
94 812
95 812
96 812
97 812
98 812
99 812
100 812
101 812
102 812
103 812
104 812
105 812
106 812
107 812
108 812
109 812
110 812
111 812
112 812
113 812
114 812
115 812
116 812
117 812
118 812
119 812
120 812
121 812
122 812
123 812
124 812
125 812
126 812
127 812
128 812
129 812
130 812
131 812
132 812
133 812
134 812
135 812
136 812
137 812
138 812
139 812
140 812
141 812
142 812
143 812
144 812
145 812
146 812
147 812
148 812
149 812
150 812
151 812
152 812
153 812
154 812
155 812
156 812
157 812
158 812
159 812
160 812
161 812
162 812
163 812
164 812
165 812
166 812
167 812
168 812
169 812
170 812
171 812
172 812
173 812
174 812
175 812
176 812
177 812
178 812
179 812
180 812
181 812
182 812
183 812
184 812
185 812
186 812
187 812
188 812
189 812
190 812
191 812
192 812
193 812
194 812
195 812
196 812
197 812
198 812
199 812
200 812
201 812
202 812
203 812
204 812
205 812
206 812
207 812
208 812
209 812
210 812
211 812
212 812
213 812
214 812
215 812
216 812
217 812
218 812
219 812
220 812
221 812
222 812
223 812
224 812
225 812
226 812
227 812
228 812
229 812
230 812
231 812
232 812
233 812
234 812
235 812
236 812
237 812
238 812
239 812
240 812
241 812
242 812
243 812
244 812
245 812
246 812
247 812
248 812
249 812
250 812
251 812
252 812
253 812
254 812
255 812
256 812
257 812
258 812
259 812
260 812
261 812
262 812
263 812
264 812
265 812
266 812
267 812
268 812
269 812
270 812
271 812
272 812
273 812
274 812
275 812
276 812
277 812
278 812
279 812
280 812
281 812
282 812
283 812
284 812
285 812
286 812
287 812
288 812
289 812
290 812
291 812
292 812
293 812
294 812
295 812
296 812
297 812
298 812
299 812
300 812
301 812
302 812
303 812
304 812
305 812
306 812
307 812
308 812
309 812
310 812
311 812
312 812
313 812
314 812
315 812
316 812
317 812
318 812
319 812
320 812
321 812
322 812
323 812
324 812
325 812
326 812
327 812
328 812
329 812
330 812
331 812
332 812
333 812
334 812
335 812
336 812
337 812
338 812
339 812
340 812
341 812
342 812
343 812
344 812
345 812
346 812
347 812
348 812
349 812
350 812
351 812
352 812
353 812
354 812
355 812
356 812
357 812
358 812
359 812
360 812
361 812
362 812
363 812
364 812
365 812
366 812
367 812
368 812
369 812
370 812
371 812
372 812
373 812
374 812
375 812
376 812
377 812
378 812
379 812
380 812
381 812
382 812
383 812
384 812
385 812
386 812
387 812
388 812
389 812
390 812
391 812
392 812
393 812
394 812
395 812
396 812
397 812
398 812
399 812
400 812
401 812
402 812
403 812
404 812
405 812
406 812
407 812
408 812
409 812
410 812
411 812
412 812
413 812
414 812
415 812
416 812
417 812
418 812
419 812
420 812
421 812
422 812
423 812
424 812
425 812
426 812
427 812
428 812
429 812
430 812
431 812
432 812
433 812
434 812
435 812
436 812
437 812
438 812
439 812
440 812
441 812
442 812
443 812
444 812
445 812
446 812
447 812
448 812
449 812
450 812
451 812
452 812
453 812
454 812
455 812
456 812
457 812
458 812
459 812
460 812
461 812
462 812
463 812
464 812
465 812
466 812
467 812
468 812
469 812
470 812
471 812
472 812
473 812
474 812
475 812
476 812
477 812
478 812
479 812
480 812
481 812
482 812
483 812
484 812
485 812
486 812
487 812
488 812
489 812
490 812
491 812
492 812
493 812
494 812
495 812
496 812
497 812
498 812
499 812
500 812
501 812
502 812
503 812
504 812
505 812
506 812
507 812
508 812
509 812
510 812
511 812
512 812
513 812
514 812
515 812
516 812
517 812
518 812
519 812
520 812
521 812
522 812
523 812
524 812
525 812
526 812
527 812
528 812
529 812
530 812
531 812
532 812
533 812
534 812
535 812
536 812
537 812
538 812
539 812
540 812
541 812
542 812
543 812
544 812
545 812
546 812
547 812
548 812
549 812
550 812
551 812
552 812
553 812
554 812
555 812
556 812
557 812
558 812
559 812
560 812
561 812
562 812
563 812
564 812
565 812
566 812
567 812
568 812
569 812
570 812
571 812
572 812
573 812
574 812
575 812
576 812
577 812
578 812
579 812
580 812
581 812
582 812
583 812
584 812
585 812
586 812
587 812
588 812
589 812
590 812
591 812
592 812
593 812
594 812
595 812
596 812
597 812
598 812
599 812
600 812
601 812
602 812
603 812
604 812
605 812
606 812
607 812
608 812
609 812
610 812
611 812
612 812
613 812
614 812
615 812
616 812
617 812
618 812
619 812
620 812
621 812
622 812
623 812
624 812
625 812
626 812
627 812
628 812
629 812
630 812
631 812
632 812
633 812
634 812
635 812
636 812
637 812
638 812
639 812
640 812
641 812
642 812
643 812
644 812
645 812
646 812
647 812
648 812
649 812
650 812
651 812
652 812
653 812
654 812
655 812
656 812
657 812
658 812
659 812
660 812
661 812
662 812
663 812
664 812
665 812
666 812
667 812
668 812
669 812
670 812
671 812
672 812
673 812
674 812
675 812
676 812
677 812
678 812
679 812
680 812
681 812
682 812
683 812
684 812
685 812
686 812
687 812
688 812
689 812
690 812
691 812
692 812
693 812
694 812
695 812
696 812
697 812
698 812
699 812
700 812
701 812
702 812
703 812
704 812
705 812
706 812
707 812
708 812
709 812
710 812
711 812
712 812
713 812
714 812
715 812
716 812
717 812
718 812
719 812
720 812
721 812
722 812
723 812
724 812
725 812
726 812
727 812
728 812
729 812
730 812
731 812
732 812
733 812
734 812
735 812
736 812
737 812
738 812
739 812
740 812
741 812
742 812
743 812
744 812
745 812
746 812
747 812
748 812
749 812
750 812
751 812
752 812
753 812
754 812
755 812
756 812
757 812
758 812
759 812
760 812
761 812
762 812
763 812
764 812
765 812
766 812
767 812
768 812
769 812
770 812
771 812
772 812
773 812
774 812
775 812
776 812
777 812
778 812
779 812
780 812
781 812
782 812
783 812
784 812
785 812
786 812
787 812
788 812
789 812
790 812
791 812
792 812
793 812
794 812
795 812
796 812
797 812
798 812
799 812
800 812
801 812
802 812
803 812
804 812
805 812
806 812
807 812
808 812
809 812
810 812
811 812
812 813
