861
860
1 860
2 860
3 860
4 860
5 860
6 860
7 860
8 860
9 860
10 860
11 860
12 860
13 860
14 860
15 860
16 860
17 860
18 860
19 860
20 860
21 860
22 860
23 860
24 860
25 860
26 860
27 860
28 860
29 860
30 860
31 860
32 860
33 860
34 860
35 860
36 860
37 860
38 860
39 860
40 860
41 860
42 860
43 860
44 860
45 860
46 860
47 860
48 860
49 860
50 860
51 860
52 860
53 860
54 860
55 860
56 860
57 860
58 860
59 860
60 860
61 860
62 860
63 860
64 860
65 860
66 860
67 860
68 860
69 860
70 860
71 860
72 860
73 860
74 860
75 860
76 860
77 860
78 860
79 860
80 860
81 860
82 860
83 860
84 860
85 860
86 860
87 860
88 860
89 860
90 860
91 860
92 860
93 860
94 860
95 860
96 860
97 860
98 860
99 860
100 860
101 860
102 860
103 860
104 860
105 860
106 860
107 860
108 860
109 860
110 860
111 860
112 860
113 860
114 860
115 860
116 860
117 860
118 860
119 860
120 860
121 860
122 860
123 860
124 860
125 860
126 860
127 860
128 860
129 860
130 860
131 860
132 860
133 860
134 860
135 860
136 860
137 860
138 860
139 860
140 860
141 860
142 860
143 860
144 860
145 860
146 860
147 860
148 860
149 860
150 860
151 860
152 860
153 860
154 860
155 860
156 860
157 860
158 860
159 860
160 860
161 860
162 860
163 860
164 860
165 860
166 860
167 860
168 860
169 860
170 860
171 860
172 860
173 860
174 860
175 860
176 860
177 860
178 860
179 860
180 860
181 860
182 860
183 860
184 860
185 860
186 860
187 860
188 860
189 860
190 860
191 860
192 860
193 860
194 860
195 860
196 860
197 860
198 860
199 860
200 860
201 860
202 860
203 860
204 860
205 860
206 860
207 860
208 860
209 860
210 860
211 860
212 860
213 860
214 860
215 860
216 860
217 860
218 860
219 860
220 860
221 860
222 860
223 860
224 860
225 860
226 860
227 860
228 860
229 860
230 860
231 860
232 860
233 860
234 860
235 860
236 860
237 860
238 860
239 860
240 860
241 860
242 860
243 860
244 860
245 860
246 860
247 860
248 860
249 860
250 860
251 860
252 860
253 860
254 860
255 860
256 860
257 860
258 860
259 860
260 860
261 860
262 860
263 860
264 860
265 860
266 860
267 860
268 860
269 860
270 860
271 860
272 860
273 860
274 860
275 860
276 860
277 860
278 860
279 860
280 860
281 860
282 860
283 860
284 860
285 860
286 860
287 860
288 860
289 860
290 860
291 860
292 860
293 860
294 860
295 860
296 860
297 860
298 860
299 860
300 860
301 860
302 860
303 860
304 860
305 860
306 860
307 860
308 860
309 860
310 860
311 860
312 860
313 860
314 860
315 860
316 860
317 860
318 860
319 860
320 860
321 860
322 860
323 860
324 860
325 860
326 860
327 860
328 860
329 860
330 860
331 860
332 860
333 860
334 860
335 860
336 860
337 860
338 860
339 860
340 860
341 860
342 860
343 860
344 860
345 860
346 860
347 860
348 860
349 860
350 860
351 860
352 860
353 860
354 860
355 860
356 860
357 860
358 860
359 860
360 860
361 860
362 860
363 860
364 860
365 860
366 860
367 860
368 860
369 860
370 860
371 860
372 860
373 860
374 860
375 860
376 860
377 860
378 860
379 860
380 860
381 860
382 860
383 860
384 860
385 860
386 860
387 860
388 860
389 860
390 860
391 860
392 860
393 860
394 860
395 860
396 860
397 860
398 860
399 860
400 860
401 860
402 860
403 860
404 860
405 860
406 860
407 860
408 860
409 860
410 860
411 860
412 860
413 860
414 860
415 860
416 860
417 860
418 860
419 860
420 860
421 860
422 860
423 860
424 860
425 860
426 860
427 860
428 860
429 860
430 860
431 860
432 860
433 860
434 860
435 860
436 860
437 860
438 860
439 860
440 860
441 860
442 860
443 860
444 860
445 860
446 860
447 860
448 860
449 860
450 860
451 860
452 860
453 860
454 860
455 860
456 860
457 860
458 860
459 860
460 860
461 860
462 860
463 860
464 860
465 860
466 860
467 860
468 860
469 860
470 860
471 860
472 860
473 860
474 860
475 860
476 860
477 860
478 860
479 860
480 860
481 860
482 860
483 860
484 860
485 860
486 860
487 860
488 860
489 860
490 860
491 860
492 860
493 860
494 860
495 860
496 860
497 860
498 860
499 860
500 860
501 860
502 860
503 860
504 860
505 860
506 860
507 860
508 860
509 860
510 860
511 860
512 860
513 860
514 860
515 860
516 860
517 860
518 860
519 860
520 860
521 860
522 860
523 860
524 860
525 860
526 860
527 860
528 860
529 860
530 860
531 860
532 860
533 860
534 860
535 860
536 860
537 860
538 860
539 860
540 860
541 860
542 860
543 860
544 860
545 860
546 860
547 860
548 860
549 860
550 860
551 860
552 860
553 860
554 860
555 860
556 860
557 860
558 860
559 860
560 860
561 860
562 860
563 860
564 860
565 860
566 860
567 860
568 860
569 860
570 860
571 860
572 860
573 860
574 860
575 860
576 860
577 860
578 860
579 860
580 860
581 860
582 860
583 860
584 860
585 860
586 860
587 860
588 860
589 860
590 860
591 860
592 860
593 860
594 860
595 860
596 860
597 860
598 860
599 860
600 860
601 860
602 860
603 860
604 860
605 860
606 860
607 860
608 860
609 860
610 860
611 860
612 860
613 860
614 860
615 860
616 860
617 860
618 860
619 860
620 860
621 860
622 860
623 860
624 860
625 860
626 860
627 860
628 860
629 860
630 860
631 860
632 860
633 860
634 860
635 860
636 860
637 860
638 860
639 860
640 860
641 860
642 860
643 860
644 860
645 860
646 860
647 860
648 860
649 860
650 860
651 860
652 860
653 860
654 860
655 860
656 860
657 860
658 860
659 860
660 860
661 860
662 860
663 860
664 860
665 860
666 860
667 860
668 860
669 860
670 860
671 860
672 860
673 860
674 860
675 860
676 860
677 860
678 860
679 860
680 860
681 860
682 860
683 860
684 860
685 860
686 860
687 860
688 860
689 860
690 860
691 860
692 860
693 860
694 860
695 860
696 860
697 860
698 860
699 860
700 860
701 860
702 860
703 860
704 860
705 860
706 860
707 860
708 860
709 860
710 860
711 860
712 860
713 860
714 860
715 860
716 860
717 860
718 860
719 860
720 860
721 860
722 860
723 860
724 860
725 860
726 860
727 860
728 860
729 860
730 860
731 860
732 860
733 860
734 860
735 860
736 860
737 860
738 860
739 860
740 860
741 860
742 860
743 860
744 860
745 860
746 860
747 860
748 860
749 860
750 860
751 860
752 860
753 860
754 860
755 860
756 860
757 860
758 860
759 860
760 860
761 860
762 860
763 860
764 860
765 860
766 860
767 860
768 860
769 860
770 860
771 860
772 860
773 860
774 860
775 860
776 860
777 860
778 860
779 860
780 860
781 860
782 860
783 860
784 860
785 860
786 860
787 860
788 860
789 860
790 860
791 860
792 860
793 860
794 860
795 860
796 860
797 860
798 860
799 860
800 860
801 860
802 860
803 860
804 860
805 860
806 860
807 860
808 860
809 860
810 860
811 860
812 860
813 860
814 860
815 860
816 860
817 860
818 860
819 860
820 860
821 860
822 860
823 860
824 860
825 860
826 860
827 860
828 860
829 860
830 860
831 860
832 860
833 860
834 860
835 860
836 860
837 860
838 860
839 860
840 860
841 860
842 860
843 860
844 860
845 860
846 860
847 860
848 860
849 860
850 860
851 860
852 860
853 860
854 860
855 860
856 860
857 860
858 860
859 860
860 861
