860
859
1 859
2 859
3 859
4 859
5 859
6 859
7 859
8 859
9 859
10 859
11 859
12 859
13 859
14 859
15 859
16 859
17 859
18 859
19 859
20 859
21 859
22 859
23 859
24 859
25 859
26 859
27 859
28 859
29 859
30 859
31 859
32 859
33 859
34 859
35 859
36 859
37 859
38 859
39 859
40 859
41 859
42 859
43 859
44 859
45 859
46 859
47 859
48 859
49 859
50 859
51 859
52 859
53 859
54 859
55 859
56 859
57 859
58 859
59 859
60 859
61 859
62 859
63 859
64 859
65 859
66 859
67 859
68 859
69 859
70 859
71 859
72 859
73 859
74 859
75 859
76 859
77 859
78 859
79 859
80 859
81 859
82 859
83 859
84 859
85 859
86 859
87 859
88 859
89 859
90 859
91 859
92 859
93 859
94 859
95 859
96 859
97 859
98 859
99 859
100 859
101 859
102 859
103 859
104 859
105 859
106 859
107 859
108 859
109 859
110 859
111 859
112 859
113 859
114 859
115 859
116 859
117 859
118 859
119 859
120 859
121 859
122 859
123 859
124 859
125 859
126 859
127 859
128 859
129 859
130 859
131 859
132 859
133 859
134 859
135 859
136 859
137 859
138 859
139 859
140 859
141 859
142 859
143 859
144 859
145 859
146 859
147 859
148 859
149 859
150 859
151 859
152 859
153 859
154 859
155 859
156 859
157 859
158 859
159 859
160 859
161 859
162 859
163 859
164 859
165 859
166 859
167 859
168 859
169 859
170 859
171 859
172 859
173 859
174 859
175 859
176 859
177 859
178 859
179 859
180 859
181 859
182 859
183 859
184 859
185 859
186 859
187 859
188 859
189 859
190 859
191 859
192 859
193 859
194 859
195 859
196 859
197 859
198 859
199 859
200 859
201 859
202 859
203 859
204 859
205 859
206 859
207 859
208 859
209 859
210 859
211 859
212 859
213 859
214 859
215 859
216 859
217 859
218 859
219 859
220 859
221 859
222 859
223 859
224 859
225 859
226 859
227 859
228 859
229 859
230 859
231 859
232 859
233 859
234 859
235 859
236 859
237 859
238 859
239 859
240 859
241 859
242 859
243 859
244 859
245 859
246 859
247 859
248 859
249 859
250 859
251 859
252 859
253 859
254 859
255 859
256 859
257 859
258 859
259 859
260 859
261 859
262 859
263 859
264 859
265 859
266 859
267 859
268 859
269 859
270 859
271 859
272 859
273 859
274 859
275 859
276 859
277 859
278 859
279 859
280 859
281 859
282 859
283 859
284 859
285 859
286 859
287 859
288 859
289 859
290 859
291 859
292 859
293 859
294 859
295 859
296 859
297 859
298 859
299 859
300 859
301 859
302 859
303 859
304 859
305 859
306 859
307 859
308 859
309 859
310 859
311 859
312 859
313 859
314 859
315 859
316 859
317 859
318 859
319 859
320 859
321 859
322 859
323 859
324 859
325 859
326 859
327 859
328 859
329 859
330 859
331 859
332 859
333 859
334 859
335 859
336 859
337 859
338 859
339 859
340 859
341 859
342 859
343 859
344 859
345 859
346 859
347 859
348 859
349 859
350 859
351 859
352 859
353 859
354 859
355 859
356 859
357 859
358 859
359 859
360 859
361 859
362 859
363 859
364 859
365 859
366 859
367 859
368 859
369 859
370 859
371 859
372 859
373 859
374 859
375 859
376 859
377 859
378 859
379 859
380 859
381 859
382 859
383 859
384 859
385 859
386 859
387 859
388 859
389 859
390 859
391 859
392 859
393 859
394 859
395 859
396 859
397 859
398 859
399 859
400 859
401 859
402 859
403 859
404 859
405 859
406 859
407 859
408 859
409 859
410 859
411 859
412 859
413 859
414 859
415 859
416 859
417 859
418 859
419 859
420 859
421 859
422 859
423 859
424 859
425 859
426 859
427 859
428 859
429 859
430 859
431 859
432 859
433 859
434 859
435 859
436 859
437 859
438 859
439 859
440 859
441 859
442 859
443 859
444 859
445 859
446 859
447 859
448 859
449 859
450 859
451 859
452 859
453 859
454 859
455 859
456 859
457 859
458 859
459 859
460 859
461 859
462 859
463 859
464 859
465 859
466 859
467 859
468 859
469 859
470 859
471 859
472 859
473 859
474 859
475 859
476 859
477 859
478 859
479 859
480 859
481 859
482 859
483 859
484 859
485 859
486 859
487 859
488 859
489 859
490 859
491 859
492 859
493 859
494 859
495 859
496 859
497 859
498 859
499 859
500 859
501 859
502 859
503 859
504 859
505 859
506 859
507 859
508 859
509 859
510 859
511 859
512 859
513 859
514 859
515 859
516 859
517 859
518 859
519 859
520 859
521 859
522 859
523 859
524 859
525 859
526 859
527 859
528 859
529 859
530 859
531 859
532 859
533 859
534 859
535 859
536 859
537 859
538 859
539 859
540 859
541 859
542 859
543 859
544 859
545 859
546 859
547 859
548 859
549 859
550 859
551 859
552 859
553 859
554 859
555 859
556 859
557 859
558 859
559 859
560 859
561 859
562 859
563 859
564 859
565 859
566 859
567 859
568 859
569 859
570 859
571 859
572 859
573 859
574 859
575 859
576 859
577 859
578 859
579 859
580 859
581 859
582 859
583 859
584 859
585 859
586 859
587 859
588 859
589 859
590 859
591 859
592 859
593 859
594 859
595 859
596 859
597 859
598 859
599 859
600 859
601 859
602 859
603 859
604 859
605 859
606 859
607 859
608 859
609 859
610 859
611 859
612 859
613 859
614 859
615 859
616 859
617 859
618 859
619 859
620 859
621 859
622 859
623 859
624 859
625 859
626 859
627 859
628 859
629 859
630 859
631 859
632 859
633 859
634 859
635 859
636 859
637 859
638 859
639 859
640 859
641 859
642 859
643 859
644 859
645 859
646 859
647 859
648 859
649 859
650 859
651 859
652 859
653 859
654 859
655 859
656 859
657 859
658 859
659 859
660 859
661 859
662 859
663 859
664 859
665 859
666 859
667 859
668 859
669 859
670 859
671 859
672 859
673 859
674 859
675 859
676 859
677 859
678 859
679 859
680 859
681 859
682 859
683 859
684 859
685 859
686 859
687 859
688 859
689 859
690 859
691 859
692 859
693 859
694 859
695 859
696 859
697 859
698 859
699 859
700 859
701 859
702 859
703 859
704 859
705 859
706 859
707 859
708 859
709 859
710 859
711 859
712 859
713 859
714 859
715 859
716 859
717 859
718 859
719 859
720 859
721 859
722 859
723 859
724 859
725 859
726 859
727 859
728 859
729 859
730 859
731 859
732 859
733 859
734 859
735 859
736 859
737 859
738 859
739 859
740 859
741 859
742 859
743 859
744 859
745 859
746 859
747 859
748 859
749 859
750 859
751 859
752 859
753 859
754 859
755 859
756 859
757 859
758 859
759 859
760 859
761 859
762 859
763 859
764 859
765 859
766 859
767 859
768 859
769 859
770 859
771 859
772 859
773 859
774 859
775 859
776 859
777 859
778 859
779 859
780 859
781 859
782 859
783 859
784 859
785 859
786 859
787 859
788 859
789 859
790 859
791 859
792 859
793 859
794 859
795 859
796 859
797 859
798 859
799 859
800 859
801 859
802 859
803 859
804 859
805 859
806 859
807 859
808 859
809 859
810 859
811 859
812 859
813 859
814 859
815 859
816 859
817 859
818 859
819 859
820 859
821 859
822 859
823 859
824 859
825 859
826 859
827 859
828 859
829 859
830 859
831 859
832 859
833 859
834 859
835 859
836 859
837 859
838 859
839 859
840 859
841 859
842 859
843 859
844 859
845 859
846 859
847 859
848 859
849 859
850 859
851 859
852 859
853 859
854 859
855 859
856 859
857 859
858 859
859 860
