663
662
1 662
2 662
3 662
4 662
5 662
6 662
7 662
8 662
9 662
10 662
11 662
12 662
13 662
14 662
15 662
16 662
17 662
18 662
19 662
20 662
21 662
22 662
23 662
24 662
25 662
26 662
27 662
28 662
29 662
30 662
31 662
32 662
33 662
34 662
35 662
36 662
37 662
38 662
39 662
40 662
41 662
42 662
43 662
44 662
45 662
46 662
47 662
48 662
49 662
50 662
51 662
52 662
53 662
54 662
55 662
56 662
57 662
58 662
59 662
60 662
61 662
62 662
63 662
64 662
65 662
66 662
67 662
68 662
69 662
70 662
71 662
72 662
73 662
74 662
75 662
76 662
77 662
78 662
79 662
80 662
81 662
82 662
83 662
84 662
85 662
86 662
87 662
88 662
89 662
90 662
91 662
92 662
93 662
94 662
95 662
96 662
97 662
98 662
99 662
100 662
101 662
102 662
103 662
104 662
105 662
106 662
107 662
108 662
109 662
110 662
111 662
112 662
113 662
114 662
115 662
116 662
117 662
118 662
119 662
120 662
121 662
122 662
123 662
124 662
125 662
126 662
127 662
128 662
129 662
130 662
131 662
132 662
133 662
134 662
135 662
136 662
137 662
138 662
139 662
140 662
141 662
142 662
143 662
144 662
145 662
146 662
147 662
148 662
149 662
150 662
151 662
152 662
153 662
154 662
155 662
156 662
157 662
158 662
159 662
160 662
161 662
162 662
163 662
164 662
165 662
166 662
167 662
168 662
169 662
170 662
171 662
172 662
173 662
174 662
175 662
176 662
177 662
178 662
179 662
180 662
181 662
182 662
183 662
184 662
185 662
186 662
187 662
188 662
189 662
190 662
191 662
192 662
193 662
194 662
195 662
196 662
197 662
198 662
199 662
200 662
201 662
202 662
203 662
204 662
205 662
206 662
207 662
208 662
209 662
210 662
211 662
212 662
213 662
214 662
215 662
216 662
217 662
218 662
219 662
220 662
221 662
222 662
223 662
224 662
225 662
226 662
227 662
228 662
229 662
230 662
231 662
232 662
233 662
234 662
235 662
236 662
237 662
238 662
239 662
240 662
241 662
242 662
243 662
244 662
245 662
246 662
247 662
248 662
249 662
250 662
251 662
252 662
253 662
254 662
255 662
256 662
257 662
258 662
259 662
260 662
261 662
262 662
263 662
264 662
265 662
266 662
267 662
268 662
269 662
270 662
271 662
272 662
273 662
274 662
275 662
276 662
277 662
278 662
279 662
280 662
281 662
282 662
283 662
284 662
285 662
286 662
287 662
288 662
289 662
290 662
291 662
292 662
293 662
294 662
295 662
296 662
297 662
298 662
299 662
300 662
301 662
302 662
303 662
304 662
305 662
306 662
307 662
308 662
309 662
310 662
311 662
312 662
313 662
314 662
315 662
316 662
317 662
318 662
319 662
320 662
321 662
322 662
323 662
324 662
325 662
326 662
327 662
328 662
329 662
330 662
331 662
332 662
333 662
334 662
335 662
336 662
337 662
338 662
339 662
340 662
341 662
342 662
343 662
344 662
345 662
346 662
347 662
348 662
349 662
350 662
351 662
352 662
353 662
354 662
355 662
356 662
357 662
358 662
359 662
360 662
361 662
362 662
363 662
364 662
365 662
366 662
367 662
368 662
369 662
370 662
371 662
372 662
373 662
374 662
375 662
376 662
377 662
378 662
379 662
380 662
381 662
382 662
383 662
384 662
385 662
386 662
387 662
388 662
389 662
390 662
391 662
392 662
393 662
394 662
395 662
396 662
397 662
398 662
399 662
400 662
401 662
402 662
403 662
404 662
405 662
406 662
407 662
408 662
409 662
410 662
411 662
412 662
413 662
414 662
415 662
416 662
417 662
418 662
419 662
420 662
421 662
422 662
423 662
424 662
425 662
426 662
427 662
428 662
429 662
430 662
431 662
432 662
433 662
434 662
435 662
436 662
437 662
438 662
439 662
440 662
441 662
442 662
443 662
444 662
445 662
446 662
447 662
448 662
449 662
450 662
451 662
452 662
453 662
454 662
455 662
456 662
457 662
458 662
459 662
460 662
461 662
462 662
463 662
464 662
465 662
466 662
467 662
468 662
469 662
470 662
471 662
472 662
473 662
474 662
475 662
476 662
477 662
478 662
479 662
480 662
481 662
482 662
483 662
484 662
485 662
486 662
487 662
488 662
489 662
490 662
491 662
492 662
493 662
494 662
495 662
496 662
497 662
498 662
499 662
500 662
501 662
502 662
503 662
504 662
505 662
506 662
507 662
508 662
509 662
510 662
511 662
512 662
513 662
514 662
515 662
516 662
517 662
518 662
519 662
520 662
521 662
522 662
523 662
524 662
525 662
526 662
527 662
528 662
529 662
530 662
531 662
532 662
533 662
534 662
535 662
536 662
537 662
538 662
539 662
540 662
541 662
542 662
543 662
544 662
545 662
546 662
547 662
548 662
549 662
550 662
551 662
552 662
553 662
554 662
555 662
556 662
557 662
558 662
559 662
560 662
561 662
562 662
563 662
564 662
565 662
566 662
567 662
568 662
569 662
570 662
571 662
572 662
573 662
574 662
575 662
576 662
577 662
578 662
579 662
580 662
581 662
582 662
583 662
584 662
585 662
586 662
587 662
588 662
589 662
590 662
591 662
592 662
593 662
594 662
595 662
596 662
597 662
598 662
599 662
600 662
601 662
602 662
603 662
604 662
605 662
606 662
607 662
608 662
609 662
610 662
611 662
612 662
613 662
614 662
615 662
616 662
617 662
618 662
619 662
620 662
621 662
622 662
623 662
624 662
625 662
626 662
627 662
628 662
629 662
630 662
631 662
632 662
633 662
634 662
635 662
636 662
637 662
638 662
639 662
640 662
641 662
642 662
643 662
644 662
645 662
646 662
647 662
648 662
649 662
650 662
651 662
652 662
653 662
654 662
655 662
656 662
657 662
658 662
659 662
660 662
661 662
662 663
