914
913
1 913
2 913
3 913
4 913
5 913
6 913
7 913
8 913
9 913
10 913
11 913
12 913
13 913
14 913
15 913
16 913
17 913
18 913
19 913
20 913
21 913
22 913
23 913
24 913
25 913
26 913
27 913
28 913
29 913
30 913
31 913
32 913
33 913
34 913
35 913
36 913
37 913
38 913
39 913
40 913
41 913
42 913
43 913
44 913
45 913
46 913
47 913
48 913
49 913
50 913
51 913
52 913
53 913
54 913
55 913
56 913
57 913
58 913
59 913
60 913
61 913
62 913
63 913
64 913
65 913
66 913
67 913
68 913
69 913
70 913
71 913
72 913
73 913
74 913
75 913
76 913
77 913
78 913
79 913
80 913
81 913
82 913
83 913
84 913
85 913
86 913
87 913
88 913
89 913
90 913
91 913
92 913
93 913
94 913
95 913
96 913
97 913
98 913
99 913
100 913
101 913
102 913
103 913
104 913
105 913
106 913
107 913
108 913
109 913
110 913
111 913
112 913
113 913
114 913
115 913
116 913
117 913
118 913
119 913
120 913
121 913
122 913
123 913
124 913
125 913
126 913
127 913
128 913
129 913
130 913
131 913
132 913
133 913
134 913
135 913
136 913
137 913
138 913
139 913
140 913
141 913
142 913
143 913
144 913
145 913
146 913
147 913
148 913
149 913
150 913
151 913
152 913
153 913
154 913
155 913
156 913
157 913
158 913
159 913
160 913
161 913
162 913
163 913
164 913
165 913
166 913
167 913
168 913
169 913
170 913
171 913
172 913
173 913
174 913
175 913
176 913
177 913
178 913
179 913
180 913
181 913
182 913
183 913
184 913
185 913
186 913
187 913
188 913
189 913
190 913
191 913
192 913
193 913
194 913
195 913
196 913
197 913
198 913
199 913
200 913
201 913
202 913
203 913
204 913
205 913
206 913
207 913
208 913
209 913
210 913
211 913
212 913
213 913
214 913
215 913
216 913
217 913
218 913
219 913
220 913
221 913
222 913
223 913
224 913
225 913
226 913
227 913
228 913
229 913
230 913
231 913
232 913
233 913
234 913
235 913
236 913
237 913
238 913
239 913
240 913
241 913
242 913
243 913
244 913
245 913
246 913
247 913
248 913
249 913
250 913
251 913
252 913
253 913
254 913
255 913
256 913
257 913
258 913
259 913
260 913
261 913
262 913
263 913
264 913
265 913
266 913
267 913
268 913
269 913
270 913
271 913
272 913
273 913
274 913
275 913
276 913
277 913
278 913
279 913
280 913
281 913
282 913
283 913
284 913
285 913
286 913
287 913
288 913
289 913
290 913
291 913
292 913
293 913
294 913
295 913
296 913
297 913
298 913
299 913
300 913
301 913
302 913
303 913
304 913
305 913
306 913
307 913
308 913
309 913
310 913
311 913
312 913
313 913
314 913
315 913
316 913
317 913
318 913
319 913
320 913
321 913
322 913
323 913
324 913
325 913
326 913
327 913
328 913
329 913
330 913
331 913
332 913
333 913
334 913
335 913
336 913
337 913
338 913
339 913
340 913
341 913
342 913
343 913
344 913
345 913
346 913
347 913
348 913
349 913
350 913
351 913
352 913
353 913
354 913
355 913
356 913
357 913
358 913
359 913
360 913
361 913
362 913
363 913
364 913
365 913
366 913
367 913
368 913
369 913
370 913
371 913
372 913
373 913
374 913
375 913
376 913
377 913
378 913
379 913
380 913
381 913
382 913
383 913
384 913
385 913
386 913
387 913
388 913
389 913
390 913
391 913
392 913
393 913
394 913
395 913
396 913
397 913
398 913
399 913
400 913
401 913
402 913
403 913
404 913
405 913
406 913
407 913
408 913
409 913
410 913
411 913
412 913
413 913
414 913
415 913
416 913
417 913
418 913
419 913
420 913
421 913
422 913
423 913
424 913
425 913
426 913
427 913
428 913
429 913
430 913
431 913
432 913
433 913
434 913
435 913
436 913
437 913
438 913
439 913
440 913
441 913
442 913
443 913
444 913
445 913
446 913
447 913
448 913
449 913
450 913
451 913
452 913
453 913
454 913
455 913
456 913
457 913
458 913
459 913
460 913
461 913
462 913
463 913
464 913
465 913
466 913
467 913
468 913
469 913
470 913
471 913
472 913
473 913
474 913
475 913
476 913
477 913
478 913
479 913
480 913
481 913
482 913
483 913
484 913
485 913
486 913
487 913
488 913
489 913
490 913
491 913
492 913
493 913
494 913
495 913
496 913
497 913
498 913
499 913
500 913
501 913
502 913
503 913
504 913
505 913
506 913
507 913
508 913
509 913
510 913
511 913
512 913
513 913
514 913
515 913
516 913
517 913
518 913
519 913
520 913
521 913
522 913
523 913
524 913
525 913
526 913
527 913
528 913
529 913
530 913
531 913
532 913
533 913
534 913
535 913
536 913
537 913
538 913
539 913
540 913
541 913
542 913
543 913
544 913
545 913
546 913
547 913
548 913
549 913
550 913
551 913
552 913
553 913
554 913
555 913
556 913
557 913
558 913
559 913
560 913
561 913
562 913
563 913
564 913
565 913
566 913
567 913
568 913
569 913
570 913
571 913
572 913
573 913
574 913
575 913
576 913
577 913
578 913
579 913
580 913
581 913
582 913
583 913
584 913
585 913
586 913
587 913
588 913
589 913
590 913
591 913
592 913
593 913
594 913
595 913
596 913
597 913
598 913
599 913
600 913
601 913
602 913
603 913
604 913
605 913
606 913
607 913
608 913
609 913
610 913
611 913
612 913
613 913
614 913
615 913
616 913
617 913
618 913
619 913
620 913
621 913
622 913
623 913
624 913
625 913
626 913
627 913
628 913
629 913
630 913
631 913
632 913
633 913
634 913
635 913
636 913
637 913
638 913
639 913
640 913
641 913
642 913
643 913
644 913
645 913
646 913
647 913
648 913
649 913
650 913
651 913
652 913
653 913
654 913
655 913
656 913
657 913
658 913
659 913
660 913
661 913
662 913
663 913
664 913
665 913
666 913
667 913
668 913
669 913
670 913
671 913
672 913
673 913
674 913
675 913
676 913
677 913
678 913
679 913
680 913
681 913
682 913
683 913
684 913
685 913
686 913
687 913
688 913
689 913
690 913
691 913
692 913
693 913
694 913
695 913
696 913
697 913
698 913
699 913
700 913
701 913
702 913
703 913
704 913
705 913
706 913
707 913
708 913
709 913
710 913
711 913
712 913
713 913
714 913
715 913
716 913
717 913
718 913
719 913
720 913
721 913
722 913
723 913
724 913
725 913
726 913
727 913
728 913
729 913
730 913
731 913
732 913
733 913
734 913
735 913
736 913
737 913
738 913
739 913
740 913
741 913
742 913
743 913
744 913
745 913
746 913
747 913
748 913
749 913
750 913
751 913
752 913
753 913
754 913
755 913
756 913
757 913
758 913
759 913
760 913
761 913
762 913
763 913
764 913
765 913
766 913
767 913
768 913
769 913
770 913
771 913
772 913
773 913
774 913
775 913
776 913
777 913
778 913
779 913
780 913
781 913
782 913
783 913
784 913
785 913
786 913
787 913
788 913
789 913
790 913
791 913
792 913
793 913
794 913
795 913
796 913
797 913
798 913
799 913
800 913
801 913
802 913
803 913
804 913
805 913
806 913
807 913
808 913
809 913
810 913
811 913
812 913
813 913
814 913
815 913
816 913
817 913
818 913
819 913
820 913
821 913
822 913
823 913
824 913
825 913
826 913
827 913
828 913
829 913
830 913
831 913
832 913
833 913
834 913
835 913
836 913
837 913
838 913
839 913
840 913
841 913
842 913
843 913
844 913
845 913
846 913
847 913
848 913
849 913
850 913
851 913
852 913
853 913
854 913
855 913
856 913
857 913
858 913
859 913
860 913
861 913
862 913
863 913
864 913
865 913
866 913
867 913
868 913
869 913
870 913
871 913
872 913
873 913
874 913
875 913
876 913
877 913
878 913
879 913
880 913
881 913
882 913
883 913
884 913
885 913
886 913
887 913
888 913
889 913
890 913
891 913
892 913
893 913
894 913
895 913
896 913
897 913
898 913
899 913
900 913
901 913
902 913
903 913
904 913
905 913
906 913
907 913
908 913
909 913
910 913
911 913
912 913
913 914
