980
979
1 979
2 979
3 979
4 979
5 979
6 979
7 979
8 979
9 979
10 979
11 979
12 979
13 979
14 979
15 979
16 979
17 979
18 979
19 979
20 979
21 979
22 979
23 979
24 979
25 979
26 979
27 979
28 979
29 979
30 979
31 979
32 979
33 979
34 979
35 979
36 979
37 979
38 979
39 979
40 979
41 979
42 979
43 979
44 979
45 979
46 979
47 979
48 979
49 979
50 979
51 979
52 979
53 979
54 979
55 979
56 979
57 979
58 979
59 979
60 979
61 979
62 979
63 979
64 979
65 979
66 979
67 979
68 979
69 979
70 979
71 979
72 979
73 979
74 979
75 979
76 979
77 979
78 979
79 979
80 979
81 979
82 979
83 979
84 979
85 979
86 979
87 979
88 979
89 979
90 979
91 979
92 979
93 979
94 979
95 979
96 979
97 979
98 979
99 979
100 979
101 979
102 979
103 979
104 979
105 979
106 979
107 979
108 979
109 979
110 979
111 979
112 979
113 979
114 979
115 979
116 979
117 979
118 979
119 979
120 979
121 979
122 979
123 979
124 979
125 979
126 979
127 979
128 979
129 979
130 979
131 979
132 979
133 979
134 979
135 979
136 979
137 979
138 979
139 979
140 979
141 979
142 979
143 979
144 979
145 979
146 979
147 979
148 979
149 979
150 979
151 979
152 979
153 979
154 979
155 979
156 979
157 979
158 979
159 979
160 979
161 979
162 979
163 979
164 979
165 979
166 979
167 979
168 979
169 979
170 979
171 979
172 979
173 979
174 979
175 979
176 979
177 979
178 979
179 979
180 979
181 979
182 979
183 979
184 979
185 979
186 979
187 979
188 979
189 979
190 979
191 979
192 979
193 979
194 979
195 979
196 979
197 979
198 979
199 979
200 979
201 979
202 979
203 979
204 979
205 979
206 979
207 979
208 979
209 979
210 979
211 979
212 979
213 979
214 979
215 979
216 979
217 979
218 979
219 979
220 979
221 979
222 979
223 979
224 979
225 979
226 979
227 979
228 979
229 979
230 979
231 979
232 979
233 979
234 979
235 979
236 979
237 979
238 979
239 979
240 979
241 979
242 979
243 979
244 979
245 979
246 979
247 979
248 979
249 979
250 979
251 979
252 979
253 979
254 979
255 979
256 979
257 979
258 979
259 979
260 979
261 979
262 979
263 979
264 979
265 979
266 979
267 979
268 979
269 979
270 979
271 979
272 979
273 979
274 979
275 979
276 979
277 979
278 979
279 979
280 979
281 979
282 979
283 979
284 979
285 979
286 979
287 979
288 979
289 979
290 979
291 979
292 979
293 979
294 979
295 979
296 979
297 979
298 979
299 979
300 979
301 979
302 979
303 979
304 979
305 979
306 979
307 979
308 979
309 979
310 979
311 979
312 979
313 979
314 979
315 979
316 979
317 979
318 979
319 979
320 979
321 979
322 979
323 979
324 979
325 979
326 979
327 979
328 979
329 979
330 979
331 979
332 979
333 979
334 979
335 979
336 979
337 979
338 979
339 979
340 979
341 979
342 979
343 979
344 979
345 979
346 979
347 979
348 979
349 979
350 979
351 979
352 979
353 979
354 979
355 979
356 979
357 979
358 979
359 979
360 979
361 979
362 979
363 979
364 979
365 979
366 979
367 979
368 979
369 979
370 979
371 979
372 979
373 979
374 979
375 979
376 979
377 979
378 979
379 979
380 979
381 979
382 979
383 979
384 979
385 979
386 979
387 979
388 979
389 979
390 979
391 979
392 979
393 979
394 979
395 979
396 979
397 979
398 979
399 979
400 979
401 979
402 979
403 979
404 979
405 979
406 979
407 979
408 979
409 979
410 979
411 979
412 979
413 979
414 979
415 979
416 979
417 979
418 979
419 979
420 979
421 979
422 979
423 979
424 979
425 979
426 979
427 979
428 979
429 979
430 979
431 979
432 979
433 979
434 979
435 979
436 979
437 979
438 979
439 979
440 979
441 979
442 979
443 979
444 979
445 979
446 979
447 979
448 979
449 979
450 979
451 979
452 979
453 979
454 979
455 979
456 979
457 979
458 979
459 979
460 979
461 979
462 979
463 979
464 979
465 979
466 979
467 979
468 979
469 979
470 979
471 979
472 979
473 979
474 979
475 979
476 979
477 979
478 979
479 979
480 979
481 979
482 979
483 979
484 979
485 979
486 979
487 979
488 979
489 979
490 979
491 979
492 979
493 979
494 979
495 979
496 979
497 979
498 979
499 979
500 979
501 979
502 979
503 979
504 979
505 979
506 979
507 979
508 979
509 979
510 979
511 979
512 979
513 979
514 979
515 979
516 979
517 979
518 979
519 979
520 979
521 979
522 979
523 979
524 979
525 979
526 979
527 979
528 979
529 979
530 979
531 979
532 979
533 979
534 979
535 979
536 979
537 979
538 979
539 979
540 979
541 979
542 979
543 979
544 979
545 979
546 979
547 979
548 979
549 979
550 979
551 979
552 979
553 979
554 979
555 979
556 979
557 979
558 979
559 979
560 979
561 979
562 979
563 979
564 979
565 979
566 979
567 979
568 979
569 979
570 979
571 979
572 979
573 979
574 979
575 979
576 979
577 979
578 979
579 979
580 979
581 979
582 979
583 979
584 979
585 979
586 979
587 979
588 979
589 979
590 979
591 979
592 979
593 979
594 979
595 979
596 979
597 979
598 979
599 979
600 979
601 979
602 979
603 979
604 979
605 979
606 979
607 979
608 979
609 979
610 979
611 979
612 979
613 979
614 979
615 979
616 979
617 979
618 979
619 979
620 979
621 979
622 979
623 979
624 979
625 979
626 979
627 979
628 979
629 979
630 979
631 979
632 979
633 979
634 979
635 979
636 979
637 979
638 979
639 979
640 979
641 979
642 979
643 979
644 979
645 979
646 979
647 979
648 979
649 979
650 979
651 979
652 979
653 979
654 979
655 979
656 979
657 979
658 979
659 979
660 979
661 979
662 979
663 979
664 979
665 979
666 979
667 979
668 979
669 979
670 979
671 979
672 979
673 979
674 979
675 979
676 979
677 979
678 979
679 979
680 979
681 979
682 979
683 979
684 979
685 979
686 979
687 979
688 979
689 979
690 979
691 979
692 979
693 979
694 979
695 979
696 979
697 979
698 979
699 979
700 979
701 979
702 979
703 979
704 979
705 979
706 979
707 979
708 979
709 979
710 979
711 979
712 979
713 979
714 979
715 979
716 979
717 979
718 979
719 979
720 979
721 979
722 979
723 979
724 979
725 979
726 979
727 979
728 979
729 979
730 979
731 979
732 979
733 979
734 979
735 979
736 979
737 979
738 979
739 979
740 979
741 979
742 979
743 979
744 979
745 979
746 979
747 979
748 979
749 979
750 979
751 979
752 979
753 979
754 979
755 979
756 979
757 979
758 979
759 979
760 979
761 979
762 979
763 979
764 979
765 979
766 979
767 979
768 979
769 979
770 979
771 979
772 979
773 979
774 979
775 979
776 979
777 979
778 979
779 979
780 979
781 979
782 979
783 979
784 979
785 979
786 979
787 979
788 979
789 979
790 979
791 979
792 979
793 979
794 979
795 979
796 979
797 979
798 979
799 979
800 979
801 979
802 979
803 979
804 979
805 979
806 979
807 979
808 979
809 979
810 979
811 979
812 979
813 979
814 979
815 979
816 979
817 979
818 979
819 979
820 979
821 979
822 979
823 979
824 979
825 979
826 979
827 979
828 979
829 979
830 979
831 979
832 979
833 979
834 979
835 979
836 979
837 979
838 979
839 979
840 979
841 979
842 979
843 979
844 979
845 979
846 979
847 979
848 979
849 979
850 979
851 979
852 979
853 979
854 979
855 979
856 979
857 979
858 979
859 979
860 979
861 979
862 979
863 979
864 979
865 979
866 979
867 979
868 979
869 979
870 979
871 979
872 979
873 979
874 979
875 979
876 979
877 979
878 979
879 979
880 979
881 979
882 979
883 979
884 979
885 979
886 979
887 979
888 979
889 979
890 979
891 979
892 979
893 979
894 979
895 979
896 979
897 979
898 979
899 979
900 979
901 979
902 979
903 979
904 979
905 979
906 979
907 979
908 979
909 979
910 979
911 979
912 979
913 979
914 979
915 979
916 979
917 979
918 979
919 979
920 979
921 979
922 979
923 979
924 979
925 979
926 979
927 979
928 979
929 979
930 979
931 979
932 979
933 979
934 979
935 979
936 979
937 979
938 979
939 979
940 979
941 979
942 979
943 979
944 979
945 979
946 979
947 979
948 979
949 979
950 979
951 979
952 979
953 979
954 979
955 979
956 979
957 979
958 979
959 979
960 979
961 979
962 979
963 979
964 979
965 979
966 979
967 979
968 979
969 979
970 979
971 979
972 979
973 979
974 979
975 979
976 979
977 979
978 979
979 980
