656
655
1 655
2 655
3 655
4 655
5 655
6 655
7 655
8 655
9 655
10 655
11 655
12 655
13 655
14 655
15 655
16 655
17 655
18 655
19 655
20 655
21 655
22 655
23 655
24 655
25 655
26 655
27 655
28 655
29 655
30 655
31 655
32 655
33 655
34 655
35 655
36 655
37 655
38 655
39 655
40 655
41 655
42 655
43 655
44 655
45 655
46 655
47 655
48 655
49 655
50 655
51 655
52 655
53 655
54 655
55 655
56 655
57 655
58 655
59 655
60 655
61 655
62 655
63 655
64 655
65 655
66 655
67 655
68 655
69 655
70 655
71 655
72 655
73 655
74 655
75 655
76 655
77 655
78 655
79 655
80 655
81 655
82 655
83 655
84 655
85 655
86 655
87 655
88 655
89 655
90 655
91 655
92 655
93 655
94 655
95 655
96 655
97 655
98 655
99 655
100 655
101 655
102 655
103 655
104 655
105 655
106 655
107 655
108 655
109 655
110 655
111 655
112 655
113 655
114 655
115 655
116 655
117 655
118 655
119 655
120 655
121 655
122 655
123 655
124 655
125 655
126 655
127 655
128 655
129 655
130 655
131 655
132 655
133 655
134 655
135 655
136 655
137 655
138 655
139 655
140 655
141 655
142 655
143 655
144 655
145 655
146 655
147 655
148 655
149 655
150 655
151 655
152 655
153 655
154 655
155 655
156 655
157 655
158 655
159 655
160 655
161 655
162 655
163 655
164 655
165 655
166 655
167 655
168 655
169 655
170 655
171 655
172 655
173 655
174 655
175 655
176 655
177 655
178 655
179 655
180 655
181 655
182 655
183 655
184 655
185 655
186 655
187 655
188 655
189 655
190 655
191 655
192 655
193 655
194 655
195 655
196 655
197 655
198 655
199 655
200 655
201 655
202 655
203 655
204 655
205 655
206 655
207 655
208 655
209 655
210 655
211 655
212 655
213 655
214 655
215 655
216 655
217 655
218 655
219 655
220 655
221 655
222 655
223 655
224 655
225 655
226 655
227 655
228 655
229 655
230 655
231 655
232 655
233 655
234 655
235 655
236 655
237 655
238 655
239 655
240 655
241 655
242 655
243 655
244 655
245 655
246 655
247 655
248 655
249 655
250 655
251 655
252 655
253 655
254 655
255 655
256 655
257 655
258 655
259 655
260 655
261 655
262 655
263 655
264 655
265 655
266 655
267 655
268 655
269 655
270 655
271 655
272 655
273 655
274 655
275 655
276 655
277 655
278 655
279 655
280 655
281 655
282 655
283 655
284 655
285 655
286 655
287 655
288 655
289 655
290 655
291 655
292 655
293 655
294 655
295 655
296 655
297 655
298 655
299 655
300 655
301 655
302 655
303 655
304 655
305 655
306 655
307 655
308 655
309 655
310 655
311 655
312 655
313 655
314 655
315 655
316 655
317 655
318 655
319 655
320 655
321 655
322 655
323 655
324 655
325 655
326 655
327 655
328 655
329 655
330 655
331 655
332 655
333 655
334 655
335 655
336 655
337 655
338 655
339 655
340 655
341 655
342 655
343 655
344 655
345 655
346 655
347 655
348 655
349 655
350 655
351 655
352 655
353 655
354 655
355 655
356 655
357 655
358 655
359 655
360 655
361 655
362 655
363 655
364 655
365 655
366 655
367 655
368 655
369 655
370 655
371 655
372 655
373 655
374 655
375 655
376 655
377 655
378 655
379 655
380 655
381 655
382 655
383 655
384 655
385 655
386 655
387 655
388 655
389 655
390 655
391 655
392 655
393 655
394 655
395 655
396 655
397 655
398 655
399 655
400 655
401 655
402 655
403 655
404 655
405 655
406 655
407 655
408 655
409 655
410 655
411 655
412 655
413 655
414 655
415 655
416 655
417 655
418 655
419 655
420 655
421 655
422 655
423 655
424 655
425 655
426 655
427 655
428 655
429 655
430 655
431 655
432 655
433 655
434 655
435 655
436 655
437 655
438 655
439 655
440 655
441 655
442 655
443 655
444 655
445 655
446 655
447 655
448 655
449 655
450 655
451 655
452 655
453 655
454 655
455 655
456 655
457 655
458 655
459 655
460 655
461 655
462 655
463 655
464 655
465 655
466 655
467 655
468 655
469 655
470 655
471 655
472 655
473 655
474 655
475 655
476 655
477 655
478 655
479 655
480 655
481 655
482 655
483 655
484 655
485 655
486 655
487 655
488 655
489 655
490 655
491 655
492 655
493 655
494 655
495 655
496 655
497 655
498 655
499 655
500 655
501 655
502 655
503 655
504 655
505 655
506 655
507 655
508 655
509 655
510 655
511 655
512 655
513 655
514 655
515 655
516 655
517 655
518 655
519 655
520 655
521 655
522 655
523 655
524 655
525 655
526 655
527 655
528 655
529 655
530 655
531 655
532 655
533 655
534 655
535 655
536 655
537 655
538 655
539 655
540 655
541 655
542 655
543 655
544 655
545 655
546 655
547 655
548 655
549 655
550 655
551 655
552 655
553 655
554 655
555 655
556 655
557 655
558 655
559 655
560 655
561 655
562 655
563 655
564 655
565 655
566 655
567 655
568 655
569 655
570 655
571 655
572 655
573 655
574 655
575 655
576 655
577 655
578 655
579 655
580 655
581 655
582 655
583 655
584 655
585 655
586 655
587 655
588 655
589 655
590 655
591 655
592 655
593 655
594 655
595 655
596 655
597 655
598 655
599 655
600 655
601 655
602 655
603 655
604 655
605 655
606 655
607 655
608 655
609 655
610 655
611 655
612 655
613 655
614 655
615 655
616 655
617 655
618 655
619 655
620 655
621 655
622 655
623 655
624 655
625 655
626 655
627 655
628 655
629 655
630 655
631 655
632 655
633 655
634 655
635 655
636 655
637 655
638 655
639 655
640 655
641 655
642 655
643 655
644 655
645 655
646 655
647 655
648 655
649 655
650 655
651 655
652 655
653 655
654 655
655 656
