537
536
1 536
2 536
3 536
4 536
5 536
6 536
7 536
8 536
9 536
10 536
11 536
12 536
13 536
14 536
15 536
16 536
17 536
18 536
19 536
20 536
21 536
22 536
23 536
24 536
25 536
26 536
27 536
28 536
29 536
30 536
31 536
32 536
33 536
34 536
35 536
36 536
37 536
38 536
39 536
40 536
41 536
42 536
43 536
44 536
45 536
46 536
47 536
48 536
49 536
50 536
51 536
52 536
53 536
54 536
55 536
56 536
57 536
58 536
59 536
60 536
61 536
62 536
63 536
64 536
65 536
66 536
67 536
68 536
69 536
70 536
71 536
72 536
73 536
74 536
75 536
76 536
77 536
78 536
79 536
80 536
81 536
82 536
83 536
84 536
85 536
86 536
87 536
88 536
89 536
90 536
91 536
92 536
93 536
94 536
95 536
96 536
97 536
98 536
99 536
100 536
101 536
102 536
103 536
104 536
105 536
106 536
107 536
108 536
109 536
110 536
111 536
112 536
113 536
114 536
115 536
116 536
117 536
118 536
119 536
120 536
121 536
122 536
123 536
124 536
125 536
126 536
127 536
128 536
129 536
130 536
131 536
132 536
133 536
134 536
135 536
136 536
137 536
138 536
139 536
140 536
141 536
142 536
143 536
144 536
145 536
146 536
147 536
148 536
149 536
150 536
151 536
152 536
153 536
154 536
155 536
156 536
157 536
158 536
159 536
160 536
161 536
162 536
163 536
164 536
165 536
166 536
167 536
168 536
169 536
170 536
171 536
172 536
173 536
174 536
175 536
176 536
177 536
178 536
179 536
180 536
181 536
182 536
183 536
184 536
185 536
186 536
187 536
188 536
189 536
190 536
191 536
192 536
193 536
194 536
195 536
196 536
197 536
198 536
199 536
200 536
201 536
202 536
203 536
204 536
205 536
206 536
207 536
208 536
209 536
210 536
211 536
212 536
213 536
214 536
215 536
216 536
217 536
218 536
219 536
220 536
221 536
222 536
223 536
224 536
225 536
226 536
227 536
228 536
229 536
230 536
231 536
232 536
233 536
234 536
235 536
236 536
237 536
238 536
239 536
240 536
241 536
242 536
243 536
244 536
245 536
246 536
247 536
248 536
249 536
250 536
251 536
252 536
253 536
254 536
255 536
256 536
257 536
258 536
259 536
260 536
261 536
262 536
263 536
264 536
265 536
266 536
267 536
268 536
269 536
270 536
271 536
272 536
273 536
274 536
275 536
276 536
277 536
278 536
279 536
280 536
281 536
282 536
283 536
284 536
285 536
286 536
287 536
288 536
289 536
290 536
291 536
292 536
293 536
294 536
295 536
296 536
297 536
298 536
299 536
300 536
301 536
302 536
303 536
304 536
305 536
306 536
307 536
308 536
309 536
310 536
311 536
312 536
313 536
314 536
315 536
316 536
317 536
318 536
319 536
320 536
321 536
322 536
323 536
324 536
325 536
326 536
327 536
328 536
329 536
330 536
331 536
332 536
333 536
334 536
335 536
336 536
337 536
338 536
339 536
340 536
341 536
342 536
343 536
344 536
345 536
346 536
347 536
348 536
349 536
350 536
351 536
352 536
353 536
354 536
355 536
356 536
357 536
358 536
359 536
360 536
361 536
362 536
363 536
364 536
365 536
366 536
367 536
368 536
369 536
370 536
371 536
372 536
373 536
374 536
375 536
376 536
377 536
378 536
379 536
380 536
381 536
382 536
383 536
384 536
385 536
386 536
387 536
388 536
389 536
390 536
391 536
392 536
393 536
394 536
395 536
396 536
397 536
398 536
399 536
400 536
401 536
402 536
403 536
404 536
405 536
406 536
407 536
408 536
409 536
410 536
411 536
412 536
413 536
414 536
415 536
416 536
417 536
418 536
419 536
420 536
421 536
422 536
423 536
424 536
425 536
426 536
427 536
428 536
429 536
430 536
431 536
432 536
433 536
434 536
435 536
436 536
437 536
438 536
439 536
440 536
441 536
442 536
443 536
444 536
445 536
446 536
447 536
448 536
449 536
450 536
451 536
452 536
453 536
454 536
455 536
456 536
457 536
458 536
459 536
460 536
461 536
462 536
463 536
464 536
465 536
466 536
467 536
468 536
469 536
470 536
471 536
472 536
473 536
474 536
475 536
476 536
477 536
478 536
479 536
480 536
481 536
482 536
483 536
484 536
485 536
486 536
487 536
488 536
489 536
490 536
491 536
492 536
493 536
494 536
495 536
496 536
497 536
498 536
499 536
500 536
501 536
502 536
503 536
504 536
505 536
506 536
507 536
508 536
509 536
510 536
511 536
512 536
513 536
514 536
515 536
516 536
517 536
518 536
519 536
520 536
521 536
522 536
523 536
524 536
525 536
526 536
527 536
528 536
529 536
530 536
531 536
532 536
533 536
534 536
535 536
536 537
