985
984
1 984
2 984
3 984
4 984
5 984
6 984
7 984
8 984
9 984
10 984
11 984
12 984
13 984
14 984
15 984
16 984
17 984
18 984
19 984
20 984
21 984
22 984
23 984
24 984
25 984
26 984
27 984
28 984
29 984
30 984
31 984
32 984
33 984
34 984
35 984
36 984
37 984
38 984
39 984
40 984
41 984
42 984
43 984
44 984
45 984
46 984
47 984
48 984
49 984
50 984
51 984
52 984
53 984
54 984
55 984
56 984
57 984
58 984
59 984
60 984
61 984
62 984
63 984
64 984
65 984
66 984
67 984
68 984
69 984
70 984
71 984
72 984
73 984
74 984
75 984
76 984
77 984
78 984
79 984
80 984
81 984
82 984
83 984
84 984
85 984
86 984
87 984
88 984
89 984
90 984
91 984
92 984
93 984
94 984
95 984
96 984
97 984
98 984
99 984
100 984
101 984
102 984
103 984
104 984
105 984
106 984
107 984
108 984
109 984
110 984
111 984
112 984
113 984
114 984
115 984
116 984
117 984
118 984
119 984
120 984
121 984
122 984
123 984
124 984
125 984
126 984
127 984
128 984
129 984
130 984
131 984
132 984
133 984
134 984
135 984
136 984
137 984
138 984
139 984
140 984
141 984
142 984
143 984
144 984
145 984
146 984
147 984
148 984
149 984
150 984
151 984
152 984
153 984
154 984
155 984
156 984
157 984
158 984
159 984
160 984
161 984
162 984
163 984
164 984
165 984
166 984
167 984
168 984
169 984
170 984
171 984
172 984
173 984
174 984
175 984
176 984
177 984
178 984
179 984
180 984
181 984
182 984
183 984
184 984
185 984
186 984
187 984
188 984
189 984
190 984
191 984
192 984
193 984
194 984
195 984
196 984
197 984
198 984
199 984
200 984
201 984
202 984
203 984
204 984
205 984
206 984
207 984
208 984
209 984
210 984
211 984
212 984
213 984
214 984
215 984
216 984
217 984
218 984
219 984
220 984
221 984
222 984
223 984
224 984
225 984
226 984
227 984
228 984
229 984
230 984
231 984
232 984
233 984
234 984
235 984
236 984
237 984
238 984
239 984
240 984
241 984
242 984
243 984
244 984
245 984
246 984
247 984
248 984
249 984
250 984
251 984
252 984
253 984
254 984
255 984
256 984
257 984
258 984
259 984
260 984
261 984
262 984
263 984
264 984
265 984
266 984
267 984
268 984
269 984
270 984
271 984
272 984
273 984
274 984
275 984
276 984
277 984
278 984
279 984
280 984
281 984
282 984
283 984
284 984
285 984
286 984
287 984
288 984
289 984
290 984
291 984
292 984
293 984
294 984
295 984
296 984
297 984
298 984
299 984
300 984
301 984
302 984
303 984
304 984
305 984
306 984
307 984
308 984
309 984
310 984
311 984
312 984
313 984
314 984
315 984
316 984
317 984
318 984
319 984
320 984
321 984
322 984
323 984
324 984
325 984
326 984
327 984
328 984
329 984
330 984
331 984
332 984
333 984
334 984
335 984
336 984
337 984
338 984
339 984
340 984
341 984
342 984
343 984
344 984
345 984
346 984
347 984
348 984
349 984
350 984
351 984
352 984
353 984
354 984
355 984
356 984
357 984
358 984
359 984
360 984
361 984
362 984
363 984
364 984
365 984
366 984
367 984
368 984
369 984
370 984
371 984
372 984
373 984
374 984
375 984
376 984
377 984
378 984
379 984
380 984
381 984
382 984
383 984
384 984
385 984
386 984
387 984
388 984
389 984
390 984
391 984
392 984
393 984
394 984
395 984
396 984
397 984
398 984
399 984
400 984
401 984
402 984
403 984
404 984
405 984
406 984
407 984
408 984
409 984
410 984
411 984
412 984
413 984
414 984
415 984
416 984
417 984
418 984
419 984
420 984
421 984
422 984
423 984
424 984
425 984
426 984
427 984
428 984
429 984
430 984
431 984
432 984
433 984
434 984
435 984
436 984
437 984
438 984
439 984
440 984
441 984
442 984
443 984
444 984
445 984
446 984
447 984
448 984
449 984
450 984
451 984
452 984
453 984
454 984
455 984
456 984
457 984
458 984
459 984
460 984
461 984
462 984
463 984
464 984
465 984
466 984
467 984
468 984
469 984
470 984
471 984
472 984
473 984
474 984
475 984
476 984
477 984
478 984
479 984
480 984
481 984
482 984
483 984
484 984
485 984
486 984
487 984
488 984
489 984
490 984
491 984
492 984
493 984
494 984
495 984
496 984
497 984
498 984
499 984
500 984
501 984
502 984
503 984
504 984
505 984
506 984
507 984
508 984
509 984
510 984
511 984
512 984
513 984
514 984
515 984
516 984
517 984
518 984
519 984
520 984
521 984
522 984
523 984
524 984
525 984
526 984
527 984
528 984
529 984
530 984
531 984
532 984
533 984
534 984
535 984
536 984
537 984
538 984
539 984
540 984
541 984
542 984
543 984
544 984
545 984
546 984
547 984
548 984
549 984
550 984
551 984
552 984
553 984
554 984
555 984
556 984
557 984
558 984
559 984
560 984
561 984
562 984
563 984
564 984
565 984
566 984
567 984
568 984
569 984
570 984
571 984
572 984
573 984
574 984
575 984
576 984
577 984
578 984
579 984
580 984
581 984
582 984
583 984
584 984
585 984
586 984
587 984
588 984
589 984
590 984
591 984
592 984
593 984
594 984
595 984
596 984
597 984
598 984
599 984
600 984
601 984
602 984
603 984
604 984
605 984
606 984
607 984
608 984
609 984
610 984
611 984
612 984
613 984
614 984
615 984
616 984
617 984
618 984
619 984
620 984
621 984
622 984
623 984
624 984
625 984
626 984
627 984
628 984
629 984
630 984
631 984
632 984
633 984
634 984
635 984
636 984
637 984
638 984
639 984
640 984
641 984
642 984
643 984
644 984
645 984
646 984
647 984
648 984
649 984
650 984
651 984
652 984
653 984
654 984
655 984
656 984
657 984
658 984
659 984
660 984
661 984
662 984
663 984
664 984
665 984
666 984
667 984
668 984
669 984
670 984
671 984
672 984
673 984
674 984
675 984
676 984
677 984
678 984
679 984
680 984
681 984
682 984
683 984
684 984
685 984
686 984
687 984
688 984
689 984
690 984
691 984
692 984
693 984
694 984
695 984
696 984
697 984
698 984
699 984
700 984
701 984
702 984
703 984
704 984
705 984
706 984
707 984
708 984
709 984
710 984
711 984
712 984
713 984
714 984
715 984
716 984
717 984
718 984
719 984
720 984
721 984
722 984
723 984
724 984
725 984
726 984
727 984
728 984
729 984
730 984
731 984
732 984
733 984
734 984
735 984
736 984
737 984
738 984
739 984
740 984
741 984
742 984
743 984
744 984
745 984
746 984
747 984
748 984
749 984
750 984
751 984
752 984
753 984
754 984
755 984
756 984
757 984
758 984
759 984
760 984
761 984
762 984
763 984
764 984
765 984
766 984
767 984
768 984
769 984
770 984
771 984
772 984
773 984
774 984
775 984
776 984
777 984
778 984
779 984
780 984
781 984
782 984
783 984
784 984
785 984
786 984
787 984
788 984
789 984
790 984
791 984
792 984
793 984
794 984
795 984
796 984
797 984
798 984
799 984
800 984
801 984
802 984
803 984
804 984
805 984
806 984
807 984
808 984
809 984
810 984
811 984
812 984
813 984
814 984
815 984
816 984
817 984
818 984
819 984
820 984
821 984
822 984
823 984
824 984
825 984
826 984
827 984
828 984
829 984
830 984
831 984
832 984
833 984
834 984
835 984
836 984
837 984
838 984
839 984
840 984
841 984
842 984
843 984
844 984
845 984
846 984
847 984
848 984
849 984
850 984
851 984
852 984
853 984
854 984
855 984
856 984
857 984
858 984
859 984
860 984
861 984
862 984
863 984
864 984
865 984
866 984
867 984
868 984
869 984
870 984
871 984
872 984
873 984
874 984
875 984
876 984
877 984
878 984
879 984
880 984
881 984
882 984
883 984
884 984
885 984
886 984
887 984
888 984
889 984
890 984
891 984
892 984
893 984
894 984
895 984
896 984
897 984
898 984
899 984
900 984
901 984
902 984
903 984
904 984
905 984
906 984
907 984
908 984
909 984
910 984
911 984
912 984
913 984
914 984
915 984
916 984
917 984
918 984
919 984
920 984
921 984
922 984
923 984
924 984
925 984
926 984
927 984
928 984
929 984
930 984
931 984
932 984
933 984
934 984
935 984
936 984
937 984
938 984
939 984
940 984
941 984
942 984
943 984
944 984
945 984
946 984
947 984
948 984
949 984
950 984
951 984
952 984
953 984
954 984
955 984
956 984
957 984
958 984
959 984
960 984
961 984
962 984
963 984
964 984
965 984
966 984
967 984
968 984
969 984
970 984
971 984
972 984
973 984
974 984
975 984
976 984
977 984
978 984
979 984
980 984
981 984
982 984
983 984
984 985
