527
526
1 526
2 526
3 526
4 526
5 526
6 526
7 526
8 526
9 526
10 526
11 526
12 526
13 526
14 526
15 526
16 526
17 526
18 526
19 526
20 526
21 526
22 526
23 526
24 526
25 526
26 526
27 526
28 526
29 526
30 526
31 526
32 526
33 526
34 526
35 526
36 526
37 526
38 526
39 526
40 526
41 526
42 526
43 526
44 526
45 526
46 526
47 526
48 526
49 526
50 526
51 526
52 526
53 526
54 526
55 526
56 526
57 526
58 526
59 526
60 526
61 526
62 526
63 526
64 526
65 526
66 526
67 526
68 526
69 526
70 526
71 526
72 526
73 526
74 526
75 526
76 526
77 526
78 526
79 526
80 526
81 526
82 526
83 526
84 526
85 526
86 526
87 526
88 526
89 526
90 526
91 526
92 526
93 526
94 526
95 526
96 526
97 526
98 526
99 526
100 526
101 526
102 526
103 526
104 526
105 526
106 526
107 526
108 526
109 526
110 526
111 526
112 526
113 526
114 526
115 526
116 526
117 526
118 526
119 526
120 526
121 526
122 526
123 526
124 526
125 526
126 526
127 526
128 526
129 526
130 526
131 526
132 526
133 526
134 526
135 526
136 526
137 526
138 526
139 526
140 526
141 526
142 526
143 526
144 526
145 526
146 526
147 526
148 526
149 526
150 526
151 526
152 526
153 526
154 526
155 526
156 526
157 526
158 526
159 526
160 526
161 526
162 526
163 526
164 526
165 526
166 526
167 526
168 526
169 526
170 526
171 526
172 526
173 526
174 526
175 526
176 526
177 526
178 526
179 526
180 526
181 526
182 526
183 526
184 526
185 526
186 526
187 526
188 526
189 526
190 526
191 526
192 526
193 526
194 526
195 526
196 526
197 526
198 526
199 526
200 526
201 526
202 526
203 526
204 526
205 526
206 526
207 526
208 526
209 526
210 526
211 526
212 526
213 526
214 526
215 526
216 526
217 526
218 526
219 526
220 526
221 526
222 526
223 526
224 526
225 526
226 526
227 526
228 526
229 526
230 526
231 526
232 526
233 526
234 526
235 526
236 526
237 526
238 526
239 526
240 526
241 526
242 526
243 526
244 526
245 526
246 526
247 526
248 526
249 526
250 526
251 526
252 526
253 526
254 526
255 526
256 526
257 526
258 526
259 526
260 526
261 526
262 526
263 526
264 526
265 526
266 526
267 526
268 526
269 526
270 526
271 526
272 526
273 526
274 526
275 526
276 526
277 526
278 526
279 526
280 526
281 526
282 526
283 526
284 526
285 526
286 526
287 526
288 526
289 526
290 526
291 526
292 526
293 526
294 526
295 526
296 526
297 526
298 526
299 526
300 526
301 526
302 526
303 526
304 526
305 526
306 526
307 526
308 526
309 526
310 526
311 526
312 526
313 526
314 526
315 526
316 526
317 526
318 526
319 526
320 526
321 526
322 526
323 526
324 526
325 526
326 526
327 526
328 526
329 526
330 526
331 526
332 526
333 526
334 526
335 526
336 526
337 526
338 526
339 526
340 526
341 526
342 526
343 526
344 526
345 526
346 526
347 526
348 526
349 526
350 526
351 526
352 526
353 526
354 526
355 526
356 526
357 526
358 526
359 526
360 526
361 526
362 526
363 526
364 526
365 526
366 526
367 526
368 526
369 526
370 526
371 526
372 526
373 526
374 526
375 526
376 526
377 526
378 526
379 526
380 526
381 526
382 526
383 526
384 526
385 526
386 526
387 526
388 526
389 526
390 526
391 526
392 526
393 526
394 526
395 526
396 526
397 526
398 526
399 526
400 526
401 526
402 526
403 526
404 526
405 526
406 526
407 526
408 526
409 526
410 526
411 526
412 526
413 526
414 526
415 526
416 526
417 526
418 526
419 526
420 526
421 526
422 526
423 526
424 526
425 526
426 526
427 526
428 526
429 526
430 526
431 526
432 526
433 526
434 526
435 526
436 526
437 526
438 526
439 526
440 526
441 526
442 526
443 526
444 526
445 526
446 526
447 526
448 526
449 526
450 526
451 526
452 526
453 526
454 526
455 526
456 526
457 526
458 526
459 526
460 526
461 526
462 526
463 526
464 526
465 526
466 526
467 526
468 526
469 526
470 526
471 526
472 526
473 526
474 526
475 526
476 526
477 526
478 526
479 526
480 526
481 526
482 526
483 526
484 526
485 526
486 526
487 526
488 526
489 526
490 526
491 526
492 526
493 526
494 526
495 526
496 526
497 526
498 526
499 526
500 526
501 526
502 526
503 526
504 526
505 526
506 526
507 526
508 526
509 526
510 526
511 526
512 526
513 526
514 526
515 526
516 526
517 526
518 526
519 526
520 526
521 526
522 526
523 526
524 526
525 526
526 527
