698
697
1 697
2 697
3 697
4 697
5 697
6 697
7 697
8 697
9 697
10 697
11 697
12 697
13 697
14 697
15 697
16 697
17 697
18 697
19 697
20 697
21 697
22 697
23 697
24 697
25 697
26 697
27 697
28 697
29 697
30 697
31 697
32 697
33 697
34 697
35 697
36 697
37 697
38 697
39 697
40 697
41 697
42 697
43 697
44 697
45 697
46 697
47 697
48 697
49 697
50 697
51 697
52 697
53 697
54 697
55 697
56 697
57 697
58 697
59 697
60 697
61 697
62 697
63 697
64 697
65 697
66 697
67 697
68 697
69 697
70 697
71 697
72 697
73 697
74 697
75 697
76 697
77 697
78 697
79 697
80 697
81 697
82 697
83 697
84 697
85 697
86 697
87 697
88 697
89 697
90 697
91 697
92 697
93 697
94 697
95 697
96 697
97 697
98 697
99 697
100 697
101 697
102 697
103 697
104 697
105 697
106 697
107 697
108 697
109 697
110 697
111 697
112 697
113 697
114 697
115 697
116 697
117 697
118 697
119 697
120 697
121 697
122 697
123 697
124 697
125 697
126 697
127 697
128 697
129 697
130 697
131 697
132 697
133 697
134 697
135 697
136 697
137 697
138 697
139 697
140 697
141 697
142 697
143 697
144 697
145 697
146 697
147 697
148 697
149 697
150 697
151 697
152 697
153 697
154 697
155 697
156 697
157 697
158 697
159 697
160 697
161 697
162 697
163 697
164 697
165 697
166 697
167 697
168 697
169 697
170 697
171 697
172 697
173 697
174 697
175 697
176 697
177 697
178 697
179 697
180 697
181 697
182 697
183 697
184 697
185 697
186 697
187 697
188 697
189 697
190 697
191 697
192 697
193 697
194 697
195 697
196 697
197 697
198 697
199 697
200 697
201 697
202 697
203 697
204 697
205 697
206 697
207 697
208 697
209 697
210 697
211 697
212 697
213 697
214 697
215 697
216 697
217 697
218 697
219 697
220 697
221 697
222 697
223 697
224 697
225 697
226 697
227 697
228 697
229 697
230 697
231 697
232 697
233 697
234 697
235 697
236 697
237 697
238 697
239 697
240 697
241 697
242 697
243 697
244 697
245 697
246 697
247 697
248 697
249 697
250 697
251 697
252 697
253 697
254 697
255 697
256 697
257 697
258 697
259 697
260 697
261 697
262 697
263 697
264 697
265 697
266 697
267 697
268 697
269 697
270 697
271 697
272 697
273 697
274 697
275 697
276 697
277 697
278 697
279 697
280 697
281 697
282 697
283 697
284 697
285 697
286 697
287 697
288 697
289 697
290 697
291 697
292 697
293 697
294 697
295 697
296 697
297 697
298 697
299 697
300 697
301 697
302 697
303 697
304 697
305 697
306 697
307 697
308 697
309 697
310 697
311 697
312 697
313 697
314 697
315 697
316 697
317 697
318 697
319 697
320 697
321 697
322 697
323 697
324 697
325 697
326 697
327 697
328 697
329 697
330 697
331 697
332 697
333 697
334 697
335 697
336 697
337 697
338 697
339 697
340 697
341 697
342 697
343 697
344 697
345 697
346 697
347 697
348 697
349 697
350 697
351 697
352 697
353 697
354 697
355 697
356 697
357 697
358 697
359 697
360 697
361 697
362 697
363 697
364 697
365 697
366 697
367 697
368 697
369 697
370 697
371 697
372 697
373 697
374 697
375 697
376 697
377 697
378 697
379 697
380 697
381 697
382 697
383 697
384 697
385 697
386 697
387 697
388 697
389 697
390 697
391 697
392 697
393 697
394 697
395 697
396 697
397 697
398 697
399 697
400 697
401 697
402 697
403 697
404 697
405 697
406 697
407 697
408 697
409 697
410 697
411 697
412 697
413 697
414 697
415 697
416 697
417 697
418 697
419 697
420 697
421 697
422 697
423 697
424 697
425 697
426 697
427 697
428 697
429 697
430 697
431 697
432 697
433 697
434 697
435 697
436 697
437 697
438 697
439 697
440 697
441 697
442 697
443 697
444 697
445 697
446 697
447 697
448 697
449 697
450 697
451 697
452 697
453 697
454 697
455 697
456 697
457 697
458 697
459 697
460 697
461 697
462 697
463 697
464 697
465 697
466 697
467 697
468 697
469 697
470 697
471 697
472 697
473 697
474 697
475 697
476 697
477 697
478 697
479 697
480 697
481 697
482 697
483 697
484 697
485 697
486 697
487 697
488 697
489 697
490 697
491 697
492 697
493 697
494 697
495 697
496 697
497 697
498 697
499 697
500 697
501 697
502 697
503 697
504 697
505 697
506 697
507 697
508 697
509 697
510 697
511 697
512 697
513 697
514 697
515 697
516 697
517 697
518 697
519 697
520 697
521 697
522 697
523 697
524 697
525 697
526 697
527 697
528 697
529 697
530 697
531 697
532 697
533 697
534 697
535 697
536 697
537 697
538 697
539 697
540 697
541 697
542 697
543 697
544 697
545 697
546 697
547 697
548 697
549 697
550 697
551 697
552 697
553 697
554 697
555 697
556 697
557 697
558 697
559 697
560 697
561 697
562 697
563 697
564 697
565 697
566 697
567 697
568 697
569 697
570 697
571 697
572 697
573 697
574 697
575 697
576 697
577 697
578 697
579 697
580 697
581 697
582 697
583 697
584 697
585 697
586 697
587 697
588 697
589 697
590 697
591 697
592 697
593 697
594 697
595 697
596 697
597 697
598 697
599 697
600 697
601 697
602 697
603 697
604 697
605 697
606 697
607 697
608 697
609 697
610 697
611 697
612 697
613 697
614 697
615 697
616 697
617 697
618 697
619 697
620 697
621 697
622 697
623 697
624 697
625 697
626 697
627 697
628 697
629 697
630 697
631 697
632 697
633 697
634 697
635 697
636 697
637 697
638 697
639 697
640 697
641 697
642 697
643 697
644 697
645 697
646 697
647 697
648 697
649 697
650 697
651 697
652 697
653 697
654 697
655 697
656 697
657 697
658 697
659 697
660 697
661 697
662 697
663 697
664 697
665 697
666 697
667 697
668 697
669 697
670 697
671 697
672 697
673 697
674 697
675 697
676 697
677 697
678 697
679 697
680 697
681 697
682 697
683 697
684 697
685 697
686 697
687 697
688 697
689 697
690 697
691 697
692 697
693 697
694 697
695 697
696 697
697 698
