742
741
1 741
2 741
3 741
4 741
5 741
6 741
7 741
8 741
9 741
10 741
11 741
12 741
13 741
14 741
15 741
16 741
17 741
18 741
19 741
20 741
21 741
22 741
23 741
24 741
25 741
26 741
27 741
28 741
29 741
30 741
31 741
32 741
33 741
34 741
35 741
36 741
37 741
38 741
39 741
40 741
41 741
42 741
43 741
44 741
45 741
46 741
47 741
48 741
49 741
50 741
51 741
52 741
53 741
54 741
55 741
56 741
57 741
58 741
59 741
60 741
61 741
62 741
63 741
64 741
65 741
66 741
67 741
68 741
69 741
70 741
71 741
72 741
73 741
74 741
75 741
76 741
77 741
78 741
79 741
80 741
81 741
82 741
83 741
84 741
85 741
86 741
87 741
88 741
89 741
90 741
91 741
92 741
93 741
94 741
95 741
96 741
97 741
98 741
99 741
100 741
101 741
102 741
103 741
104 741
105 741
106 741
107 741
108 741
109 741
110 741
111 741
112 741
113 741
114 741
115 741
116 741
117 741
118 741
119 741
120 741
121 741
122 741
123 741
124 741
125 741
126 741
127 741
128 741
129 741
130 741
131 741
132 741
133 741
134 741
135 741
136 741
137 741
138 741
139 741
140 741
141 741
142 741
143 741
144 741
145 741
146 741
147 741
148 741
149 741
150 741
151 741
152 741
153 741
154 741
155 741
156 741
157 741
158 741
159 741
160 741
161 741
162 741
163 741
164 741
165 741
166 741
167 741
168 741
169 741
170 741
171 741
172 741
173 741
174 741
175 741
176 741
177 741
178 741
179 741
180 741
181 741
182 741
183 741
184 741
185 741
186 741
187 741
188 741
189 741
190 741
191 741
192 741
193 741
194 741
195 741
196 741
197 741
198 741
199 741
200 741
201 741
202 741
203 741
204 741
205 741
206 741
207 741
208 741
209 741
210 741
211 741
212 741
213 741
214 741
215 741
216 741
217 741
218 741
219 741
220 741
221 741
222 741
223 741
224 741
225 741
226 741
227 741
228 741
229 741
230 741
231 741
232 741
233 741
234 741
235 741
236 741
237 741
238 741
239 741
240 741
241 741
242 741
243 741
244 741
245 741
246 741
247 741
248 741
249 741
250 741
251 741
252 741
253 741
254 741
255 741
256 741
257 741
258 741
259 741
260 741
261 741
262 741
263 741
264 741
265 741
266 741
267 741
268 741
269 741
270 741
271 741
272 741
273 741
274 741
275 741
276 741
277 741
278 741
279 741
280 741
281 741
282 741
283 741
284 741
285 741
286 741
287 741
288 741
289 741
290 741
291 741
292 741
293 741
294 741
295 741
296 741
297 741
298 741
299 741
300 741
301 741
302 741
303 741
304 741
305 741
306 741
307 741
308 741
309 741
310 741
311 741
312 741
313 741
314 741
315 741
316 741
317 741
318 741
319 741
320 741
321 741
322 741
323 741
324 741
325 741
326 741
327 741
328 741
329 741
330 741
331 741
332 741
333 741
334 741
335 741
336 741
337 741
338 741
339 741
340 741
341 741
342 741
343 741
344 741
345 741
346 741
347 741
348 741
349 741
350 741
351 741
352 741
353 741
354 741
355 741
356 741
357 741
358 741
359 741
360 741
361 741
362 741
363 741
364 741
365 741
366 741
367 741
368 741
369 741
370 741
371 741
372 741
373 741
374 741
375 741
376 741
377 741
378 741
379 741
380 741
381 741
382 741
383 741
384 741
385 741
386 741
387 741
388 741
389 741
390 741
391 741
392 741
393 741
394 741
395 741
396 741
397 741
398 741
399 741
400 741
401 741
402 741
403 741
404 741
405 741
406 741
407 741
408 741
409 741
410 741
411 741
412 741
413 741
414 741
415 741
416 741
417 741
418 741
419 741
420 741
421 741
422 741
423 741
424 741
425 741
426 741
427 741
428 741
429 741
430 741
431 741
432 741
433 741
434 741
435 741
436 741
437 741
438 741
439 741
440 741
441 741
442 741
443 741
444 741
445 741
446 741
447 741
448 741
449 741
450 741
451 741
452 741
453 741
454 741
455 741
456 741
457 741
458 741
459 741
460 741
461 741
462 741
463 741
464 741
465 741
466 741
467 741
468 741
469 741
470 741
471 741
472 741
473 741
474 741
475 741
476 741
477 741
478 741
479 741
480 741
481 741
482 741
483 741
484 741
485 741
486 741
487 741
488 741
489 741
490 741
491 741
492 741
493 741
494 741
495 741
496 741
497 741
498 741
499 741
500 741
501 741
502 741
503 741
504 741
505 741
506 741
507 741
508 741
509 741
510 741
511 741
512 741
513 741
514 741
515 741
516 741
517 741
518 741
519 741
520 741
521 741
522 741
523 741
524 741
525 741
526 741
527 741
528 741
529 741
530 741
531 741
532 741
533 741
534 741
535 741
536 741
537 741
538 741
539 741
540 741
541 741
542 741
543 741
544 741
545 741
546 741
547 741
548 741
549 741
550 741
551 741
552 741
553 741
554 741
555 741
556 741
557 741
558 741
559 741
560 741
561 741
562 741
563 741
564 741
565 741
566 741
567 741
568 741
569 741
570 741
571 741
572 741
573 741
574 741
575 741
576 741
577 741
578 741
579 741
580 741
581 741
582 741
583 741
584 741
585 741
586 741
587 741
588 741
589 741
590 741
591 741
592 741
593 741
594 741
595 741
596 741
597 741
598 741
599 741
600 741
601 741
602 741
603 741
604 741
605 741
606 741
607 741
608 741
609 741
610 741
611 741
612 741
613 741
614 741
615 741
616 741
617 741
618 741
619 741
620 741
621 741
622 741
623 741
624 741
625 741
626 741
627 741
628 741
629 741
630 741
631 741
632 741
633 741
634 741
635 741
636 741
637 741
638 741
639 741
640 741
641 741
642 741
643 741
644 741
645 741
646 741
647 741
648 741
649 741
650 741
651 741
652 741
653 741
654 741
655 741
656 741
657 741
658 741
659 741
660 741
661 741
662 741
663 741
664 741
665 741
666 741
667 741
668 741
669 741
670 741
671 741
672 741
673 741
674 741
675 741
676 741
677 741
678 741
679 741
680 741
681 741
682 741
683 741
684 741
685 741
686 741
687 741
688 741
689 741
690 741
691 741
692 741
693 741
694 741
695 741
696 741
697 741
698 741
699 741
700 741
701 741
702 741
703 741
704 741
705 741
706 741
707 741
708 741
709 741
710 741
711 741
712 741
713 741
714 741
715 741
716 741
717 741
718 741
719 741
720 741
721 741
722 741
723 741
724 741
725 741
726 741
727 741
728 741
729 741
730 741
731 741
732 741
733 741
734 741
735 741
736 741
737 741
738 741
739 741
740 741
741 742
