615
614
1 614
2 614
3 614
4 614
5 614
6 614
7 614
8 614
9 614
10 614
11 614
12 614
13 614
14 614
15 614
16 614
17 614
18 614
19 614
20 614
21 614
22 614
23 614
24 614
25 614
26 614
27 614
28 614
29 614
30 614
31 614
32 614
33 614
34 614
35 614
36 614
37 614
38 614
39 614
40 614
41 614
42 614
43 614
44 614
45 614
46 614
47 614
48 614
49 614
50 614
51 614
52 614
53 614
54 614
55 614
56 614
57 614
58 614
59 614
60 614
61 614
62 614
63 614
64 614
65 614
66 614
67 614
68 614
69 614
70 614
71 614
72 614
73 614
74 614
75 614
76 614
77 614
78 614
79 614
80 614
81 614
82 614
83 614
84 614
85 614
86 614
87 614
88 614
89 614
90 614
91 614
92 614
93 614
94 614
95 614
96 614
97 614
98 614
99 614
100 614
101 614
102 614
103 614
104 614
105 614
106 614
107 614
108 614
109 614
110 614
111 614
112 614
113 614
114 614
115 614
116 614
117 614
118 614
119 614
120 614
121 614
122 614
123 614
124 614
125 614
126 614
127 614
128 614
129 614
130 614
131 614
132 614
133 614
134 614
135 614
136 614
137 614
138 614
139 614
140 614
141 614
142 614
143 614
144 614
145 614
146 614
147 614
148 614
149 614
150 614
151 614
152 614
153 614
154 614
155 614
156 614
157 614
158 614
159 614
160 614
161 614
162 614
163 614
164 614
165 614
166 614
167 614
168 614
169 614
170 614
171 614
172 614
173 614
174 614
175 614
176 614
177 614
178 614
179 614
180 614
181 614
182 614
183 614
184 614
185 614
186 614
187 614
188 614
189 614
190 614
191 614
192 614
193 614
194 614
195 614
196 614
197 614
198 614
199 614
200 614
201 614
202 614
203 614
204 614
205 614
206 614
207 614
208 614
209 614
210 614
211 614
212 614
213 614
214 614
215 614
216 614
217 614
218 614
219 614
220 614
221 614
222 614
223 614
224 614
225 614
226 614
227 614
228 614
229 614
230 614
231 614
232 614
233 614
234 614
235 614
236 614
237 614
238 614
239 614
240 614
241 614
242 614
243 614
244 614
245 614
246 614
247 614
248 614
249 614
250 614
251 614
252 614
253 614
254 614
255 614
256 614
257 614
258 614
259 614
260 614
261 614
262 614
263 614
264 614
265 614
266 614
267 614
268 614
269 614
270 614
271 614
272 614
273 614
274 614
275 614
276 614
277 614
278 614
279 614
280 614
281 614
282 614
283 614
284 614
285 614
286 614
287 614
288 614
289 614
290 614
291 614
292 614
293 614
294 614
295 614
296 614
297 614
298 614
299 614
300 614
301 614
302 614
303 614
304 614
305 614
306 614
307 614
308 614
309 614
310 614
311 614
312 614
313 614
314 614
315 614
316 614
317 614
318 614
319 614
320 614
321 614
322 614
323 614
324 614
325 614
326 614
327 614
328 614
329 614
330 614
331 614
332 614
333 614
334 614
335 614
336 614
337 614
338 614
339 614
340 614
341 614
342 614
343 614
344 614
345 614
346 614
347 614
348 614
349 614
350 614
351 614
352 614
353 614
354 614
355 614
356 614
357 614
358 614
359 614
360 614
361 614
362 614
363 614
364 614
365 614
366 614
367 614
368 614
369 614
370 614
371 614
372 614
373 614
374 614
375 614
376 614
377 614
378 614
379 614
380 614
381 614
382 614
383 614
384 614
385 614
386 614
387 614
388 614
389 614
390 614
391 614
392 614
393 614
394 614
395 614
396 614
397 614
398 614
399 614
400 614
401 614
402 614
403 614
404 614
405 614
406 614
407 614
408 614
409 614
410 614
411 614
412 614
413 614
414 614
415 614
416 614
417 614
418 614
419 614
420 614
421 614
422 614
423 614
424 614
425 614
426 614
427 614
428 614
429 614
430 614
431 614
432 614
433 614
434 614
435 614
436 614
437 614
438 614
439 614
440 614
441 614
442 614
443 614
444 614
445 614
446 614
447 614
448 614
449 614
450 614
451 614
452 614
453 614
454 614
455 614
456 614
457 614
458 614
459 614
460 614
461 614
462 614
463 614
464 614
465 614
466 614
467 614
468 614
469 614
470 614
471 614
472 614
473 614
474 614
475 614
476 614
477 614
478 614
479 614
480 614
481 614
482 614
483 614
484 614
485 614
486 614
487 614
488 614
489 614
490 614
491 614
492 614
493 614
494 614
495 614
496 614
497 614
498 614
499 614
500 614
501 614
502 614
503 614
504 614
505 614
506 614
507 614
508 614
509 614
510 614
511 614
512 614
513 614
514 614
515 614
516 614
517 614
518 614
519 614
520 614
521 614
522 614
523 614
524 614
525 614
526 614
527 614
528 614
529 614
530 614
531 614
532 614
533 614
534 614
535 614
536 614
537 614
538 614
539 614
540 614
541 614
542 614
543 614
544 614
545 614
546 614
547 614
548 614
549 614
550 614
551 614
552 614
553 614
554 614
555 614
556 614
557 614
558 614
559 614
560 614
561 614
562 614
563 614
564 614
565 614
566 614
567 614
568 614
569 614
570 614
571 614
572 614
573 614
574 614
575 614
576 614
577 614
578 614
579 614
580 614
581 614
582 614
583 614
584 614
585 614
586 614
587 614
588 614
589 614
590 614
591 614
592 614
593 614
594 614
595 614
596 614
597 614
598 614
599 614
600 614
601 614
602 614
603 614
604 614
605 614
606 614
607 614
608 614
609 614
610 614
611 614
612 614
613 614
614 615
