779
778
1 778
2 778
3 778
4 778
5 778
6 778
7 778
8 778
9 778
10 778
11 778
12 778
13 778
14 778
15 778
16 778
17 778
18 778
19 778
20 778
21 778
22 778
23 778
24 778
25 778
26 778
27 778
28 778
29 778
30 778
31 778
32 778
33 778
34 778
35 778
36 778
37 778
38 778
39 778
40 778
41 778
42 778
43 778
44 778
45 778
46 778
47 778
48 778
49 778
50 778
51 778
52 778
53 778
54 778
55 778
56 778
57 778
58 778
59 778
60 778
61 778
62 778
63 778
64 778
65 778
66 778
67 778
68 778
69 778
70 778
71 778
72 778
73 778
74 778
75 778
76 778
77 778
78 778
79 778
80 778
81 778
82 778
83 778
84 778
85 778
86 778
87 778
88 778
89 778
90 778
91 778
92 778
93 778
94 778
95 778
96 778
97 778
98 778
99 778
100 778
101 778
102 778
103 778
104 778
105 778
106 778
107 778
108 778
109 778
110 778
111 778
112 778
113 778
114 778
115 778
116 778
117 778
118 778
119 778
120 778
121 778
122 778
123 778
124 778
125 778
126 778
127 778
128 778
129 778
130 778
131 778
132 778
133 778
134 778
135 778
136 778
137 778
138 778
139 778
140 778
141 778
142 778
143 778
144 778
145 778
146 778
147 778
148 778
149 778
150 778
151 778
152 778
153 778
154 778
155 778
156 778
157 778
158 778
159 778
160 778
161 778
162 778
163 778
164 778
165 778
166 778
167 778
168 778
169 778
170 778
171 778
172 778
173 778
174 778
175 778
176 778
177 778
178 778
179 778
180 778
181 778
182 778
183 778
184 778
185 778
186 778
187 778
188 778
189 778
190 778
191 778
192 778
193 778
194 778
195 778
196 778
197 778
198 778
199 778
200 778
201 778
202 778
203 778
204 778
205 778
206 778
207 778
208 778
209 778
210 778
211 778
212 778
213 778
214 778
215 778
216 778
217 778
218 778
219 778
220 778
221 778
222 778
223 778
224 778
225 778
226 778
227 778
228 778
229 778
230 778
231 778
232 778
233 778
234 778
235 778
236 778
237 778
238 778
239 778
240 778
241 778
242 778
243 778
244 778
245 778
246 778
247 778
248 778
249 778
250 778
251 778
252 778
253 778
254 778
255 778
256 778
257 778
258 778
259 778
260 778
261 778
262 778
263 778
264 778
265 778
266 778
267 778
268 778
269 778
270 778
271 778
272 778
273 778
274 778
275 778
276 778
277 778
278 778
279 778
280 778
281 778
282 778
283 778
284 778
285 778
286 778
287 778
288 778
289 778
290 778
291 778
292 778
293 778
294 778
295 778
296 778
297 778
298 778
299 778
300 778
301 778
302 778
303 778
304 778
305 778
306 778
307 778
308 778
309 778
310 778
311 778
312 778
313 778
314 778
315 778
316 778
317 778
318 778
319 778
320 778
321 778
322 778
323 778
324 778
325 778
326 778
327 778
328 778
329 778
330 778
331 778
332 778
333 778
334 778
335 778
336 778
337 778
338 778
339 778
340 778
341 778
342 778
343 778
344 778
345 778
346 778
347 778
348 778
349 778
350 778
351 778
352 778
353 778
354 778
355 778
356 778
357 778
358 778
359 778
360 778
361 778
362 778
363 778
364 778
365 778
366 778
367 778
368 778
369 778
370 778
371 778
372 778
373 778
374 778
375 778
376 778
377 778
378 778
379 778
380 778
381 778
382 778
383 778
384 778
385 778
386 778
387 778
388 778
389 778
390 778
391 778
392 778
393 778
394 778
395 778
396 778
397 778
398 778
399 778
400 778
401 778
402 778
403 778
404 778
405 778
406 778
407 778
408 778
409 778
410 778
411 778
412 778
413 778
414 778
415 778
416 778
417 778
418 778
419 778
420 778
421 778
422 778
423 778
424 778
425 778
426 778
427 778
428 778
429 778
430 778
431 778
432 778
433 778
434 778
435 778
436 778
437 778
438 778
439 778
440 778
441 778
442 778
443 778
444 778
445 778
446 778
447 778
448 778
449 778
450 778
451 778
452 778
453 778
454 778
455 778
456 778
457 778
458 778
459 778
460 778
461 778
462 778
463 778
464 778
465 778
466 778
467 778
468 778
469 778
470 778
471 778
472 778
473 778
474 778
475 778
476 778
477 778
478 778
479 778
480 778
481 778
482 778
483 778
484 778
485 778
486 778
487 778
488 778
489 778
490 778
491 778
492 778
493 778
494 778
495 778
496 778
497 778
498 778
499 778
500 778
501 778
502 778
503 778
504 778
505 778
506 778
507 778
508 778
509 778
510 778
511 778
512 778
513 778
514 778
515 778
516 778
517 778
518 778
519 778
520 778
521 778
522 778
523 778
524 778
525 778
526 778
527 778
528 778
529 778
530 778
531 778
532 778
533 778
534 778
535 778
536 778
537 778
538 778
539 778
540 778
541 778
542 778
543 778
544 778
545 778
546 778
547 778
548 778
549 778
550 778
551 778
552 778
553 778
554 778
555 778
556 778
557 778
558 778
559 778
560 778
561 778
562 778
563 778
564 778
565 778
566 778
567 778
568 778
569 778
570 778
571 778
572 778
573 778
574 778
575 778
576 778
577 778
578 778
579 778
580 778
581 778
582 778
583 778
584 778
585 778
586 778
587 778
588 778
589 778
590 778
591 778
592 778
593 778
594 778
595 778
596 778
597 778
598 778
599 778
600 778
601 778
602 778
603 778
604 778
605 778
606 778
607 778
608 778
609 778
610 778
611 778
612 778
613 778
614 778
615 778
616 778
617 778
618 778
619 778
620 778
621 778
622 778
623 778
624 778
625 778
626 778
627 778
628 778
629 778
630 778
631 778
632 778
633 778
634 778
635 778
636 778
637 778
638 778
639 778
640 778
641 778
642 778
643 778
644 778
645 778
646 778
647 778
648 778
649 778
650 778
651 778
652 778
653 778
654 778
655 778
656 778
657 778
658 778
659 778
660 778
661 778
662 778
663 778
664 778
665 778
666 778
667 778
668 778
669 778
670 778
671 778
672 778
673 778
674 778
675 778
676 778
677 778
678 778
679 778
680 778
681 778
682 778
683 778
684 778
685 778
686 778
687 778
688 778
689 778
690 778
691 778
692 778
693 778
694 778
695 778
696 778
697 778
698 778
699 778
700 778
701 778
702 778
703 778
704 778
705 778
706 778
707 778
708 778
709 778
710 778
711 778
712 778
713 778
714 778
715 778
716 778
717 778
718 778
719 778
720 778
721 778
722 778
723 778
724 778
725 778
726 778
727 778
728 778
729 778
730 778
731 778
732 778
733 778
734 778
735 778
736 778
737 778
738 778
739 778
740 778
741 778
742 778
743 778
744 778
745 778
746 778
747 778
748 778
749 778
750 778
751 778
752 778
753 778
754 778
755 778
756 778
757 778
758 778
759 778
760 778
761 778
762 778
763 778
764 778
765 778
766 778
767 778
768 778
769 778
770 778
771 778
772 778
773 778
774 778
775 778
776 778
777 778
778 779
