923
922
1 922
2 922
3 922
4 922
5 922
6 922
7 922
8 922
9 922
10 922
11 922
12 922
13 922
14 922
15 922
16 922
17 922
18 922
19 922
20 922
21 922
22 922
23 922
24 922
25 922
26 922
27 922
28 922
29 922
30 922
31 922
32 922
33 922
34 922
35 922
36 922
37 922
38 922
39 922
40 922
41 922
42 922
43 922
44 922
45 922
46 922
47 922
48 922
49 922
50 922
51 922
52 922
53 922
54 922
55 922
56 922
57 922
58 922
59 922
60 922
61 922
62 922
63 922
64 922
65 922
66 922
67 922
68 922
69 922
70 922
71 922
72 922
73 922
74 922
75 922
76 922
77 922
78 922
79 922
80 922
81 922
82 922
83 922
84 922
85 922
86 922
87 922
88 922
89 922
90 922
91 922
92 922
93 922
94 922
95 922
96 922
97 922
98 922
99 922
100 922
101 922
102 922
103 922
104 922
105 922
106 922
107 922
108 922
109 922
110 922
111 922
112 922
113 922
114 922
115 922
116 922
117 922
118 922
119 922
120 922
121 922
122 922
123 922
124 922
125 922
126 922
127 922
128 922
129 922
130 922
131 922
132 922
133 922
134 922
135 922
136 922
137 922
138 922
139 922
140 922
141 922
142 922
143 922
144 922
145 922
146 922
147 922
148 922
149 922
150 922
151 922
152 922
153 922
154 922
155 922
156 922
157 922
158 922
159 922
160 922
161 922
162 922
163 922
164 922
165 922
166 922
167 922
168 922
169 922
170 922
171 922
172 922
173 922
174 922
175 922
176 922
177 922
178 922
179 922
180 922
181 922
182 922
183 922
184 922
185 922
186 922
187 922
188 922
189 922
190 922
191 922
192 922
193 922
194 922
195 922
196 922
197 922
198 922
199 922
200 922
201 922
202 922
203 922
204 922
205 922
206 922
207 922
208 922
209 922
210 922
211 922
212 922
213 922
214 922
215 922
216 922
217 922
218 922
219 922
220 922
221 922
222 922
223 922
224 922
225 922
226 922
227 922
228 922
229 922
230 922
231 922
232 922
233 922
234 922
235 922
236 922
237 922
238 922
239 922
240 922
241 922
242 922
243 922
244 922
245 922
246 922
247 922
248 922
249 922
250 922
251 922
252 922
253 922
254 922
255 922
256 922
257 922
258 922
259 922
260 922
261 922
262 922
263 922
264 922
265 922
266 922
267 922
268 922
269 922
270 922
271 922
272 922
273 922
274 922
275 922
276 922
277 922
278 922
279 922
280 922
281 922
282 922
283 922
284 922
285 922
286 922
287 922
288 922
289 922
290 922
291 922
292 922
293 922
294 922
295 922
296 922
297 922
298 922
299 922
300 922
301 922
302 922
303 922
304 922
305 922
306 922
307 922
308 922
309 922
310 922
311 922
312 922
313 922
314 922
315 922
316 922
317 922
318 922
319 922
320 922
321 922
322 922
323 922
324 922
325 922
326 922
327 922
328 922
329 922
330 922
331 922
332 922
333 922
334 922
335 922
336 922
337 922
338 922
339 922
340 922
341 922
342 922
343 922
344 922
345 922
346 922
347 922
348 922
349 922
350 922
351 922
352 922
353 922
354 922
355 922
356 922
357 922
358 922
359 922
360 922
361 922
362 922
363 922
364 922
365 922
366 922
367 922
368 922
369 922
370 922
371 922
372 922
373 922
374 922
375 922
376 922
377 922
378 922
379 922
380 922
381 922
382 922
383 922
384 922
385 922
386 922
387 922
388 922
389 922
390 922
391 922
392 922
393 922
394 922
395 922
396 922
397 922
398 922
399 922
400 922
401 922
402 922
403 922
404 922
405 922
406 922
407 922
408 922
409 922
410 922
411 922
412 922
413 922
414 922
415 922
416 922
417 922
418 922
419 922
420 922
421 922
422 922
423 922
424 922
425 922
426 922
427 922
428 922
429 922
430 922
431 922
432 922
433 922
434 922
435 922
436 922
437 922
438 922
439 922
440 922
441 922
442 922
443 922
444 922
445 922
446 922
447 922
448 922
449 922
450 922
451 922
452 922
453 922
454 922
455 922
456 922
457 922
458 922
459 922
460 922
461 922
462 922
463 922
464 922
465 922
466 922
467 922
468 922
469 922
470 922
471 922
472 922
473 922
474 922
475 922
476 922
477 922
478 922
479 922
480 922
481 922
482 922
483 922
484 922
485 922
486 922
487 922
488 922
489 922
490 922
491 922
492 922
493 922
494 922
495 922
496 922
497 922
498 922
499 922
500 922
501 922
502 922
503 922
504 922
505 922
506 922
507 922
508 922
509 922
510 922
511 922
512 922
513 922
514 922
515 922
516 922
517 922
518 922
519 922
520 922
521 922
522 922
523 922
524 922
525 922
526 922
527 922
528 922
529 922
530 922
531 922
532 922
533 922
534 922
535 922
536 922
537 922
538 922
539 922
540 922
541 922
542 922
543 922
544 922
545 922
546 922
547 922
548 922
549 922
550 922
551 922
552 922
553 922
554 922
555 922
556 922
557 922
558 922
559 922
560 922
561 922
562 922
563 922
564 922
565 922
566 922
567 922
568 922
569 922
570 922
571 922
572 922
573 922
574 922
575 922
576 922
577 922
578 922
579 922
580 922
581 922
582 922
583 922
584 922
585 922
586 922
587 922
588 922
589 922
590 922
591 922
592 922
593 922
594 922
595 922
596 922
597 922
598 922
599 922
600 922
601 922
602 922
603 922
604 922
605 922
606 922
607 922
608 922
609 922
610 922
611 922
612 922
613 922
614 922
615 922
616 922
617 922
618 922
619 922
620 922
621 922
622 922
623 922
624 922
625 922
626 922
627 922
628 922
629 922
630 922
631 922
632 922
633 922
634 922
635 922
636 922
637 922
638 922
639 922
640 922
641 922
642 922
643 922
644 922
645 922
646 922
647 922
648 922
649 922
650 922
651 922
652 922
653 922
654 922
655 922
656 922
657 922
658 922
659 922
660 922
661 922
662 922
663 922
664 922
665 922
666 922
667 922
668 922
669 922
670 922
671 922
672 922
673 922
674 922
675 922
676 922
677 922
678 922
679 922
680 922
681 922
682 922
683 922
684 922
685 922
686 922
687 922
688 922
689 922
690 922
691 922
692 922
693 922
694 922
695 922
696 922
697 922
698 922
699 922
700 922
701 922
702 922
703 922
704 922
705 922
706 922
707 922
708 922
709 922
710 922
711 922
712 922
713 922
714 922
715 922
716 922
717 922
718 922
719 922
720 922
721 922
722 922
723 922
724 922
725 922
726 922
727 922
728 922
729 922
730 922
731 922
732 922
733 922
734 922
735 922
736 922
737 922
738 922
739 922
740 922
741 922
742 922
743 922
744 922
745 922
746 922
747 922
748 922
749 922
750 922
751 922
752 922
753 922
754 922
755 922
756 922
757 922
758 922
759 922
760 922
761 922
762 922
763 922
764 922
765 922
766 922
767 922
768 922
769 922
770 922
771 922
772 922
773 922
774 922
775 922
776 922
777 922
778 922
779 922
780 922
781 922
782 922
783 922
784 922
785 922
786 922
787 922
788 922
789 922
790 922
791 922
792 922
793 922
794 922
795 922
796 922
797 922
798 922
799 922
800 922
801 922
802 922
803 922
804 922
805 922
806 922
807 922
808 922
809 922
810 922
811 922
812 922
813 922
814 922
815 922
816 922
817 922
818 922
819 922
820 922
821 922
822 922
823 922
824 922
825 922
826 922
827 922
828 922
829 922
830 922
831 922
832 922
833 922
834 922
835 922
836 922
837 922
838 922
839 922
840 922
841 922
842 922
843 922
844 922
845 922
846 922
847 922
848 922
849 922
850 922
851 922
852 922
853 922
854 922
855 922
856 922
857 922
858 922
859 922
860 922
861 922
862 922
863 922
864 922
865 922
866 922
867 922
868 922
869 922
870 922
871 922
872 922
873 922
874 922
875 922
876 922
877 922
878 922
879 922
880 922
881 922
882 922
883 922
884 922
885 922
886 922
887 922
888 922
889 922
890 922
891 922
892 922
893 922
894 922
895 922
896 922
897 922
898 922
899 922
900 922
901 922
902 922
903 922
904 922
905 922
906 922
907 922
908 922
909 922
910 922
911 922
912 922
913 922
914 922
915 922
916 922
917 922
918 922
919 922
920 922
921 922
922 923
