574
573
1 573
2 573
3 573
4 573
5 573
6 573
7 573
8 573
9 573
10 573
11 573
12 573
13 573
14 573
15 573
16 573
17 573
18 573
19 573
20 573
21 573
22 573
23 573
24 573
25 573
26 573
27 573
28 573
29 573
30 573
31 573
32 573
33 573
34 573
35 573
36 573
37 573
38 573
39 573
40 573
41 573
42 573
43 573
44 573
45 573
46 573
47 573
48 573
49 573
50 573
51 573
52 573
53 573
54 573
55 573
56 573
57 573
58 573
59 573
60 573
61 573
62 573
63 573
64 573
65 573
66 573
67 573
68 573
69 573
70 573
71 573
72 573
73 573
74 573
75 573
76 573
77 573
78 573
79 573
80 573
81 573
82 573
83 573
84 573
85 573
86 573
87 573
88 573
89 573
90 573
91 573
92 573
93 573
94 573
95 573
96 573
97 573
98 573
99 573
100 573
101 573
102 573
103 573
104 573
105 573
106 573
107 573
108 573
109 573
110 573
111 573
112 573
113 573
114 573
115 573
116 573
117 573
118 573
119 573
120 573
121 573
122 573
123 573
124 573
125 573
126 573
127 573
128 573
129 573
130 573
131 573
132 573
133 573
134 573
135 573
136 573
137 573
138 573
139 573
140 573
141 573
142 573
143 573
144 573
145 573
146 573
147 573
148 573
149 573
150 573
151 573
152 573
153 573
154 573
155 573
156 573
157 573
158 573
159 573
160 573
161 573
162 573
163 573
164 573
165 573
166 573
167 573
168 573
169 573
170 573
171 573
172 573
173 573
174 573
175 573
176 573
177 573
178 573
179 573
180 573
181 573
182 573
183 573
184 573
185 573
186 573
187 573
188 573
189 573
190 573
191 573
192 573
193 573
194 573
195 573
196 573
197 573
198 573
199 573
200 573
201 573
202 573
203 573
204 573
205 573
206 573
207 573
208 573
209 573
210 573
211 573
212 573
213 573
214 573
215 573
216 573
217 573
218 573
219 573
220 573
221 573
222 573
223 573
224 573
225 573
226 573
227 573
228 573
229 573
230 573
231 573
232 573
233 573
234 573
235 573
236 573
237 573
238 573
239 573
240 573
241 573
242 573
243 573
244 573
245 573
246 573
247 573
248 573
249 573
250 573
251 573
252 573
253 573
254 573
255 573
256 573
257 573
258 573
259 573
260 573
261 573
262 573
263 573
264 573
265 573
266 573
267 573
268 573
269 573
270 573
271 573
272 573
273 573
274 573
275 573
276 573
277 573
278 573
279 573
280 573
281 573
282 573
283 573
284 573
285 573
286 573
287 573
288 573
289 573
290 573
291 573
292 573
293 573
294 573
295 573
296 573
297 573
298 573
299 573
300 573
301 573
302 573
303 573
304 573
305 573
306 573
307 573
308 573
309 573
310 573
311 573
312 573
313 573
314 573
315 573
316 573
317 573
318 573
319 573
320 573
321 573
322 573
323 573
324 573
325 573
326 573
327 573
328 573
329 573
330 573
331 573
332 573
333 573
334 573
335 573
336 573
337 573
338 573
339 573
340 573
341 573
342 573
343 573
344 573
345 573
346 573
347 573
348 573
349 573
350 573
351 573
352 573
353 573
354 573
355 573
356 573
357 573
358 573
359 573
360 573
361 573
362 573
363 573
364 573
365 573
366 573
367 573
368 573
369 573
370 573
371 573
372 573
373 573
374 573
375 573
376 573
377 573
378 573
379 573
380 573
381 573
382 573
383 573
384 573
385 573
386 573
387 573
388 573
389 573
390 573
391 573
392 573
393 573
394 573
395 573
396 573
397 573
398 573
399 573
400 573
401 573
402 573
403 573
404 573
405 573
406 573
407 573
408 573
409 573
410 573
411 573
412 573
413 573
414 573
415 573
416 573
417 573
418 573
419 573
420 573
421 573
422 573
423 573
424 573
425 573
426 573
427 573
428 573
429 573
430 573
431 573
432 573
433 573
434 573
435 573
436 573
437 573
438 573
439 573
440 573
441 573
442 573
443 573
444 573
445 573
446 573
447 573
448 573
449 573
450 573
451 573
452 573
453 573
454 573
455 573
456 573
457 573
458 573
459 573
460 573
461 573
462 573
463 573
464 573
465 573
466 573
467 573
468 573
469 573
470 573
471 573
472 573
473 573
474 573
475 573
476 573
477 573
478 573
479 573
480 573
481 573
482 573
483 573
484 573
485 573
486 573
487 573
488 573
489 573
490 573
491 573
492 573
493 573
494 573
495 573
496 573
497 573
498 573
499 573
500 573
501 573
502 573
503 573
504 573
505 573
506 573
507 573
508 573
509 573
510 573
511 573
512 573
513 573
514 573
515 573
516 573
517 573
518 573
519 573
520 573
521 573
522 573
523 573
524 573
525 573
526 573
527 573
528 573
529 573
530 573
531 573
532 573
533 573
534 573
535 573
536 573
537 573
538 573
539 573
540 573
541 573
542 573
543 573
544 573
545 573
546 573
547 573
548 573
549 573
550 573
551 573
552 573
553 573
554 573
555 573
556 573
557 573
558 573
559 573
560 573
561 573
562 573
563 573
564 573
565 573
566 573
567 573
568 573
569 573
570 573
571 573
572 573
573 574
