712
711
1 711
2 711
3 711
4 711
5 711
6 711
7 711
8 711
9 711
10 711
11 711
12 711
13 711
14 711
15 711
16 711
17 711
18 711
19 711
20 711
21 711
22 711
23 711
24 711
25 711
26 711
27 711
28 711
29 711
30 711
31 711
32 711
33 711
34 711
35 711
36 711
37 711
38 711
39 711
40 711
41 711
42 711
43 711
44 711
45 711
46 711
47 711
48 711
49 711
50 711
51 711
52 711
53 711
54 711
55 711
56 711
57 711
58 711
59 711
60 711
61 711
62 711
63 711
64 711
65 711
66 711
67 711
68 711
69 711
70 711
71 711
72 711
73 711
74 711
75 711
76 711
77 711
78 711
79 711
80 711
81 711
82 711
83 711
84 711
85 711
86 711
87 711
88 711
89 711
90 711
91 711
92 711
93 711
94 711
95 711
96 711
97 711
98 711
99 711
100 711
101 711
102 711
103 711
104 711
105 711
106 711
107 711
108 711
109 711
110 711
111 711
112 711
113 711
114 711
115 711
116 711
117 711
118 711
119 711
120 711
121 711
122 711
123 711
124 711
125 711
126 711
127 711
128 711
129 711
130 711
131 711
132 711
133 711
134 711
135 711
136 711
137 711
138 711
139 711
140 711
141 711
142 711
143 711
144 711
145 711
146 711
147 711
148 711
149 711
150 711
151 711
152 711
153 711
154 711
155 711
156 711
157 711
158 711
159 711
160 711
161 711
162 711
163 711
164 711
165 711
166 711
167 711
168 711
169 711
170 711
171 711
172 711
173 711
174 711
175 711
176 711
177 711
178 711
179 711
180 711
181 711
182 711
183 711
184 711
185 711
186 711
187 711
188 711
189 711
190 711
191 711
192 711
193 711
194 711
195 711
196 711
197 711
198 711
199 711
200 711
201 711
202 711
203 711
204 711
205 711
206 711
207 711
208 711
209 711
210 711
211 711
212 711
213 711
214 711
215 711
216 711
217 711
218 711
219 711
220 711
221 711
222 711
223 711
224 711
225 711
226 711
227 711
228 711
229 711
230 711
231 711
232 711
233 711
234 711
235 711
236 711
237 711
238 711
239 711
240 711
241 711
242 711
243 711
244 711
245 711
246 711
247 711
248 711
249 711
250 711
251 711
252 711
253 711
254 711
255 711
256 711
257 711
258 711
259 711
260 711
261 711
262 711
263 711
264 711
265 711
266 711
267 711
268 711
269 711
270 711
271 711
272 711
273 711
274 711
275 711
276 711
277 711
278 711
279 711
280 711
281 711
282 711
283 711
284 711
285 711
286 711
287 711
288 711
289 711
290 711
291 711
292 711
293 711
294 711
295 711
296 711
297 711
298 711
299 711
300 711
301 711
302 711
303 711
304 711
305 711
306 711
307 711
308 711
309 711
310 711
311 711
312 711
313 711
314 711
315 711
316 711
317 711
318 711
319 711
320 711
321 711
322 711
323 711
324 711
325 711
326 711
327 711
328 711
329 711
330 711
331 711
332 711
333 711
334 711
335 711
336 711
337 711
338 711
339 711
340 711
341 711
342 711
343 711
344 711
345 711
346 711
347 711
348 711
349 711
350 711
351 711
352 711
353 711
354 711
355 711
356 711
357 711
358 711
359 711
360 711
361 711
362 711
363 711
364 711
365 711
366 711
367 711
368 711
369 711
370 711
371 711
372 711
373 711
374 711
375 711
376 711
377 711
378 711
379 711
380 711
381 711
382 711
383 711
384 711
385 711
386 711
387 711
388 711
389 711
390 711
391 711
392 711
393 711
394 711
395 711
396 711
397 711
398 711
399 711
400 711
401 711
402 711
403 711
404 711
405 711
406 711
407 711
408 711
409 711
410 711
411 711
412 711
413 711
414 711
415 711
416 711
417 711
418 711
419 711
420 711
421 711
422 711
423 711
424 711
425 711
426 711
427 711
428 711
429 711
430 711
431 711
432 711
433 711
434 711
435 711
436 711
437 711
438 711
439 711
440 711
441 711
442 711
443 711
444 711
445 711
446 711
447 711
448 711
449 711
450 711
451 711
452 711
453 711
454 711
455 711
456 711
457 711
458 711
459 711
460 711
461 711
462 711
463 711
464 711
465 711
466 711
467 711
468 711
469 711
470 711
471 711
472 711
473 711
474 711
475 711
476 711
477 711
478 711
479 711
480 711
481 711
482 711
483 711
484 711
485 711
486 711
487 711
488 711
489 711
490 711
491 711
492 711
493 711
494 711
495 711
496 711
497 711
498 711
499 711
500 711
501 711
502 711
503 711
504 711
505 711
506 711
507 711
508 711
509 711
510 711
511 711
512 711
513 711
514 711
515 711
516 711
517 711
518 711
519 711
520 711
521 711
522 711
523 711
524 711
525 711
526 711
527 711
528 711
529 711
530 711
531 711
532 711
533 711
534 711
535 711
536 711
537 711
538 711
539 711
540 711
541 711
542 711
543 711
544 711
545 711
546 711
547 711
548 711
549 711
550 711
551 711
552 711
553 711
554 711
555 711
556 711
557 711
558 711
559 711
560 711
561 711
562 711
563 711
564 711
565 711
566 711
567 711
568 711
569 711
570 711
571 711
572 711
573 711
574 711
575 711
576 711
577 711
578 711
579 711
580 711
581 711
582 711
583 711
584 711
585 711
586 711
587 711
588 711
589 711
590 711
591 711
592 711
593 711
594 711
595 711
596 711
597 711
598 711
599 711
600 711
601 711
602 711
603 711
604 711
605 711
606 711
607 711
608 711
609 711
610 711
611 711
612 711
613 711
614 711
615 711
616 711
617 711
618 711
619 711
620 711
621 711
622 711
623 711
624 711
625 711
626 711
627 711
628 711
629 711
630 711
631 711
632 711
633 711
634 711
635 711
636 711
637 711
638 711
639 711
640 711
641 711
642 711
643 711
644 711
645 711
646 711
647 711
648 711
649 711
650 711
651 711
652 711
653 711
654 711
655 711
656 711
657 711
658 711
659 711
660 711
661 711
662 711
663 711
664 711
665 711
666 711
667 711
668 711
669 711
670 711
671 711
672 711
673 711
674 711
675 711
676 711
677 711
678 711
679 711
680 711
681 711
682 711
683 711
684 711
685 711
686 711
687 711
688 711
689 711
690 711
691 711
692 711
693 711
694 711
695 711
696 711
697 711
698 711
699 711
700 711
701 711
702 711
703 711
704 711
705 711
706 711
707 711
708 711
709 711
710 711
711 712
