867
866
1 866
2 866
3 866
4 866
5 866
6 866
7 866
8 866
9 866
10 866
11 866
12 866
13 866
14 866
15 866
16 866
17 866
18 866
19 866
20 866
21 866
22 866
23 866
24 866
25 866
26 866
27 866
28 866
29 866
30 866
31 866
32 866
33 866
34 866
35 866
36 866
37 866
38 866
39 866
40 866
41 866
42 866
43 866
44 866
45 866
46 866
47 866
48 866
49 866
50 866
51 866
52 866
53 866
54 866
55 866
56 866
57 866
58 866
59 866
60 866
61 866
62 866
63 866
64 866
65 866
66 866
67 866
68 866
69 866
70 866
71 866
72 866
73 866
74 866
75 866
76 866
77 866
78 866
79 866
80 866
81 866
82 866
83 866
84 866
85 866
86 866
87 866
88 866
89 866
90 866
91 866
92 866
93 866
94 866
95 866
96 866
97 866
98 866
99 866
100 866
101 866
102 866
103 866
104 866
105 866
106 866
107 866
108 866
109 866
110 866
111 866
112 866
113 866
114 866
115 866
116 866
117 866
118 866
119 866
120 866
121 866
122 866
123 866
124 866
125 866
126 866
127 866
128 866
129 866
130 866
131 866
132 866
133 866
134 866
135 866
136 866
137 866
138 866
139 866
140 866
141 866
142 866
143 866
144 866
145 866
146 866
147 866
148 866
149 866
150 866
151 866
152 866
153 866
154 866
155 866
156 866
157 866
158 866
159 866
160 866
161 866
162 866
163 866
164 866
165 866
166 866
167 866
168 866
169 866
170 866
171 866
172 866
173 866
174 866
175 866
176 866
177 866
178 866
179 866
180 866
181 866
182 866
183 866
184 866
185 866
186 866
187 866
188 866
189 866
190 866
191 866
192 866
193 866
194 866
195 866
196 866
197 866
198 866
199 866
200 866
201 866
202 866
203 866
204 866
205 866
206 866
207 866
208 866
209 866
210 866
211 866
212 866
213 866
214 866
215 866
216 866
217 866
218 866
219 866
220 866
221 866
222 866
223 866
224 866
225 866
226 866
227 866
228 866
229 866
230 866
231 866
232 866
233 866
234 866
235 866
236 866
237 866
238 866
239 866
240 866
241 866
242 866
243 866
244 866
245 866
246 866
247 866
248 866
249 866
250 866
251 866
252 866
253 866
254 866
255 866
256 866
257 866
258 866
259 866
260 866
261 866
262 866
263 866
264 866
265 866
266 866
267 866
268 866
269 866
270 866
271 866
272 866
273 866
274 866
275 866
276 866
277 866
278 866
279 866
280 866
281 866
282 866
283 866
284 866
285 866
286 866
287 866
288 866
289 866
290 866
291 866
292 866
293 866
294 866
295 866
296 866
297 866
298 866
299 866
300 866
301 866
302 866
303 866
304 866
305 866
306 866
307 866
308 866
309 866
310 866
311 866
312 866
313 866
314 866
315 866
316 866
317 866
318 866
319 866
320 866
321 866
322 866
323 866
324 866
325 866
326 866
327 866
328 866
329 866
330 866
331 866
332 866
333 866
334 866
335 866
336 866
337 866
338 866
339 866
340 866
341 866
342 866
343 866
344 866
345 866
346 866
347 866
348 866
349 866
350 866
351 866
352 866
353 866
354 866
355 866
356 866
357 866
358 866
359 866
360 866
361 866
362 866
363 866
364 866
365 866
366 866
367 866
368 866
369 866
370 866
371 866
372 866
373 866
374 866
375 866
376 866
377 866
378 866
379 866
380 866
381 866
382 866
383 866
384 866
385 866
386 866
387 866
388 866
389 866
390 866
391 866
392 866
393 866
394 866
395 866
396 866
397 866
398 866
399 866
400 866
401 866
402 866
403 866
404 866
405 866
406 866
407 866
408 866
409 866
410 866
411 866
412 866
413 866
414 866
415 866
416 866
417 866
418 866
419 866
420 866
421 866
422 866
423 866
424 866
425 866
426 866
427 866
428 866
429 866
430 866
431 866
432 866
433 866
434 866
435 866
436 866
437 866
438 866
439 866
440 866
441 866
442 866
443 866
444 866
445 866
446 866
447 866
448 866
449 866
450 866
451 866
452 866
453 866
454 866
455 866
456 866
457 866
458 866
459 866
460 866
461 866
462 866
463 866
464 866
465 866
466 866
467 866
468 866
469 866
470 866
471 866
472 866
473 866
474 866
475 866
476 866
477 866
478 866
479 866
480 866
481 866
482 866
483 866
484 866
485 866
486 866
487 866
488 866
489 866
490 866
491 866
492 866
493 866
494 866
495 866
496 866
497 866
498 866
499 866
500 866
501 866
502 866
503 866
504 866
505 866
506 866
507 866
508 866
509 866
510 866
511 866
512 866
513 866
514 866
515 866
516 866
517 866
518 866
519 866
520 866
521 866
522 866
523 866
524 866
525 866
526 866
527 866
528 866
529 866
530 866
531 866
532 866
533 866
534 866
535 866
536 866
537 866
538 866
539 866
540 866
541 866
542 866
543 866
544 866
545 866
546 866
547 866
548 866
549 866
550 866
551 866
552 866
553 866
554 866
555 866
556 866
557 866
558 866
559 866
560 866
561 866
562 866
563 866
564 866
565 866
566 866
567 866
568 866
569 866
570 866
571 866
572 866
573 866
574 866
575 866
576 866
577 866
578 866
579 866
580 866
581 866
582 866
583 866
584 866
585 866
586 866
587 866
588 866
589 866
590 866
591 866
592 866
593 866
594 866
595 866
596 866
597 866
598 866
599 866
600 866
601 866
602 866
603 866
604 866
605 866
606 866
607 866
608 866
609 866
610 866
611 866
612 866
613 866
614 866
615 866
616 866
617 866
618 866
619 866
620 866
621 866
622 866
623 866
624 866
625 866
626 866
627 866
628 866
629 866
630 866
631 866
632 866
633 866
634 866
635 866
636 866
637 866
638 866
639 866
640 866
641 866
642 866
643 866
644 866
645 866
646 866
647 866
648 866
649 866
650 866
651 866
652 866
653 866
654 866
655 866
656 866
657 866
658 866
659 866
660 866
661 866
662 866
663 866
664 866
665 866
666 866
667 866
668 866
669 866
670 866
671 866
672 866
673 866
674 866
675 866
676 866
677 866
678 866
679 866
680 866
681 866
682 866
683 866
684 866
685 866
686 866
687 866
688 866
689 866
690 866
691 866
692 866
693 866
694 866
695 866
696 866
697 866
698 866
699 866
700 866
701 866
702 866
703 866
704 866
705 866
706 866
707 866
708 866
709 866
710 866
711 866
712 866
713 866
714 866
715 866
716 866
717 866
718 866
719 866
720 866
721 866
722 866
723 866
724 866
725 866
726 866
727 866
728 866
729 866
730 866
731 866
732 866
733 866
734 866
735 866
736 866
737 866
738 866
739 866
740 866
741 866
742 866
743 866
744 866
745 866
746 866
747 866
748 866
749 866
750 866
751 866
752 866
753 866
754 866
755 866
756 866
757 866
758 866
759 866
760 866
761 866
762 866
763 866
764 866
765 866
766 866
767 866
768 866
769 866
770 866
771 866
772 866
773 866
774 866
775 866
776 866
777 866
778 866
779 866
780 866
781 866
782 866
783 866
784 866
785 866
786 866
787 866
788 866
789 866
790 866
791 866
792 866
793 866
794 866
795 866
796 866
797 866
798 866
799 866
800 866
801 866
802 866
803 866
804 866
805 866
806 866
807 866
808 866
809 866
810 866
811 866
812 866
813 866
814 866
815 866
816 866
817 866
818 866
819 866
820 866
821 866
822 866
823 866
824 866
825 866
826 866
827 866
828 866
829 866
830 866
831 866
832 866
833 866
834 866
835 866
836 866
837 866
838 866
839 866
840 866
841 866
842 866
843 866
844 866
845 866
846 866
847 866
848 866
849 866
850 866
851 866
852 866
853 866
854 866
855 866
856 866
857 866
858 866
859 866
860 866
861 866
862 866
863 866
864 866
865 866
866 867
