642
641
1 641
2 641
3 641
4 641
5 641
6 641
7 641
8 641
9 641
10 641
11 641
12 641
13 641
14 641
15 641
16 641
17 641
18 641
19 641
20 641
21 641
22 641
23 641
24 641
25 641
26 641
27 641
28 641
29 641
30 641
31 641
32 641
33 641
34 641
35 641
36 641
37 641
38 641
39 641
40 641
41 641
42 641
43 641
44 641
45 641
46 641
47 641
48 641
49 641
50 641
51 641
52 641
53 641
54 641
55 641
56 641
57 641
58 641
59 641
60 641
61 641
62 641
63 641
64 641
65 641
66 641
67 641
68 641
69 641
70 641
71 641
72 641
73 641
74 641
75 641
76 641
77 641
78 641
79 641
80 641
81 641
82 641
83 641
84 641
85 641
86 641
87 641
88 641
89 641
90 641
91 641
92 641
93 641
94 641
95 641
96 641
97 641
98 641
99 641
100 641
101 641
102 641
103 641
104 641
105 641
106 641
107 641
108 641
109 641
110 641
111 641
112 641
113 641
114 641
115 641
116 641
117 641
118 641
119 641
120 641
121 641
122 641
123 641
124 641
125 641
126 641
127 641
128 641
129 641
130 641
131 641
132 641
133 641
134 641
135 641
136 641
137 641
138 641
139 641
140 641
141 641
142 641
143 641
144 641
145 641
146 641
147 641
148 641
149 641
150 641
151 641
152 641
153 641
154 641
155 641
156 641
157 641
158 641
159 641
160 641
161 641
162 641
163 641
164 641
165 641
166 641
167 641
168 641
169 641
170 641
171 641
172 641
173 641
174 641
175 641
176 641
177 641
178 641
179 641
180 641
181 641
182 641
183 641
184 641
185 641
186 641
187 641
188 641
189 641
190 641
191 641
192 641
193 641
194 641
195 641
196 641
197 641
198 641
199 641
200 641
201 641
202 641
203 641
204 641
205 641
206 641
207 641
208 641
209 641
210 641
211 641
212 641
213 641
214 641
215 641
216 641
217 641
218 641
219 641
220 641
221 641
222 641
223 641
224 641
225 641
226 641
227 641
228 641
229 641
230 641
231 641
232 641
233 641
234 641
235 641
236 641
237 641
238 641
239 641
240 641
241 641
242 641
243 641
244 641
245 641
246 641
247 641
248 641
249 641
250 641
251 641
252 641
253 641
254 641
255 641
256 641
257 641
258 641
259 641
260 641
261 641
262 641
263 641
264 641
265 641
266 641
267 641
268 641
269 641
270 641
271 641
272 641
273 641
274 641
275 641
276 641
277 641
278 641
279 641
280 641
281 641
282 641
283 641
284 641
285 641
286 641
287 641
288 641
289 641
290 641
291 641
292 641
293 641
294 641
295 641
296 641
297 641
298 641
299 641
300 641
301 641
302 641
303 641
304 641
305 641
306 641
307 641
308 641
309 641
310 641
311 641
312 641
313 641
314 641
315 641
316 641
317 641
318 641
319 641
320 641
321 641
322 641
323 641
324 641
325 641
326 641
327 641
328 641
329 641
330 641
331 641
332 641
333 641
334 641
335 641
336 641
337 641
338 641
339 641
340 641
341 641
342 641
343 641
344 641
345 641
346 641
347 641
348 641
349 641
350 641
351 641
352 641
353 641
354 641
355 641
356 641
357 641
358 641
359 641
360 641
361 641
362 641
363 641
364 641
365 641
366 641
367 641
368 641
369 641
370 641
371 641
372 641
373 641
374 641
375 641
376 641
377 641
378 641
379 641
380 641
381 641
382 641
383 641
384 641
385 641
386 641
387 641
388 641
389 641
390 641
391 641
392 641
393 641
394 641
395 641
396 641
397 641
398 641
399 641
400 641
401 641
402 641
403 641
404 641
405 641
406 641
407 641
408 641
409 641
410 641
411 641
412 641
413 641
414 641
415 641
416 641
417 641
418 641
419 641
420 641
421 641
422 641
423 641
424 641
425 641
426 641
427 641
428 641
429 641
430 641
431 641
432 641
433 641
434 641
435 641
436 641
437 641
438 641
439 641
440 641
441 641
442 641
443 641
444 641
445 641
446 641
447 641
448 641
449 641
450 641
451 641
452 641
453 641
454 641
455 641
456 641
457 641
458 641
459 641
460 641
461 641
462 641
463 641
464 641
465 641
466 641
467 641
468 641
469 641
470 641
471 641
472 641
473 641
474 641
475 641
476 641
477 641
478 641
479 641
480 641
481 641
482 641
483 641
484 641
485 641
486 641
487 641
488 641
489 641
490 641
491 641
492 641
493 641
494 641
495 641
496 641
497 641
498 641
499 641
500 641
501 641
502 641
503 641
504 641
505 641
506 641
507 641
508 641
509 641
510 641
511 641
512 641
513 641
514 641
515 641
516 641
517 641
518 641
519 641
520 641
521 641
522 641
523 641
524 641
525 641
526 641
527 641
528 641
529 641
530 641
531 641
532 641
533 641
534 641
535 641
536 641
537 641
538 641
539 641
540 641
541 641
542 641
543 641
544 641
545 641
546 641
547 641
548 641
549 641
550 641
551 641
552 641
553 641
554 641
555 641
556 641
557 641
558 641
559 641
560 641
561 641
562 641
563 641
564 641
565 641
566 641
567 641
568 641
569 641
570 641
571 641
572 641
573 641
574 641
575 641
576 641
577 641
578 641
579 641
580 641
581 641
582 641
583 641
584 641
585 641
586 641
587 641
588 641
589 641
590 641
591 641
592 641
593 641
594 641
595 641
596 641
597 641
598 641
599 641
600 641
601 641
602 641
603 641
604 641
605 641
606 641
607 641
608 641
609 641
610 641
611 641
612 641
613 641
614 641
615 641
616 641
617 641
618 641
619 641
620 641
621 641
622 641
623 641
624 641
625 641
626 641
627 641
628 641
629 641
630 641
631 641
632 641
633 641
634 641
635 641
636 641
637 641
638 641
639 641
640 641
641 642
