564
563
1 563
2 563
3 563
4 563
5 563
6 563
7 563
8 563
9 563
10 563
11 563
12 563
13 563
14 563
15 563
16 563
17 563
18 563
19 563
20 563
21 563
22 563
23 563
24 563
25 563
26 563
27 563
28 563
29 563
30 563
31 563
32 563
33 563
34 563
35 563
36 563
37 563
38 563
39 563
40 563
41 563
42 563
43 563
44 563
45 563
46 563
47 563
48 563
49 563
50 563
51 563
52 563
53 563
54 563
55 563
56 563
57 563
58 563
59 563
60 563
61 563
62 563
63 563
64 563
65 563
66 563
67 563
68 563
69 563
70 563
71 563
72 563
73 563
74 563
75 563
76 563
77 563
78 563
79 563
80 563
81 563
82 563
83 563
84 563
85 563
86 563
87 563
88 563
89 563
90 563
91 563
92 563
93 563
94 563
95 563
96 563
97 563
98 563
99 563
100 563
101 563
102 563
103 563
104 563
105 563
106 563
107 563
108 563
109 563
110 563
111 563
112 563
113 563
114 563
115 563
116 563
117 563
118 563
119 563
120 563
121 563
122 563
123 563
124 563
125 563
126 563
127 563
128 563
129 563
130 563
131 563
132 563
133 563
134 563
135 563
136 563
137 563
138 563
139 563
140 563
141 563
142 563
143 563
144 563
145 563
146 563
147 563
148 563
149 563
150 563
151 563
152 563
153 563
154 563
155 563
156 563
157 563
158 563
159 563
160 563
161 563
162 563
163 563
164 563
165 563
166 563
167 563
168 563
169 563
170 563
171 563
172 563
173 563
174 563
175 563
176 563
177 563
178 563
179 563
180 563
181 563
182 563
183 563
184 563
185 563
186 563
187 563
188 563
189 563
190 563
191 563
192 563
193 563
194 563
195 563
196 563
197 563
198 563
199 563
200 563
201 563
202 563
203 563
204 563
205 563
206 563
207 563
208 563
209 563
210 563
211 563
212 563
213 563
214 563
215 563
216 563
217 563
218 563
219 563
220 563
221 563
222 563
223 563
224 563
225 563
226 563
227 563
228 563
229 563
230 563
231 563
232 563
233 563
234 563
235 563
236 563
237 563
238 563
239 563
240 563
241 563
242 563
243 563
244 563
245 563
246 563
247 563
248 563
249 563
250 563
251 563
252 563
253 563
254 563
255 563
256 563
257 563
258 563
259 563
260 563
261 563
262 563
263 563
264 563
265 563
266 563
267 563
268 563
269 563
270 563
271 563
272 563
273 563
274 563
275 563
276 563
277 563
278 563
279 563
280 563
281 563
282 563
283 563
284 563
285 563
286 563
287 563
288 563
289 563
290 563
291 563
292 563
293 563
294 563
295 563
296 563
297 563
298 563
299 563
300 563
301 563
302 563
303 563
304 563
305 563
306 563
307 563
308 563
309 563
310 563
311 563
312 563
313 563
314 563
315 563
316 563
317 563
318 563
319 563
320 563
321 563
322 563
323 563
324 563
325 563
326 563
327 563
328 563
329 563
330 563
331 563
332 563
333 563
334 563
335 563
336 563
337 563
338 563
339 563
340 563
341 563
342 563
343 563
344 563
345 563
346 563
347 563
348 563
349 563
350 563
351 563
352 563
353 563
354 563
355 563
356 563
357 563
358 563
359 563
360 563
361 563
362 563
363 563
364 563
365 563
366 563
367 563
368 563
369 563
370 563
371 563
372 563
373 563
374 563
375 563
376 563
377 563
378 563
379 563
380 563
381 563
382 563
383 563
384 563
385 563
386 563
387 563
388 563
389 563
390 563
391 563
392 563
393 563
394 563
395 563
396 563
397 563
398 563
399 563
400 563
401 563
402 563
403 563
404 563
405 563
406 563
407 563
408 563
409 563
410 563
411 563
412 563
413 563
414 563
415 563
416 563
417 563
418 563
419 563
420 563
421 563
422 563
423 563
424 563
425 563
426 563
427 563
428 563
429 563
430 563
431 563
432 563
433 563
434 563
435 563
436 563
437 563
438 563
439 563
440 563
441 563
442 563
443 563
444 563
445 563
446 563
447 563
448 563
449 563
450 563
451 563
452 563
453 563
454 563
455 563
456 563
457 563
458 563
459 563
460 563
461 563
462 563
463 563
464 563
465 563
466 563
467 563
468 563
469 563
470 563
471 563
472 563
473 563
474 563
475 563
476 563
477 563
478 563
479 563
480 563
481 563
482 563
483 563
484 563
485 563
486 563
487 563
488 563
489 563
490 563
491 563
492 563
493 563
494 563
495 563
496 563
497 563
498 563
499 563
500 563
501 563
502 563
503 563
504 563
505 563
506 563
507 563
508 563
509 563
510 563
511 563
512 563
513 563
514 563
515 563
516 563
517 563
518 563
519 563
520 563
521 563
522 563
523 563
524 563
525 563
526 563
527 563
528 563
529 563
530 563
531 563
532 563
533 563
534 563
535 563
536 563
537 563
538 563
539 563
540 563
541 563
542 563
543 563
544 563
545 563
546 563
547 563
548 563
549 563
550 563
551 563
552 563
553 563
554 563
555 563
556 563
557 563
558 563
559 563
560 563
561 563
562 563
563 564
