937
936
1 936
2 936
3 936
4 936
5 936
6 936
7 936
8 936
9 936
10 936
11 936
12 936
13 936
14 936
15 936
16 936
17 936
18 936
19 936
20 936
21 936
22 936
23 936
24 936
25 936
26 936
27 936
28 936
29 936
30 936
31 936
32 936
33 936
34 936
35 936
36 936
37 936
38 936
39 936
40 936
41 936
42 936
43 936
44 936
45 936
46 936
47 936
48 936
49 936
50 936
51 936
52 936
53 936
54 936
55 936
56 936
57 936
58 936
59 936
60 936
61 936
62 936
63 936
64 936
65 936
66 936
67 936
68 936
69 936
70 936
71 936
72 936
73 936
74 936
75 936
76 936
77 936
78 936
79 936
80 936
81 936
82 936
83 936
84 936
85 936
86 936
87 936
88 936
89 936
90 936
91 936
92 936
93 936
94 936
95 936
96 936
97 936
98 936
99 936
100 936
101 936
102 936
103 936
104 936
105 936
106 936
107 936
108 936
109 936
110 936
111 936
112 936
113 936
114 936
115 936
116 936
117 936
118 936
119 936
120 936
121 936
122 936
123 936
124 936
125 936
126 936
127 936
128 936
129 936
130 936
131 936
132 936
133 936
134 936
135 936
136 936
137 936
138 936
139 936
140 936
141 936
142 936
143 936
144 936
145 936
146 936
147 936
148 936
149 936
150 936
151 936
152 936
153 936
154 936
155 936
156 936
157 936
158 936
159 936
160 936
161 936
162 936
163 936
164 936
165 936
166 936
167 936
168 936
169 936
170 936
171 936
172 936
173 936
174 936
175 936
176 936
177 936
178 936
179 936
180 936
181 936
182 936
183 936
184 936
185 936
186 936
187 936
188 936
189 936
190 936
191 936
192 936
193 936
194 936
195 936
196 936
197 936
198 936
199 936
200 936
201 936
202 936
203 936
204 936
205 936
206 936
207 936
208 936
209 936
210 936
211 936
212 936
213 936
214 936
215 936
216 936
217 936
218 936
219 936
220 936
221 936
222 936
223 936
224 936
225 936
226 936
227 936
228 936
229 936
230 936
231 936
232 936
233 936
234 936
235 936
236 936
237 936
238 936
239 936
240 936
241 936
242 936
243 936
244 936
245 936
246 936
247 936
248 936
249 936
250 936
251 936
252 936
253 936
254 936
255 936
256 936
257 936
258 936
259 936
260 936
261 936
262 936
263 936
264 936
265 936
266 936
267 936
268 936
269 936
270 936
271 936
272 936
273 936
274 936
275 936
276 936
277 936
278 936
279 936
280 936
281 936
282 936
283 936
284 936
285 936
286 936
287 936
288 936
289 936
290 936
291 936
292 936
293 936
294 936
295 936
296 936
297 936
298 936
299 936
300 936
301 936
302 936
303 936
304 936
305 936
306 936
307 936
308 936
309 936
310 936
311 936
312 936
313 936
314 936
315 936
316 936
317 936
318 936
319 936
320 936
321 936
322 936
323 936
324 936
325 936
326 936
327 936
328 936
329 936
330 936
331 936
332 936
333 936
334 936
335 936
336 936
337 936
338 936
339 936
340 936
341 936
342 936
343 936
344 936
345 936
346 936
347 936
348 936
349 936
350 936
351 936
352 936
353 936
354 936
355 936
356 936
357 936
358 936
359 936
360 936
361 936
362 936
363 936
364 936
365 936
366 936
367 936
368 936
369 936
370 936
371 936
372 936
373 936
374 936
375 936
376 936
377 936
378 936
379 936
380 936
381 936
382 936
383 936
384 936
385 936
386 936
387 936
388 936
389 936
390 936
391 936
392 936
393 936
394 936
395 936
396 936
397 936
398 936
399 936
400 936
401 936
402 936
403 936
404 936
405 936
406 936
407 936
408 936
409 936
410 936
411 936
412 936
413 936
414 936
415 936
416 936
417 936
418 936
419 936
420 936
421 936
422 936
423 936
424 936
425 936
426 936
427 936
428 936
429 936
430 936
431 936
432 936
433 936
434 936
435 936
436 936
437 936
438 936
439 936
440 936
441 936
442 936
443 936
444 936
445 936
446 936
447 936
448 936
449 936
450 936
451 936
452 936
453 936
454 936
455 936
456 936
457 936
458 936
459 936
460 936
461 936
462 936
463 936
464 936
465 936
466 936
467 936
468 936
469 936
470 936
471 936
472 936
473 936
474 936
475 936
476 936
477 936
478 936
479 936
480 936
481 936
482 936
483 936
484 936
485 936
486 936
487 936
488 936
489 936
490 936
491 936
492 936
493 936
494 936
495 936
496 936
497 936
498 936
499 936
500 936
501 936
502 936
503 936
504 936
505 936
506 936
507 936
508 936
509 936
510 936
511 936
512 936
513 936
514 936
515 936
516 936
517 936
518 936
519 936
520 936
521 936
522 936
523 936
524 936
525 936
526 936
527 936
528 936
529 936
530 936
531 936
532 936
533 936
534 936
535 936
536 936
537 936
538 936
539 936
540 936
541 936
542 936
543 936
544 936
545 936
546 936
547 936
548 936
549 936
550 936
551 936
552 936
553 936
554 936
555 936
556 936
557 936
558 936
559 936
560 936
561 936
562 936
563 936
564 936
565 936
566 936
567 936
568 936
569 936
570 936
571 936
572 936
573 936
574 936
575 936
576 936
577 936
578 936
579 936
580 936
581 936
582 936
583 936
584 936
585 936
586 936
587 936
588 936
589 936
590 936
591 936
592 936
593 936
594 936
595 936
596 936
597 936
598 936
599 936
600 936
601 936
602 936
603 936
604 936
605 936
606 936
607 936
608 936
609 936
610 936
611 936
612 936
613 936
614 936
615 936
616 936
617 936
618 936
619 936
620 936
621 936
622 936
623 936
624 936
625 936
626 936
627 936
628 936
629 936
630 936
631 936
632 936
633 936
634 936
635 936
636 936
637 936
638 936
639 936
640 936
641 936
642 936
643 936
644 936
645 936
646 936
647 936
648 936
649 936
650 936
651 936
652 936
653 936
654 936
655 936
656 936
657 936
658 936
659 936
660 936
661 936
662 936
663 936
664 936
665 936
666 936
667 936
668 936
669 936
670 936
671 936
672 936
673 936
674 936
675 936
676 936
677 936
678 936
679 936
680 936
681 936
682 936
683 936
684 936
685 936
686 936
687 936
688 936
689 936
690 936
691 936
692 936
693 936
694 936
695 936
696 936
697 936
698 936
699 936
700 936
701 936
702 936
703 936
704 936
705 936
706 936
707 936
708 936
709 936
710 936
711 936
712 936
713 936
714 936
715 936
716 936
717 936
718 936
719 936
720 936
721 936
722 936
723 936
724 936
725 936
726 936
727 936
728 936
729 936
730 936
731 936
732 936
733 936
734 936
735 936
736 936
737 936
738 936
739 936
740 936
741 936
742 936
743 936
744 936
745 936
746 936
747 936
748 936
749 936
750 936
751 936
752 936
753 936
754 936
755 936
756 936
757 936
758 936
759 936
760 936
761 936
762 936
763 936
764 936
765 936
766 936
767 936
768 936
769 936
770 936
771 936
772 936
773 936
774 936
775 936
776 936
777 936
778 936
779 936
780 936
781 936
782 936
783 936
784 936
785 936
786 936
787 936
788 936
789 936
790 936
791 936
792 936
793 936
794 936
795 936
796 936
797 936
798 936
799 936
800 936
801 936
802 936
803 936
804 936
805 936
806 936
807 936
808 936
809 936
810 936
811 936
812 936
813 936
814 936
815 936
816 936
817 936
818 936
819 936
820 936
821 936
822 936
823 936
824 936
825 936
826 936
827 936
828 936
829 936
830 936
831 936
832 936
833 936
834 936
835 936
836 936
837 936
838 936
839 936
840 936
841 936
842 936
843 936
844 936
845 936
846 936
847 936
848 936
849 936
850 936
851 936
852 936
853 936
854 936
855 936
856 936
857 936
858 936
859 936
860 936
861 936
862 936
863 936
864 936
865 936
866 936
867 936
868 936
869 936
870 936
871 936
872 936
873 936
874 936
875 936
876 936
877 936
878 936
879 936
880 936
881 936
882 936
883 936
884 936
885 936
886 936
887 936
888 936
889 936
890 936
891 936
892 936
893 936
894 936
895 936
896 936
897 936
898 936
899 936
900 936
901 936
902 936
903 936
904 936
905 936
906 936
907 936
908 936
909 936
910 936
911 936
912 936
913 936
914 936
915 936
916 936
917 936
918 936
919 936
920 936
921 936
922 936
923 936
924 936
925 936
926 936
927 936
928 936
929 936
930 936
931 936
932 936
933 936
934 936
935 936
936 937
