609
608
1 608
2 608
3 608
4 608
5 608
6 608
7 608
8 608
9 608
10 608
11 608
12 608
13 608
14 608
15 608
16 608
17 608
18 608
19 608
20 608
21 608
22 608
23 608
24 608
25 608
26 608
27 608
28 608
29 608
30 608
31 608
32 608
33 608
34 608
35 608
36 608
37 608
38 608
39 608
40 608
41 608
42 608
43 608
44 608
45 608
46 608
47 608
48 608
49 608
50 608
51 608
52 608
53 608
54 608
55 608
56 608
57 608
58 608
59 608
60 608
61 608
62 608
63 608
64 608
65 608
66 608
67 608
68 608
69 608
70 608
71 608
72 608
73 608
74 608
75 608
76 608
77 608
78 608
79 608
80 608
81 608
82 608
83 608
84 608
85 608
86 608
87 608
88 608
89 608
90 608
91 608
92 608
93 608
94 608
95 608
96 608
97 608
98 608
99 608
100 608
101 608
102 608
103 608
104 608
105 608
106 608
107 608
108 608
109 608
110 608
111 608
112 608
113 608
114 608
115 608
116 608
117 608
118 608
119 608
120 608
121 608
122 608
123 608
124 608
125 608
126 608
127 608
128 608
129 608
130 608
131 608
132 608
133 608
134 608
135 608
136 608
137 608
138 608
139 608
140 608
141 608
142 608
143 608
144 608
145 608
146 608
147 608
148 608
149 608
150 608
151 608
152 608
153 608
154 608
155 608
156 608
157 608
158 608
159 608
160 608
161 608
162 608
163 608
164 608
165 608
166 608
167 608
168 608
169 608
170 608
171 608
172 608
173 608
174 608
175 608
176 608
177 608
178 608
179 608
180 608
181 608
182 608
183 608
184 608
185 608
186 608
187 608
188 608
189 608
190 608
191 608
192 608
193 608
194 608
195 608
196 608
197 608
198 608
199 608
200 608
201 608
202 608
203 608
204 608
205 608
206 608
207 608
208 608
209 608
210 608
211 608
212 608
213 608
214 608
215 608
216 608
217 608
218 608
219 608
220 608
221 608
222 608
223 608
224 608
225 608
226 608
227 608
228 608
229 608
230 608
231 608
232 608
233 608
234 608
235 608
236 608
237 608
238 608
239 608
240 608
241 608
242 608
243 608
244 608
245 608
246 608
247 608
248 608
249 608
250 608
251 608
252 608
253 608
254 608
255 608
256 608
257 608
258 608
259 608
260 608
261 608
262 608
263 608
264 608
265 608
266 608
267 608
268 608
269 608
270 608
271 608
272 608
273 608
274 608
275 608
276 608
277 608
278 608
279 608
280 608
281 608
282 608
283 608
284 608
285 608
286 608
287 608
288 608
289 608
290 608
291 608
292 608
293 608
294 608
295 608
296 608
297 608
298 608
299 608
300 608
301 608
302 608
303 608
304 608
305 608
306 608
307 608
308 608
309 608
310 608
311 608
312 608
313 608
314 608
315 608
316 608
317 608
318 608
319 608
320 608
321 608
322 608
323 608
324 608
325 608
326 608
327 608
328 608
329 608
330 608
331 608
332 608
333 608
334 608
335 608
336 608
337 608
338 608
339 608
340 608
341 608
342 608
343 608
344 608
345 608
346 608
347 608
348 608
349 608
350 608
351 608
352 608
353 608
354 608
355 608
356 608
357 608
358 608
359 608
360 608
361 608
362 608
363 608
364 608
365 608
366 608
367 608
368 608
369 608
370 608
371 608
372 608
373 608
374 608
375 608
376 608
377 608
378 608
379 608
380 608
381 608
382 608
383 608
384 608
385 608
386 608
387 608
388 608
389 608
390 608
391 608
392 608
393 608
394 608
395 608
396 608
397 608
398 608
399 608
400 608
401 608
402 608
403 608
404 608
405 608
406 608
407 608
408 608
409 608
410 608
411 608
412 608
413 608
414 608
415 608
416 608
417 608
418 608
419 608
420 608
421 608
422 608
423 608
424 608
425 608
426 608
427 608
428 608
429 608
430 608
431 608
432 608
433 608
434 608
435 608
436 608
437 608
438 608
439 608
440 608
441 608
442 608
443 608
444 608
445 608
446 608
447 608
448 608
449 608
450 608
451 608
452 608
453 608
454 608
455 608
456 608
457 608
458 608
459 608
460 608
461 608
462 608
463 608
464 608
465 608
466 608
467 608
468 608
469 608
470 608
471 608
472 608
473 608
474 608
475 608
476 608
477 608
478 608
479 608
480 608
481 608
482 608
483 608
484 608
485 608
486 608
487 608
488 608
489 608
490 608
491 608
492 608
493 608
494 608
495 608
496 608
497 608
498 608
499 608
500 608
501 608
502 608
503 608
504 608
505 608
506 608
507 608
508 608
509 608
510 608
511 608
512 608
513 608
514 608
515 608
516 608
517 608
518 608
519 608
520 608
521 608
522 608
523 608
524 608
525 608
526 608
527 608
528 608
529 608
530 608
531 608
532 608
533 608
534 608
535 608
536 608
537 608
538 608
539 608
540 608
541 608
542 608
543 608
544 608
545 608
546 608
547 608
548 608
549 608
550 608
551 608
552 608
553 608
554 608
555 608
556 608
557 608
558 608
559 608
560 608
561 608
562 608
563 608
564 608
565 608
566 608
567 608
568 608
569 608
570 608
571 608
572 608
573 608
574 608
575 608
576 608
577 608
578 608
579 608
580 608
581 608
582 608
583 608
584 608
585 608
586 608
587 608
588 608
589 608
590 608
591 608
592 608
593 608
594 608
595 608
596 608
597 608
598 608
599 608
600 608
601 608
602 608
603 608
604 608
605 608
606 608
607 608
608 609
