460
459
1 459
2 459
3 459
4 459
5 459
6 459
7 459
8 459
9 459
10 459
11 459
12 459
13 459
14 459
15 459
16 459
17 459
18 459
19 459
20 459
21 459
22 459
23 459
24 459
25 459
26 459
27 459
28 459
29 459
30 459
31 459
32 459
33 459
34 459
35 459
36 459
37 459
38 459
39 459
40 459
41 459
42 459
43 459
44 459
45 459
46 459
47 459
48 459
49 459
50 459
51 459
52 459
53 459
54 459
55 459
56 459
57 459
58 459
59 459
60 459
61 459
62 459
63 459
64 459
65 459
66 459
67 459
68 459
69 459
70 459
71 459
72 459
73 459
74 459
75 459
76 459
77 459
78 459
79 459
80 459
81 459
82 459
83 459
84 459
85 459
86 459
87 459
88 459
89 459
90 459
91 459
92 459
93 459
94 459
95 459
96 459
97 459
98 459
99 459
100 459
101 459
102 459
103 459
104 459
105 459
106 459
107 459
108 459
109 459
110 459
111 459
112 459
113 459
114 459
115 459
116 459
117 459
118 459
119 459
120 459
121 459
122 459
123 459
124 459
125 459
126 459
127 459
128 459
129 459
130 459
131 459
132 459
133 459
134 459
135 459
136 459
137 459
138 459
139 459
140 459
141 459
142 459
143 459
144 459
145 459
146 459
147 459
148 459
149 459
150 459
151 459
152 459
153 459
154 459
155 459
156 459
157 459
158 459
159 459
160 459
161 459
162 459
163 459
164 459
165 459
166 459
167 459
168 459
169 459
170 459
171 459
172 459
173 459
174 459
175 459
176 459
177 459
178 459
179 459
180 459
181 459
182 459
183 459
184 459
185 459
186 459
187 459
188 459
189 459
190 459
191 459
192 459
193 459
194 459
195 459
196 459
197 459
198 459
199 459
200 459
201 459
202 459
203 459
204 459
205 459
206 459
207 459
208 459
209 459
210 459
211 459
212 459
213 459
214 459
215 459
216 459
217 459
218 459
219 459
220 459
221 459
222 459
223 459
224 459
225 459
226 459
227 459
228 459
229 459
230 459
231 459
232 459
233 459
234 459
235 459
236 459
237 459
238 459
239 459
240 459
241 459
242 459
243 459
244 459
245 459
246 459
247 459
248 459
249 459
250 459
251 459
252 459
253 459
254 459
255 459
256 459
257 459
258 459
259 459
260 459
261 459
262 459
263 459
264 459
265 459
266 459
267 459
268 459
269 459
270 459
271 459
272 459
273 459
274 459
275 459
276 459
277 459
278 459
279 459
280 459
281 459
282 459
283 459
284 459
285 459
286 459
287 459
288 459
289 459
290 459
291 459
292 459
293 459
294 459
295 459
296 459
297 459
298 459
299 459
300 459
301 459
302 459
303 459
304 459
305 459
306 459
307 459
308 459
309 459
310 459
311 459
312 459
313 459
314 459
315 459
316 459
317 459
318 459
319 459
320 459
321 459
322 459
323 459
324 459
325 459
326 459
327 459
328 459
329 459
330 459
331 459
332 459
333 459
334 459
335 459
336 459
337 459
338 459
339 459
340 459
341 459
342 459
343 459
344 459
345 459
346 459
347 459
348 459
349 459
350 459
351 459
352 459
353 459
354 459
355 459
356 459
357 459
358 459
359 459
360 459
361 459
362 459
363 459
364 459
365 459
366 459
367 459
368 459
369 459
370 459
371 459
372 459
373 459
374 459
375 459
376 459
377 459
378 459
379 459
380 459
381 459
382 459
383 459
384 459
385 459
386 459
387 459
388 459
389 459
390 459
391 459
392 459
393 459
394 459
395 459
396 459
397 459
398 459
399 459
400 459
401 459
402 459
403 459
404 459
405 459
406 459
407 459
408 459
409 459
410 459
411 459
412 459
413 459
414 459
415 459
416 459
417 459
418 459
419 459
420 459
421 459
422 459
423 459
424 459
425 459
426 459
427 459
428 459
429 459
430 459
431 459
432 459
433 459
434 459
435 459
436 459
437 459
438 459
439 459
440 459
441 459
442 459
443 459
444 459
445 459
446 459
447 459
448 459
449 459
450 459
451 459
452 459
453 459
454 459
455 459
456 459
457 459
458 459
459 460
