990
989
1 989
2 989
3 989
4 989
5 989
6 989
7 989
8 989
9 989
10 989
11 989
12 989
13 989
14 989
15 989
16 989
17 989
18 989
19 989
20 989
21 989
22 989
23 989
24 989
25 989
26 989
27 989
28 989
29 989
30 989
31 989
32 989
33 989
34 989
35 989
36 989
37 989
38 989
39 989
40 989
41 989
42 989
43 989
44 989
45 989
46 989
47 989
48 989
49 989
50 989
51 989
52 989
53 989
54 989
55 989
56 989
57 989
58 989
59 989
60 989
61 989
62 989
63 989
64 989
65 989
66 989
67 989
68 989
69 989
70 989
71 989
72 989
73 989
74 989
75 989
76 989
77 989
78 989
79 989
80 989
81 989
82 989
83 989
84 989
85 989
86 989
87 989
88 989
89 989
90 989
91 989
92 989
93 989
94 989
95 989
96 989
97 989
98 989
99 989
100 989
101 989
102 989
103 989
104 989
105 989
106 989
107 989
108 989
109 989
110 989
111 989
112 989
113 989
114 989
115 989
116 989
117 989
118 989
119 989
120 989
121 989
122 989
123 989
124 989
125 989
126 989
127 989
128 989
129 989
130 989
131 989
132 989
133 989
134 989
135 989
136 989
137 989
138 989
139 989
140 989
141 989
142 989
143 989
144 989
145 989
146 989
147 989
148 989
149 989
150 989
151 989
152 989
153 989
154 989
155 989
156 989
157 989
158 989
159 989
160 989
161 989
162 989
163 989
164 989
165 989
166 989
167 989
168 989
169 989
170 989
171 989
172 989
173 989
174 989
175 989
176 989
177 989
178 989
179 989
180 989
181 989
182 989
183 989
184 989
185 989
186 989
187 989
188 989
189 989
190 989
191 989
192 989
193 989
194 989
195 989
196 989
197 989
198 989
199 989
200 989
201 989
202 989
203 989
204 989
205 989
206 989
207 989
208 989
209 989
210 989
211 989
212 989
213 989
214 989
215 989
216 989
217 989
218 989
219 989
220 989
221 989
222 989
223 989
224 989
225 989
226 989
227 989
228 989
229 989
230 989
231 989
232 989
233 989
234 989
235 989
236 989
237 989
238 989
239 989
240 989
241 989
242 989
243 989
244 989
245 989
246 989
247 989
248 989
249 989
250 989
251 989
252 989
253 989
254 989
255 989
256 989
257 989
258 989
259 989
260 989
261 989
262 989
263 989
264 989
265 989
266 989
267 989
268 989
269 989
270 989
271 989
272 989
273 989
274 989
275 989
276 989
277 989
278 989
279 989
280 989
281 989
282 989
283 989
284 989
285 989
286 989
287 989
288 989
289 989
290 989
291 989
292 989
293 989
294 989
295 989
296 989
297 989
298 989
299 989
300 989
301 989
302 989
303 989
304 989
305 989
306 989
307 989
308 989
309 989
310 989
311 989
312 989
313 989
314 989
315 989
316 989
317 989
318 989
319 989
320 989
321 989
322 989
323 989
324 989
325 989
326 989
327 989
328 989
329 989
330 989
331 989
332 989
333 989
334 989
335 989
336 989
337 989
338 989
339 989
340 989
341 989
342 989
343 989
344 989
345 989
346 989
347 989
348 989
349 989
350 989
351 989
352 989
353 989
354 989
355 989
356 989
357 989
358 989
359 989
360 989
361 989
362 989
363 989
364 989
365 989
366 989
367 989
368 989
369 989
370 989
371 989
372 989
373 989
374 989
375 989
376 989
377 989
378 989
379 989
380 989
381 989
382 989
383 989
384 989
385 989
386 989
387 989
388 989
389 989
390 989
391 989
392 989
393 989
394 989
395 989
396 989
397 989
398 989
399 989
400 989
401 989
402 989
403 989
404 989
405 989
406 989
407 989
408 989
409 989
410 989
411 989
412 989
413 989
414 989
415 989
416 989
417 989
418 989
419 989
420 989
421 989
422 989
423 989
424 989
425 989
426 989
427 989
428 989
429 989
430 989
431 989
432 989
433 989
434 989
435 989
436 989
437 989
438 989
439 989
440 989
441 989
442 989
443 989
444 989
445 989
446 989
447 989
448 989
449 989
450 989
451 989
452 989
453 989
454 989
455 989
456 989
457 989
458 989
459 989
460 989
461 989
462 989
463 989
464 989
465 989
466 989
467 989
468 989
469 989
470 989
471 989
472 989
473 989
474 989
475 989
476 989
477 989
478 989
479 989
480 989
481 989
482 989
483 989
484 989
485 989
486 989
487 989
488 989
489 989
490 989
491 989
492 989
493 989
494 989
495 989
496 989
497 989
498 989
499 989
500 989
501 989
502 989
503 989
504 989
505 989
506 989
507 989
508 989
509 989
510 989
511 989
512 989
513 989
514 989
515 989
516 989
517 989
518 989
519 989
520 989
521 989
522 989
523 989
524 989
525 989
526 989
527 989
528 989
529 989
530 989
531 989
532 989
533 989
534 989
535 989
536 989
537 989
538 989
539 989
540 989
541 989
542 989
543 989
544 989
545 989
546 989
547 989
548 989
549 989
550 989
551 989
552 989
553 989
554 989
555 989
556 989
557 989
558 989
559 989
560 989
561 989
562 989
563 989
564 989
565 989
566 989
567 989
568 989
569 989
570 989
571 989
572 989
573 989
574 989
575 989
576 989
577 989
578 989
579 989
580 989
581 989
582 989
583 989
584 989
585 989
586 989
587 989
588 989
589 989
590 989
591 989
592 989
593 989
594 989
595 989
596 989
597 989
598 989
599 989
600 989
601 989
602 989
603 989
604 989
605 989
606 989
607 989
608 989
609 989
610 989
611 989
612 989
613 989
614 989
615 989
616 989
617 989
618 989
619 989
620 989
621 989
622 989
623 989
624 989
625 989
626 989
627 989
628 989
629 989
630 989
631 989
632 989
633 989
634 989
635 989
636 989
637 989
638 989
639 989
640 989
641 989
642 989
643 989
644 989
645 989
646 989
647 989
648 989
649 989
650 989
651 989
652 989
653 989
654 989
655 989
656 989
657 989
658 989
659 989
660 989
661 989
662 989
663 989
664 989
665 989
666 989
667 989
668 989
669 989
670 989
671 989
672 989
673 989
674 989
675 989
676 989
677 989
678 989
679 989
680 989
681 989
682 989
683 989
684 989
685 989
686 989
687 989
688 989
689 989
690 989
691 989
692 989
693 989
694 989
695 989
696 989
697 989
698 989
699 989
700 989
701 989
702 989
703 989
704 989
705 989
706 989
707 989
708 989
709 989
710 989
711 989
712 989
713 989
714 989
715 989
716 989
717 989
718 989
719 989
720 989
721 989
722 989
723 989
724 989
725 989
726 989
727 989
728 989
729 989
730 989
731 989
732 989
733 989
734 989
735 989
736 989
737 989
738 989
739 989
740 989
741 989
742 989
743 989
744 989
745 989
746 989
747 989
748 989
749 989
750 989
751 989
752 989
753 989
754 989
755 989
756 989
757 989
758 989
759 989
760 989
761 989
762 989
763 989
764 989
765 989
766 989
767 989
768 989
769 989
770 989
771 989
772 989
773 989
774 989
775 989
776 989
777 989
778 989
779 989
780 989
781 989
782 989
783 989
784 989
785 989
786 989
787 989
788 989
789 989
790 989
791 989
792 989
793 989
794 989
795 989
796 989
797 989
798 989
799 989
800 989
801 989
802 989
803 989
804 989
805 989
806 989
807 989
808 989
809 989
810 989
811 989
812 989
813 989
814 989
815 989
816 989
817 989
818 989
819 989
820 989
821 989
822 989
823 989
824 989
825 989
826 989
827 989
828 989
829 989
830 989
831 989
832 989
833 989
834 989
835 989
836 989
837 989
838 989
839 989
840 989
841 989
842 989
843 989
844 989
845 989
846 989
847 989
848 989
849 989
850 989
851 989
852 989
853 989
854 989
855 989
856 989
857 989
858 989
859 989
860 989
861 989
862 989
863 989
864 989
865 989
866 989
867 989
868 989
869 989
870 989
871 989
872 989
873 989
874 989
875 989
876 989
877 989
878 989
879 989
880 989
881 989
882 989
883 989
884 989
885 989
886 989
887 989
888 989
889 989
890 989
891 989
892 989
893 989
894 989
895 989
896 989
897 989
898 989
899 989
900 989
901 989
902 989
903 989
904 989
905 989
906 989
907 989
908 989
909 989
910 989
911 989
912 989
913 989
914 989
915 989
916 989
917 989
918 989
919 989
920 989
921 989
922 989
923 989
924 989
925 989
926 989
927 989
928 989
929 989
930 989
931 989
932 989
933 989
934 989
935 989
936 989
937 989
938 989
939 989
940 989
941 989
942 989
943 989
944 989
945 989
946 989
947 989
948 989
949 989
950 989
951 989
952 989
953 989
954 989
955 989
956 989
957 989
958 989
959 989
960 989
961 989
962 989
963 989
964 989
965 989
966 989
967 989
968 989
969 989
970 989
971 989
972 989
973 989
974 989
975 989
976 989
977 989
978 989
979 989
980 989
981 989
982 989
983 989
984 989
985 989
986 989
987 989
988 989
989 990
