970
969
1 969
2 969
3 969
4 969
5 969
6 969
7 969
8 969
9 969
10 969
11 969
12 969
13 969
14 969
15 969
16 969
17 969
18 969
19 969
20 969
21 969
22 969
23 969
24 969
25 969
26 969
27 969
28 969
29 969
30 969
31 969
32 969
33 969
34 969
35 969
36 969
37 969
38 969
39 969
40 969
41 969
42 969
43 969
44 969
45 969
46 969
47 969
48 969
49 969
50 969
51 969
52 969
53 969
54 969
55 969
56 969
57 969
58 969
59 969
60 969
61 969
62 969
63 969
64 969
65 969
66 969
67 969
68 969
69 969
70 969
71 969
72 969
73 969
74 969
75 969
76 969
77 969
78 969
79 969
80 969
81 969
82 969
83 969
84 969
85 969
86 969
87 969
88 969
89 969
90 969
91 969
92 969
93 969
94 969
95 969
96 969
97 969
98 969
99 969
100 969
101 969
102 969
103 969
104 969
105 969
106 969
107 969
108 969
109 969
110 969
111 969
112 969
113 969
114 969
115 969
116 969
117 969
118 969
119 969
120 969
121 969
122 969
123 969
124 969
125 969
126 969
127 969
128 969
129 969
130 969
131 969
132 969
133 969
134 969
135 969
136 969
137 969
138 969
139 969
140 969
141 969
142 969
143 969
144 969
145 969
146 969
147 969
148 969
149 969
150 969
151 969
152 969
153 969
154 969
155 969
156 969
157 969
158 969
159 969
160 969
161 969
162 969
163 969
164 969
165 969
166 969
167 969
168 969
169 969
170 969
171 969
172 969
173 969
174 969
175 969
176 969
177 969
178 969
179 969
180 969
181 969
182 969
183 969
184 969
185 969
186 969
187 969
188 969
189 969
190 969
191 969
192 969
193 969
194 969
195 969
196 969
197 969
198 969
199 969
200 969
201 969
202 969
203 969
204 969
205 969
206 969
207 969
208 969
209 969
210 969
211 969
212 969
213 969
214 969
215 969
216 969
217 969
218 969
219 969
220 969
221 969
222 969
223 969
224 969
225 969
226 969
227 969
228 969
229 969
230 969
231 969
232 969
233 969
234 969
235 969
236 969
237 969
238 969
239 969
240 969
241 969
242 969
243 969
244 969
245 969
246 969
247 969
248 969
249 969
250 969
251 969
252 969
253 969
254 969
255 969
256 969
257 969
258 969
259 969
260 969
261 969
262 969
263 969
264 969
265 969
266 969
267 969
268 969
269 969
270 969
271 969
272 969
273 969
274 969
275 969
276 969
277 969
278 969
279 969
280 969
281 969
282 969
283 969
284 969
285 969
286 969
287 969
288 969
289 969
290 969
291 969
292 969
293 969
294 969
295 969
296 969
297 969
298 969
299 969
300 969
301 969
302 969
303 969
304 969
305 969
306 969
307 969
308 969
309 969
310 969
311 969
312 969
313 969
314 969
315 969
316 969
317 969
318 969
319 969
320 969
321 969
322 969
323 969
324 969
325 969
326 969
327 969
328 969
329 969
330 969
331 969
332 969
333 969
334 969
335 969
336 969
337 969
338 969
339 969
340 969
341 969
342 969
343 969
344 969
345 969
346 969
347 969
348 969
349 969
350 969
351 969
352 969
353 969
354 969
355 969
356 969
357 969
358 969
359 969
360 969
361 969
362 969
363 969
364 969
365 969
366 969
367 969
368 969
369 969
370 969
371 969
372 969
373 969
374 969
375 969
376 969
377 969
378 969
379 969
380 969
381 969
382 969
383 969
384 969
385 969
386 969
387 969
388 969
389 969
390 969
391 969
392 969
393 969
394 969
395 969
396 969
397 969
398 969
399 969
400 969
401 969
402 969
403 969
404 969
405 969
406 969
407 969
408 969
409 969
410 969
411 969
412 969
413 969
414 969
415 969
416 969
417 969
418 969
419 969
420 969
421 969
422 969
423 969
424 969
425 969
426 969
427 969
428 969
429 969
430 969
431 969
432 969
433 969
434 969
435 969
436 969
437 969
438 969
439 969
440 969
441 969
442 969
443 969
444 969
445 969
446 969
447 969
448 969
449 969
450 969
451 969
452 969
453 969
454 969
455 969
456 969
457 969
458 969
459 969
460 969
461 969
462 969
463 969
464 969
465 969
466 969
467 969
468 969
469 969
470 969
471 969
472 969
473 969
474 969
475 969
476 969
477 969
478 969
479 969
480 969
481 969
482 969
483 969
484 969
485 969
486 969
487 969
488 969
489 969
490 969
491 969
492 969
493 969
494 969
495 969
496 969
497 969
498 969
499 969
500 969
501 969
502 969
503 969
504 969
505 969
506 969
507 969
508 969
509 969
510 969
511 969
512 969
513 969
514 969
515 969
516 969
517 969
518 969
519 969
520 969
521 969
522 969
523 969
524 969
525 969
526 969
527 969
528 969
529 969
530 969
531 969
532 969
533 969
534 969
535 969
536 969
537 969
538 969
539 969
540 969
541 969
542 969
543 969
544 969
545 969
546 969
547 969
548 969
549 969
550 969
551 969
552 969
553 969
554 969
555 969
556 969
557 969
558 969
559 969
560 969
561 969
562 969
563 969
564 969
565 969
566 969
567 969
568 969
569 969
570 969
571 969
572 969
573 969
574 969
575 969
576 969
577 969
578 969
579 969
580 969
581 969
582 969
583 969
584 969
585 969
586 969
587 969
588 969
589 969
590 969
591 969
592 969
593 969
594 969
595 969
596 969
597 969
598 969
599 969
600 969
601 969
602 969
603 969
604 969
605 969
606 969
607 969
608 969
609 969
610 969
611 969
612 969
613 969
614 969
615 969
616 969
617 969
618 969
619 969
620 969
621 969
622 969
623 969
624 969
625 969
626 969
627 969
628 969
629 969
630 969
631 969
632 969
633 969
634 969
635 969
636 969
637 969
638 969
639 969
640 969
641 969
642 969
643 969
644 969
645 969
646 969
647 969
648 969
649 969
650 969
651 969
652 969
653 969
654 969
655 969
656 969
657 969
658 969
659 969
660 969
661 969
662 969
663 969
664 969
665 969
666 969
667 969
668 969
669 969
670 969
671 969
672 969
673 969
674 969
675 969
676 969
677 969
678 969
679 969
680 969
681 969
682 969
683 969
684 969
685 969
686 969
687 969
688 969
689 969
690 969
691 969
692 969
693 969
694 969
695 969
696 969
697 969
698 969
699 969
700 969
701 969
702 969
703 969
704 969
705 969
706 969
707 969
708 969
709 969
710 969
711 969
712 969
713 969
714 969
715 969
716 969
717 969
718 969
719 969
720 969
721 969
722 969
723 969
724 969
725 969
726 969
727 969
728 969
729 969
730 969
731 969
732 969
733 969
734 969
735 969
736 969
737 969
738 969
739 969
740 969
741 969
742 969
743 969
744 969
745 969
746 969
747 969
748 969
749 969
750 969
751 969
752 969
753 969
754 969
755 969
756 969
757 969
758 969
759 969
760 969
761 969
762 969
763 969
764 969
765 969
766 969
767 969
768 969
769 969
770 969
771 969
772 969
773 969
774 969
775 969
776 969
777 969
778 969
779 969
780 969
781 969
782 969
783 969
784 969
785 969
786 969
787 969
788 969
789 969
790 969
791 969
792 969
793 969
794 969
795 969
796 969
797 969
798 969
799 969
800 969
801 969
802 969
803 969
804 969
805 969
806 969
807 969
808 969
809 969
810 969
811 969
812 969
813 969
814 969
815 969
816 969
817 969
818 969
819 969
820 969
821 969
822 969
823 969
824 969
825 969
826 969
827 969
828 969
829 969
830 969
831 969
832 969
833 969
834 969
835 969
836 969
837 969
838 969
839 969
840 969
841 969
842 969
843 969
844 969
845 969
846 969
847 969
848 969
849 969
850 969
851 969
852 969
853 969
854 969
855 969
856 969
857 969
858 969
859 969
860 969
861 969
862 969
863 969
864 969
865 969
866 969
867 969
868 969
869 969
870 969
871 969
872 969
873 969
874 969
875 969
876 969
877 969
878 969
879 969
880 969
881 969
882 969
883 969
884 969
885 969
886 969
887 969
888 969
889 969
890 969
891 969
892 969
893 969
894 969
895 969
896 969
897 969
898 969
899 969
900 969
901 969
902 969
903 969
904 969
905 969
906 969
907 969
908 969
909 969
910 969
911 969
912 969
913 969
914 969
915 969
916 969
917 969
918 969
919 969
920 969
921 969
922 969
923 969
924 969
925 969
926 969
927 969
928 969
929 969
930 969
931 969
932 969
933 969
934 969
935 969
936 969
937 969
938 969
939 969
940 969
941 969
942 969
943 969
944 969
945 969
946 969
947 969
948 969
949 969
950 969
951 969
952 969
953 969
954 969
955 969
956 969
957 969
958 969
959 969
960 969
961 969
962 969
963 969
964 969
965 969
966 969
967 969
968 969
969 970
