783
782
1 782
2 782
3 782
4 782
5 782
6 782
7 782
8 782
9 782
10 782
11 782
12 782
13 782
14 782
15 782
16 782
17 782
18 782
19 782
20 782
21 782
22 782
23 782
24 782
25 782
26 782
27 782
28 782
29 782
30 782
31 782
32 782
33 782
34 782
35 782
36 782
37 782
38 782
39 782
40 782
41 782
42 782
43 782
44 782
45 782
46 782
47 782
48 782
49 782
50 782
51 782
52 782
53 782
54 782
55 782
56 782
57 782
58 782
59 782
60 782
61 782
62 782
63 782
64 782
65 782
66 782
67 782
68 782
69 782
70 782
71 782
72 782
73 782
74 782
75 782
76 782
77 782
78 782
79 782
80 782
81 782
82 782
83 782
84 782
85 782
86 782
87 782
88 782
89 782
90 782
91 782
92 782
93 782
94 782
95 782
96 782
97 782
98 782
99 782
100 782
101 782
102 782
103 782
104 782
105 782
106 782
107 782
108 782
109 782
110 782
111 782
112 782
113 782
114 782
115 782
116 782
117 782
118 782
119 782
120 782
121 782
122 782
123 782
124 782
125 782
126 782
127 782
128 782
129 782
130 782
131 782
132 782
133 782
134 782
135 782
136 782
137 782
138 782
139 782
140 782
141 782
142 782
143 782
144 782
145 782
146 782
147 782
148 782
149 782
150 782
151 782
152 782
153 782
154 782
155 782
156 782
157 782
158 782
159 782
160 782
161 782
162 782
163 782
164 782
165 782
166 782
167 782
168 782
169 782
170 782
171 782
172 782
173 782
174 782
175 782
176 782
177 782
178 782
179 782
180 782
181 782
182 782
183 782
184 782
185 782
186 782
187 782
188 782
189 782
190 782
191 782
192 782
193 782
194 782
195 782
196 782
197 782
198 782
199 782
200 782
201 782
202 782
203 782
204 782
205 782
206 782
207 782
208 782
209 782
210 782
211 782
212 782
213 782
214 782
215 782
216 782
217 782
218 782
219 782
220 782
221 782
222 782
223 782
224 782
225 782
226 782
227 782
228 782
229 782
230 782
231 782
232 782
233 782
234 782
235 782
236 782
237 782
238 782
239 782
240 782
241 782
242 782
243 782
244 782
245 782
246 782
247 782
248 782
249 782
250 782
251 782
252 782
253 782
254 782
255 782
256 782
257 782
258 782
259 782
260 782
261 782
262 782
263 782
264 782
265 782
266 782
267 782
268 782
269 782
270 782
271 782
272 782
273 782
274 782
275 782
276 782
277 782
278 782
279 782
280 782
281 782
282 782
283 782
284 782
285 782
286 782
287 782
288 782
289 782
290 782
291 782
292 782
293 782
294 782
295 782
296 782
297 782
298 782
299 782
300 782
301 782
302 782
303 782
304 782
305 782
306 782
307 782
308 782
309 782
310 782
311 782
312 782
313 782
314 782
315 782
316 782
317 782
318 782
319 782
320 782
321 782
322 782
323 782
324 782
325 782
326 782
327 782
328 782
329 782
330 782
331 782
332 782
333 782
334 782
335 782
336 782
337 782
338 782
339 782
340 782
341 782
342 782
343 782
344 782
345 782
346 782
347 782
348 782
349 782
350 782
351 782
352 782
353 782
354 782
355 782
356 782
357 782
358 782
359 782
360 782
361 782
362 782
363 782
364 782
365 782
366 782
367 782
368 782
369 782
370 782
371 782
372 782
373 782
374 782
375 782
376 782
377 782
378 782
379 782
380 782
381 782
382 782
383 782
384 782
385 782
386 782
387 782
388 782
389 782
390 782
391 782
392 782
393 782
394 782
395 782
396 782
397 782
398 782
399 782
400 782
401 782
402 782
403 782
404 782
405 782
406 782
407 782
408 782
409 782
410 782
411 782
412 782
413 782
414 782
415 782
416 782
417 782
418 782
419 782
420 782
421 782
422 782
423 782
424 782
425 782
426 782
427 782
428 782
429 782
430 782
431 782
432 782
433 782
434 782
435 782
436 782
437 782
438 782
439 782
440 782
441 782
442 782
443 782
444 782
445 782
446 782
447 782
448 782
449 782
450 782
451 782
452 782
453 782
454 782
455 782
456 782
457 782
458 782
459 782
460 782
461 782
462 782
463 782
464 782
465 782
466 782
467 782
468 782
469 782
470 782
471 782
472 782
473 782
474 782
475 782
476 782
477 782
478 782
479 782
480 782
481 782
482 782
483 782
484 782
485 782
486 782
487 782
488 782
489 782
490 782
491 782
492 782
493 782
494 782
495 782
496 782
497 782
498 782
499 782
500 782
501 782
502 782
503 782
504 782
505 782
506 782
507 782
508 782
509 782
510 782
511 782
512 782
513 782
514 782
515 782
516 782
517 782
518 782
519 782
520 782
521 782
522 782
523 782
524 782
525 782
526 782
527 782
528 782
529 782
530 782
531 782
532 782
533 782
534 782
535 782
536 782
537 782
538 782
539 782
540 782
541 782
542 782
543 782
544 782
545 782
546 782
547 782
548 782
549 782
550 782
551 782
552 782
553 782
554 782
555 782
556 782
557 782
558 782
559 782
560 782
561 782
562 782
563 782
564 782
565 782
566 782
567 782
568 782
569 782
570 782
571 782
572 782
573 782
574 782
575 782
576 782
577 782
578 782
579 782
580 782
581 782
582 782
583 782
584 782
585 782
586 782
587 782
588 782
589 782
590 782
591 782
592 782
593 782
594 782
595 782
596 782
597 782
598 782
599 782
600 782
601 782
602 782
603 782
604 782
605 782
606 782
607 782
608 782
609 782
610 782
611 782
612 782
613 782
614 782
615 782
616 782
617 782
618 782
619 782
620 782
621 782
622 782
623 782
624 782
625 782
626 782
627 782
628 782
629 782
630 782
631 782
632 782
633 782
634 782
635 782
636 782
637 782
638 782
639 782
640 782
641 782
642 782
643 782
644 782
645 782
646 782
647 782
648 782
649 782
650 782
651 782
652 782
653 782
654 782
655 782
656 782
657 782
658 782
659 782
660 782
661 782
662 782
663 782
664 782
665 782
666 782
667 782
668 782
669 782
670 782
671 782
672 782
673 782
674 782
675 782
676 782
677 782
678 782
679 782
680 782
681 782
682 782
683 782
684 782
685 782
686 782
687 782
688 782
689 782
690 782
691 782
692 782
693 782
694 782
695 782
696 782
697 782
698 782
699 782
700 782
701 782
702 782
703 782
704 782
705 782
706 782
707 782
708 782
709 782
710 782
711 782
712 782
713 782
714 782
715 782
716 782
717 782
718 782
719 782
720 782
721 782
722 782
723 782
724 782
725 782
726 782
727 782
728 782
729 782
730 782
731 782
732 782
733 782
734 782
735 782
736 782
737 782
738 782
739 782
740 782
741 782
742 782
743 782
744 782
745 782
746 782
747 782
748 782
749 782
750 782
751 782
752 782
753 782
754 782
755 782
756 782
757 782
758 782
759 782
760 782
761 782
762 782
763 782
764 782
765 782
766 782
767 782
768 782
769 782
770 782
771 782
772 782
773 782
774 782
775 782
776 782
777 782
778 782
779 782
780 782
781 782
782 783
