589
588
1 588
2 588
3 588
4 588
5 588
6 588
7 588
8 588
9 588
10 588
11 588
12 588
13 588
14 588
15 588
16 588
17 588
18 588
19 588
20 588
21 588
22 588
23 588
24 588
25 588
26 588
27 588
28 588
29 588
30 588
31 588
32 588
33 588
34 588
35 588
36 588
37 588
38 588
39 588
40 588
41 588
42 588
43 588
44 588
45 588
46 588
47 588
48 588
49 588
50 588
51 588
52 588
53 588
54 588
55 588
56 588
57 588
58 588
59 588
60 588
61 588
62 588
63 588
64 588
65 588
66 588
67 588
68 588
69 588
70 588
71 588
72 588
73 588
74 588
75 588
76 588
77 588
78 588
79 588
80 588
81 588
82 588
83 588
84 588
85 588
86 588
87 588
88 588
89 588
90 588
91 588
92 588
93 588
94 588
95 588
96 588
97 588
98 588
99 588
100 588
101 588
102 588
103 588
104 588
105 588
106 588
107 588
108 588
109 588
110 588
111 588
112 588
113 588
114 588
115 588
116 588
117 588
118 588
119 588
120 588
121 588
122 588
123 588
124 588
125 588
126 588
127 588
128 588
129 588
130 588
131 588
132 588
133 588
134 588
135 588
136 588
137 588
138 588
139 588
140 588
141 588
142 588
143 588
144 588
145 588
146 588
147 588
148 588
149 588
150 588
151 588
152 588
153 588
154 588
155 588
156 588
157 588
158 588
159 588
160 588
161 588
162 588
163 588
164 588
165 588
166 588
167 588
168 588
169 588
170 588
171 588
172 588
173 588
174 588
175 588
176 588
177 588
178 588
179 588
180 588
181 588
182 588
183 588
184 588
185 588
186 588
187 588
188 588
189 588
190 588
191 588
192 588
193 588
194 588
195 588
196 588
197 588
198 588
199 588
200 588
201 588
202 588
203 588
204 588
205 588
206 588
207 588
208 588
209 588
210 588
211 588
212 588
213 588
214 588
215 588
216 588
217 588
218 588
219 588
220 588
221 588
222 588
223 588
224 588
225 588
226 588
227 588
228 588
229 588
230 588
231 588
232 588
233 588
234 588
235 588
236 588
237 588
238 588
239 588
240 588
241 588
242 588
243 588
244 588
245 588
246 588
247 588
248 588
249 588
250 588
251 588
252 588
253 588
254 588
255 588
256 588
257 588
258 588
259 588
260 588
261 588
262 588
263 588
264 588
265 588
266 588
267 588
268 588
269 588
270 588
271 588
272 588
273 588
274 588
275 588
276 588
277 588
278 588
279 588
280 588
281 588
282 588
283 588
284 588
285 588
286 588
287 588
288 588
289 588
290 588
291 588
292 588
293 588
294 588
295 588
296 588
297 588
298 588
299 588
300 588
301 588
302 588
303 588
304 588
305 588
306 588
307 588
308 588
309 588
310 588
311 588
312 588
313 588
314 588
315 588
316 588
317 588
318 588
319 588
320 588
321 588
322 588
323 588
324 588
325 588
326 588
327 588
328 588
329 588
330 588
331 588
332 588
333 588
334 588
335 588
336 588
337 588
338 588
339 588
340 588
341 588
342 588
343 588
344 588
345 588
346 588
347 588
348 588
349 588
350 588
351 588
352 588
353 588
354 588
355 588
356 588
357 588
358 588
359 588
360 588
361 588
362 588
363 588
364 588
365 588
366 588
367 588
368 588
369 588
370 588
371 588
372 588
373 588
374 588
375 588
376 588
377 588
378 588
379 588
380 588
381 588
382 588
383 588
384 588
385 588
386 588
387 588
388 588
389 588
390 588
391 588
392 588
393 588
394 588
395 588
396 588
397 588
398 588
399 588
400 588
401 588
402 588
403 588
404 588
405 588
406 588
407 588
408 588
409 588
410 588
411 588
412 588
413 588
414 588
415 588
416 588
417 588
418 588
419 588
420 588
421 588
422 588
423 588
424 588
425 588
426 588
427 588
428 588
429 588
430 588
431 588
432 588
433 588
434 588
435 588
436 588
437 588
438 588
439 588
440 588
441 588
442 588
443 588
444 588
445 588
446 588
447 588
448 588
449 588
450 588
451 588
452 588
453 588
454 588
455 588
456 588
457 588
458 588
459 588
460 588
461 588
462 588
463 588
464 588
465 588
466 588
467 588
468 588
469 588
470 588
471 588
472 588
473 588
474 588
475 588
476 588
477 588
478 588
479 588
480 588
481 588
482 588
483 588
484 588
485 588
486 588
487 588
488 588
489 588
490 588
491 588
492 588
493 588
494 588
495 588
496 588
497 588
498 588
499 588
500 588
501 588
502 588
503 588
504 588
505 588
506 588
507 588
508 588
509 588
510 588
511 588
512 588
513 588
514 588
515 588
516 588
517 588
518 588
519 588
520 588
521 588
522 588
523 588
524 588
525 588
526 588
527 588
528 588
529 588
530 588
531 588
532 588
533 588
534 588
535 588
536 588
537 588
538 588
539 588
540 588
541 588
542 588
543 588
544 588
545 588
546 588
547 588
548 588
549 588
550 588
551 588
552 588
553 588
554 588
555 588
556 588
557 588
558 588
559 588
560 588
561 588
562 588
563 588
564 588
565 588
566 588
567 588
568 588
569 588
570 588
571 588
572 588
573 588
574 588
575 588
576 588
577 588
578 588
579 588
580 588
581 588
582 588
583 588
584 588
585 588
586 588
587 588
588 589
