934
933
1 933
2 933
3 933
4 933
5 933
6 933
7 933
8 933
9 933
10 933
11 933
12 933
13 933
14 933
15 933
16 933
17 933
18 933
19 933
20 933
21 933
22 933
23 933
24 933
25 933
26 933
27 933
28 933
29 933
30 933
31 933
32 933
33 933
34 933
35 933
36 933
37 933
38 933
39 933
40 933
41 933
42 933
43 933
44 933
45 933
46 933
47 933
48 933
49 933
50 933
51 933
52 933
53 933
54 933
55 933
56 933
57 933
58 933
59 933
60 933
61 933
62 933
63 933
64 933
65 933
66 933
67 933
68 933
69 933
70 933
71 933
72 933
73 933
74 933
75 933
76 933
77 933
78 933
79 933
80 933
81 933
82 933
83 933
84 933
85 933
86 933
87 933
88 933
89 933
90 933
91 933
92 933
93 933
94 933
95 933
96 933
97 933
98 933
99 933
100 933
101 933
102 933
103 933
104 933
105 933
106 933
107 933
108 933
109 933
110 933
111 933
112 933
113 933
114 933
115 933
116 933
117 933
118 933
119 933
120 933
121 933
122 933
123 933
124 933
125 933
126 933
127 933
128 933
129 933
130 933
131 933
132 933
133 933
134 933
135 933
136 933
137 933
138 933
139 933
140 933
141 933
142 933
143 933
144 933
145 933
146 933
147 933
148 933
149 933
150 933
151 933
152 933
153 933
154 933
155 933
156 933
157 933
158 933
159 933
160 933
161 933
162 933
163 933
164 933
165 933
166 933
167 933
168 933
169 933
170 933
171 933
172 933
173 933
174 933
175 933
176 933
177 933
178 933
179 933
180 933
181 933
182 933
183 933
184 933
185 933
186 933
187 933
188 933
189 933
190 933
191 933
192 933
193 933
194 933
195 933
196 933
197 933
198 933
199 933
200 933
201 933
202 933
203 933
204 933
205 933
206 933
207 933
208 933
209 933
210 933
211 933
212 933
213 933
214 933
215 933
216 933
217 933
218 933
219 933
220 933
221 933
222 933
223 933
224 933
225 933
226 933
227 933
228 933
229 933
230 933
231 933
232 933
233 933
234 933
235 933
236 933
237 933
238 933
239 933
240 933
241 933
242 933
243 933
244 933
245 933
246 933
247 933
248 933
249 933
250 933
251 933
252 933
253 933
254 933
255 933
256 933
257 933
258 933
259 933
260 933
261 933
262 933
263 933
264 933
265 933
266 933
267 933
268 933
269 933
270 933
271 933
272 933
273 933
274 933
275 933
276 933
277 933
278 933
279 933
280 933
281 933
282 933
283 933
284 933
285 933
286 933
287 933
288 933
289 933
290 933
291 933
292 933
293 933
294 933
295 933
296 933
297 933
298 933
299 933
300 933
301 933
302 933
303 933
304 933
305 933
306 933
307 933
308 933
309 933
310 933
311 933
312 933
313 933
314 933
315 933
316 933
317 933
318 933
319 933
320 933
321 933
322 933
323 933
324 933
325 933
326 933
327 933
328 933
329 933
330 933
331 933
332 933
333 933
334 933
335 933
336 933
337 933
338 933
339 933
340 933
341 933
342 933
343 933
344 933
345 933
346 933
347 933
348 933
349 933
350 933
351 933
352 933
353 933
354 933
355 933
356 933
357 933
358 933
359 933
360 933
361 933
362 933
363 933
364 933
365 933
366 933
367 933
368 933
369 933
370 933
371 933
372 933
373 933
374 933
375 933
376 933
377 933
378 933
379 933
380 933
381 933
382 933
383 933
384 933
385 933
386 933
387 933
388 933
389 933
390 933
391 933
392 933
393 933
394 933
395 933
396 933
397 933
398 933
399 933
400 933
401 933
402 933
403 933
404 933
405 933
406 933
407 933
408 933
409 933
410 933
411 933
412 933
413 933
414 933
415 933
416 933
417 933
418 933
419 933
420 933
421 933
422 933
423 933
424 933
425 933
426 933
427 933
428 933
429 933
430 933
431 933
432 933
433 933
434 933
435 933
436 933
437 933
438 933
439 933
440 933
441 933
442 933
443 933
444 933
445 933
446 933
447 933
448 933
449 933
450 933
451 933
452 933
453 933
454 933
455 933
456 933
457 933
458 933
459 933
460 933
461 933
462 933
463 933
464 933
465 933
466 933
467 933
468 933
469 933
470 933
471 933
472 933
473 933
474 933
475 933
476 933
477 933
478 933
479 933
480 933
481 933
482 933
483 933
484 933
485 933
486 933
487 933
488 933
489 933
490 933
491 933
492 933
493 933
494 933
495 933
496 933
497 933
498 933
499 933
500 933
501 933
502 933
503 933
504 933
505 933
506 933
507 933
508 933
509 933
510 933
511 933
512 933
513 933
514 933
515 933
516 933
517 933
518 933
519 933
520 933
521 933
522 933
523 933
524 933
525 933
526 933
527 933
528 933
529 933
530 933
531 933
532 933
533 933
534 933
535 933
536 933
537 933
538 933
539 933
540 933
541 933
542 933
543 933
544 933
545 933
546 933
547 933
548 933
549 933
550 933
551 933
552 933
553 933
554 933
555 933
556 933
557 933
558 933
559 933
560 933
561 933
562 933
563 933
564 933
565 933
566 933
567 933
568 933
569 933
570 933
571 933
572 933
573 933
574 933
575 933
576 933
577 933
578 933
579 933
580 933
581 933
582 933
583 933
584 933
585 933
586 933
587 933
588 933
589 933
590 933
591 933
592 933
593 933
594 933
595 933
596 933
597 933
598 933
599 933
600 933
601 933
602 933
603 933
604 933
605 933
606 933
607 933
608 933
609 933
610 933
611 933
612 933
613 933
614 933
615 933
616 933
617 933
618 933
619 933
620 933
621 933
622 933
623 933
624 933
625 933
626 933
627 933
628 933
629 933
630 933
631 933
632 933
633 933
634 933
635 933
636 933
637 933
638 933
639 933
640 933
641 933
642 933
643 933
644 933
645 933
646 933
647 933
648 933
649 933
650 933
651 933
652 933
653 933
654 933
655 933
656 933
657 933
658 933
659 933
660 933
661 933
662 933
663 933
664 933
665 933
666 933
667 933
668 933
669 933
670 933
671 933
672 933
673 933
674 933
675 933
676 933
677 933
678 933
679 933
680 933
681 933
682 933
683 933
684 933
685 933
686 933
687 933
688 933
689 933
690 933
691 933
692 933
693 933
694 933
695 933
696 933
697 933
698 933
699 933
700 933
701 933
702 933
703 933
704 933
705 933
706 933
707 933
708 933
709 933
710 933
711 933
712 933
713 933
714 933
715 933
716 933
717 933
718 933
719 933
720 933
721 933
722 933
723 933
724 933
725 933
726 933
727 933
728 933
729 933
730 933
731 933
732 933
733 933
734 933
735 933
736 933
737 933
738 933
739 933
740 933
741 933
742 933
743 933
744 933
745 933
746 933
747 933
748 933
749 933
750 933
751 933
752 933
753 933
754 933
755 933
756 933
757 933
758 933
759 933
760 933
761 933
762 933
763 933
764 933
765 933
766 933
767 933
768 933
769 933
770 933
771 933
772 933
773 933
774 933
775 933
776 933
777 933
778 933
779 933
780 933
781 933
782 933
783 933
784 933
785 933
786 933
787 933
788 933
789 933
790 933
791 933
792 933
793 933
794 933
795 933
796 933
797 933
798 933
799 933
800 933
801 933
802 933
803 933
804 933
805 933
806 933
807 933
808 933
809 933
810 933
811 933
812 933
813 933
814 933
815 933
816 933
817 933
818 933
819 933
820 933
821 933
822 933
823 933
824 933
825 933
826 933
827 933
828 933
829 933
830 933
831 933
832 933
833 933
834 933
835 933
836 933
837 933
838 933
839 933
840 933
841 933
842 933
843 933
844 933
845 933
846 933
847 933
848 933
849 933
850 933
851 933
852 933
853 933
854 933
855 933
856 933
857 933
858 933
859 933
860 933
861 933
862 933
863 933
864 933
865 933
866 933
867 933
868 933
869 933
870 933
871 933
872 933
873 933
874 933
875 933
876 933
877 933
878 933
879 933
880 933
881 933
882 933
883 933
884 933
885 933
886 933
887 933
888 933
889 933
890 933
891 933
892 933
893 933
894 933
895 933
896 933
897 933
898 933
899 933
900 933
901 933
902 933
903 933
904 933
905 933
906 933
907 933
908 933
909 933
910 933
911 933
912 933
913 933
914 933
915 933
916 933
917 933
918 933
919 933
920 933
921 933
922 933
923 933
924 933
925 933
926 933
927 933
928 933
929 933
930 933
931 933
932 933
933 934
