747
746
1 746
2 746
3 746
4 746
5 746
6 746
7 746
8 746
9 746
10 746
11 746
12 746
13 746
14 746
15 746
16 746
17 746
18 746
19 746
20 746
21 746
22 746
23 746
24 746
25 746
26 746
27 746
28 746
29 746
30 746
31 746
32 746
33 746
34 746
35 746
36 746
37 746
38 746
39 746
40 746
41 746
42 746
43 746
44 746
45 746
46 746
47 746
48 746
49 746
50 746
51 746
52 746
53 746
54 746
55 746
56 746
57 746
58 746
59 746
60 746
61 746
62 746
63 746
64 746
65 746
66 746
67 746
68 746
69 746
70 746
71 746
72 746
73 746
74 746
75 746
76 746
77 746
78 746
79 746
80 746
81 746
82 746
83 746
84 746
85 746
86 746
87 746
88 746
89 746
90 746
91 746
92 746
93 746
94 746
95 746
96 746
97 746
98 746
99 746
100 746
101 746
102 746
103 746
104 746
105 746
106 746
107 746
108 746
109 746
110 746
111 746
112 746
113 746
114 746
115 746
116 746
117 746
118 746
119 746
120 746
121 746
122 746
123 746
124 746
125 746
126 746
127 746
128 746
129 746
130 746
131 746
132 746
133 746
134 746
135 746
136 746
137 746
138 746
139 746
140 746
141 746
142 746
143 746
144 746
145 746
146 746
147 746
148 746
149 746
150 746
151 746
152 746
153 746
154 746
155 746
156 746
157 746
158 746
159 746
160 746
161 746
162 746
163 746
164 746
165 746
166 746
167 746
168 746
169 746
170 746
171 746
172 746
173 746
174 746
175 746
176 746
177 746
178 746
179 746
180 746
181 746
182 746
183 746
184 746
185 746
186 746
187 746
188 746
189 746
190 746
191 746
192 746
193 746
194 746
195 746
196 746
197 746
198 746
199 746
200 746
201 746
202 746
203 746
204 746
205 746
206 746
207 746
208 746
209 746
210 746
211 746
212 746
213 746
214 746
215 746
216 746
217 746
218 746
219 746
220 746
221 746
222 746
223 746
224 746
225 746
226 746
227 746
228 746
229 746
230 746
231 746
232 746
233 746
234 746
235 746
236 746
237 746
238 746
239 746
240 746
241 746
242 746
243 746
244 746
245 746
246 746
247 746
248 746
249 746
250 746
251 746
252 746
253 746
254 746
255 746
256 746
257 746
258 746
259 746
260 746
261 746
262 746
263 746
264 746
265 746
266 746
267 746
268 746
269 746
270 746
271 746
272 746
273 746
274 746
275 746
276 746
277 746
278 746
279 746
280 746
281 746
282 746
283 746
284 746
285 746
286 746
287 746
288 746
289 746
290 746
291 746
292 746
293 746
294 746
295 746
296 746
297 746
298 746
299 746
300 746
301 746
302 746
303 746
304 746
305 746
306 746
307 746
308 746
309 746
310 746
311 746
312 746
313 746
314 746
315 746
316 746
317 746
318 746
319 746
320 746
321 746
322 746
323 746
324 746
325 746
326 746
327 746
328 746
329 746
330 746
331 746
332 746
333 746
334 746
335 746
336 746
337 746
338 746
339 746
340 746
341 746
342 746
343 746
344 746
345 746
346 746
347 746
348 746
349 746
350 746
351 746
352 746
353 746
354 746
355 746
356 746
357 746
358 746
359 746
360 746
361 746
362 746
363 746
364 746
365 746
366 746
367 746
368 746
369 746
370 746
371 746
372 746
373 746
374 746
375 746
376 746
377 746
378 746
379 746
380 746
381 746
382 746
383 746
384 746
385 746
386 746
387 746
388 746
389 746
390 746
391 746
392 746
393 746
394 746
395 746
396 746
397 746
398 746
399 746
400 746
401 746
402 746
403 746
404 746
405 746
406 746
407 746
408 746
409 746
410 746
411 746
412 746
413 746
414 746
415 746
416 746
417 746
418 746
419 746
420 746
421 746
422 746
423 746
424 746
425 746
426 746
427 746
428 746
429 746
430 746
431 746
432 746
433 746
434 746
435 746
436 746
437 746
438 746
439 746
440 746
441 746
442 746
443 746
444 746
445 746
446 746
447 746
448 746
449 746
450 746
451 746
452 746
453 746
454 746
455 746
456 746
457 746
458 746
459 746
460 746
461 746
462 746
463 746
464 746
465 746
466 746
467 746
468 746
469 746
470 746
471 746
472 746
473 746
474 746
475 746
476 746
477 746
478 746
479 746
480 746
481 746
482 746
483 746
484 746
485 746
486 746
487 746
488 746
489 746
490 746
491 746
492 746
493 746
494 746
495 746
496 746
497 746
498 746
499 746
500 746
501 746
502 746
503 746
504 746
505 746
506 746
507 746
508 746
509 746
510 746
511 746
512 746
513 746
514 746
515 746
516 746
517 746
518 746
519 746
520 746
521 746
522 746
523 746
524 746
525 746
526 746
527 746
528 746
529 746
530 746
531 746
532 746
533 746
534 746
535 746
536 746
537 746
538 746
539 746
540 746
541 746
542 746
543 746
544 746
545 746
546 746
547 746
548 746
549 746
550 746
551 746
552 746
553 746
554 746
555 746
556 746
557 746
558 746
559 746
560 746
561 746
562 746
563 746
564 746
565 746
566 746
567 746
568 746
569 746
570 746
571 746
572 746
573 746
574 746
575 746
576 746
577 746
578 746
579 746
580 746
581 746
582 746
583 746
584 746
585 746
586 746
587 746
588 746
589 746
590 746
591 746
592 746
593 746
594 746
595 746
596 746
597 746
598 746
599 746
600 746
601 746
602 746
603 746
604 746
605 746
606 746
607 746
608 746
609 746
610 746
611 746
612 746
613 746
614 746
615 746
616 746
617 746
618 746
619 746
620 746
621 746
622 746
623 746
624 746
625 746
626 746
627 746
628 746
629 746
630 746
631 746
632 746
633 746
634 746
635 746
636 746
637 746
638 746
639 746
640 746
641 746
642 746
643 746
644 746
645 746
646 746
647 746
648 746
649 746
650 746
651 746
652 746
653 746
654 746
655 746
656 746
657 746
658 746
659 746
660 746
661 746
662 746
663 746
664 746
665 746
666 746
667 746
668 746
669 746
670 746
671 746
672 746
673 746
674 746
675 746
676 746
677 746
678 746
679 746
680 746
681 746
682 746
683 746
684 746
685 746
686 746
687 746
688 746
689 746
690 746
691 746
692 746
693 746
694 746
695 746
696 746
697 746
698 746
699 746
700 746
701 746
702 746
703 746
704 746
705 746
706 746
707 746
708 746
709 746
710 746
711 746
712 746
713 746
714 746
715 746
716 746
717 746
718 746
719 746
720 746
721 746
722 746
723 746
724 746
725 746
726 746
727 746
728 746
729 746
730 746
731 746
732 746
733 746
734 746
735 746
736 746
737 746
738 746
739 746
740 746
741 746
742 746
743 746
744 746
745 746
746 747
