191
190
1 190
2 190
3 190
4 190
5 190
6 190
7 190
8 190
9 190
10 190
11 190
12 190
13 190
14 190
15 190
16 190
17 190
18 190
19 190
20 190
21 190
22 190
23 190
24 190
25 190
26 190
27 190
28 190
29 190
30 190
31 190
32 190
33 190
34 190
35 190
36 190
37 190
38 190
39 190
40 190
41 190
42 190
43 190
44 190
45 190
46 190
47 190
48 190
49 190
50 190
51 190
52 190
53 190
54 190
55 190
56 190
57 190
58 190
59 190
60 190
61 190
62 190
63 190
64 190
65 190
66 190
67 190
68 190
69 190
70 190
71 190
72 190
73 190
74 190
75 190
76 190
77 190
78 190
79 190
80 190
81 190
82 190
83 190
84 190
85 190
86 190
87 190
88 190
89 190
90 190
91 190
92 190
93 190
94 190
95 190
96 190
97 190
98 190
99 190
100 190
101 190
102 190
103 190
104 190
105 190
106 190
107 190
108 190
109 190
110 190
111 190
112 190
113 190
114 190
115 190
116 190
117 190
118 190
119 190
120 190
121 190
122 190
123 190
124 190
125 190
126 190
127 190
128 190
129 190
130 190
131 190
132 190
133 190
134 190
135 190
136 190
137 190
138 190
139 190
140 190
141 190
142 190
143 190
144 190
145 190
146 190
147 190
148 190
149 190
150 190
151 190
152 190
153 190
154 190
155 190
156 190
157 190
158 190
159 190
160 190
161 190
162 190
163 190
164 190
165 190
166 190
167 190
168 190
169 190
170 190
171 190
172 190
173 190
174 190
175 190
176 190
177 190
178 190
179 190
180 190
181 190
182 190
183 190
184 190
185 190
186 190
187 190
188 190
189 190
190 191
