694
693
1 693
2 693
3 693
4 693
5 693
6 693
7 693
8 693
9 693
10 693
11 693
12 693
13 693
14 693
15 693
16 693
17 693
18 693
19 693
20 693
21 693
22 693
23 693
24 693
25 693
26 693
27 693
28 693
29 693
30 693
31 693
32 693
33 693
34 693
35 693
36 693
37 693
38 693
39 693
40 693
41 693
42 693
43 693
44 693
45 693
46 693
47 693
48 693
49 693
50 693
51 693
52 693
53 693
54 693
55 693
56 693
57 693
58 693
59 693
60 693
61 693
62 693
63 693
64 693
65 693
66 693
67 693
68 693
69 693
70 693
71 693
72 693
73 693
74 693
75 693
76 693
77 693
78 693
79 693
80 693
81 693
82 693
83 693
84 693
85 693
86 693
87 693
88 693
89 693
90 693
91 693
92 693
93 693
94 693
95 693
96 693
97 693
98 693
99 693
100 693
101 693
102 693
103 693
104 693
105 693
106 693
107 693
108 693
109 693
110 693
111 693
112 693
113 693
114 693
115 693
116 693
117 693
118 693
119 693
120 693
121 693
122 693
123 693
124 693
125 693
126 693
127 693
128 693
129 693
130 693
131 693
132 693
133 693
134 693
135 693
136 693
137 693
138 693
139 693
140 693
141 693
142 693
143 693
144 693
145 693
146 693
147 693
148 693
149 693
150 693
151 693
152 693
153 693
154 693
155 693
156 693
157 693
158 693
159 693
160 693
161 693
162 693
163 693
164 693
165 693
166 693
167 693
168 693
169 693
170 693
171 693
172 693
173 693
174 693
175 693
176 693
177 693
178 693
179 693
180 693
181 693
182 693
183 693
184 693
185 693
186 693
187 693
188 693
189 693
190 693
191 693
192 693
193 693
194 693
195 693
196 693
197 693
198 693
199 693
200 693
201 693
202 693
203 693
204 693
205 693
206 693
207 693
208 693
209 693
210 693
211 693
212 693
213 693
214 693
215 693
216 693
217 693
218 693
219 693
220 693
221 693
222 693
223 693
224 693
225 693
226 693
227 693
228 693
229 693
230 693
231 693
232 693
233 693
234 693
235 693
236 693
237 693
238 693
239 693
240 693
241 693
242 693
243 693
244 693
245 693
246 693
247 693
248 693
249 693
250 693
251 693
252 693
253 693
254 693
255 693
256 693
257 693
258 693
259 693
260 693
261 693
262 693
263 693
264 693
265 693
266 693
267 693
268 693
269 693
270 693
271 693
272 693
273 693
274 693
275 693
276 693
277 693
278 693
279 693
280 693
281 693
282 693
283 693
284 693
285 693
286 693
287 693
288 693
289 693
290 693
291 693
292 693
293 693
294 693
295 693
296 693
297 693
298 693
299 693
300 693
301 693
302 693
303 693
304 693
305 693
306 693
307 693
308 693
309 693
310 693
311 693
312 693
313 693
314 693
315 693
316 693
317 693
318 693
319 693
320 693
321 693
322 693
323 693
324 693
325 693
326 693
327 693
328 693
329 693
330 693
331 693
332 693
333 693
334 693
335 693
336 693
337 693
338 693
339 693
340 693
341 693
342 693
343 693
344 693
345 693
346 693
347 693
348 693
349 693
350 693
351 693
352 693
353 693
354 693
355 693
356 693
357 693
358 693
359 693
360 693
361 693
362 693
363 693
364 693
365 693
366 693
367 693
368 693
369 693
370 693
371 693
372 693
373 693
374 693
375 693
376 693
377 693
378 693
379 693
380 693
381 693
382 693
383 693
384 693
385 693
386 693
387 693
388 693
389 693
390 693
391 693
392 693
393 693
394 693
395 693
396 693
397 693
398 693
399 693
400 693
401 693
402 693
403 693
404 693
405 693
406 693
407 693
408 693
409 693
410 693
411 693
412 693
413 693
414 693
415 693
416 693
417 693
418 693
419 693
420 693
421 693
422 693
423 693
424 693
425 693
426 693
427 693
428 693
429 693
430 693
431 693
432 693
433 693
434 693
435 693
436 693
437 693
438 693
439 693
440 693
441 693
442 693
443 693
444 693
445 693
446 693
447 693
448 693
449 693
450 693
451 693
452 693
453 693
454 693
455 693
456 693
457 693
458 693
459 693
460 693
461 693
462 693
463 693
464 693
465 693
466 693
467 693
468 693
469 693
470 693
471 693
472 693
473 693
474 693
475 693
476 693
477 693
478 693
479 693
480 693
481 693
482 693
483 693
484 693
485 693
486 693
487 693
488 693
489 693
490 693
491 693
492 693
493 693
494 693
495 693
496 693
497 693
498 693
499 693
500 693
501 693
502 693
503 693
504 693
505 693
506 693
507 693
508 693
509 693
510 693
511 693
512 693
513 693
514 693
515 693
516 693
517 693
518 693
519 693
520 693
521 693
522 693
523 693
524 693
525 693
526 693
527 693
528 693
529 693
530 693
531 693
532 693
533 693
534 693
535 693
536 693
537 693
538 693
539 693
540 693
541 693
542 693
543 693
544 693
545 693
546 693
547 693
548 693
549 693
550 693
551 693
552 693
553 693
554 693
555 693
556 693
557 693
558 693
559 693
560 693
561 693
562 693
563 693
564 693
565 693
566 693
567 693
568 693
569 693
570 693
571 693
572 693
573 693
574 693
575 693
576 693
577 693
578 693
579 693
580 693
581 693
582 693
583 693
584 693
585 693
586 693
587 693
588 693
589 693
590 693
591 693
592 693
593 693
594 693
595 693
596 693
597 693
598 693
599 693
600 693
601 693
602 693
603 693
604 693
605 693
606 693
607 693
608 693
609 693
610 693
611 693
612 693
613 693
614 693
615 693
616 693
617 693
618 693
619 693
620 693
621 693
622 693
623 693
624 693
625 693
626 693
627 693
628 693
629 693
630 693
631 693
632 693
633 693
634 693
635 693
636 693
637 693
638 693
639 693
640 693
641 693
642 693
643 693
644 693
645 693
646 693
647 693
648 693
649 693
650 693
651 693
652 693
653 693
654 693
655 693
656 693
657 693
658 693
659 693
660 693
661 693
662 693
663 693
664 693
665 693
666 693
667 693
668 693
669 693
670 693
671 693
672 693
673 693
674 693
675 693
676 693
677 693
678 693
679 693
680 693
681 693
682 693
683 693
684 693
685 693
686 693
687 693
688 693
689 693
690 693
691 693
692 693
693 694
