703
702
1 702
2 702
3 702
4 702
5 702
6 702
7 702
8 702
9 702
10 702
11 702
12 702
13 702
14 702
15 702
16 702
17 702
18 702
19 702
20 702
21 702
22 702
23 702
24 702
25 702
26 702
27 702
28 702
29 702
30 702
31 702
32 702
33 702
34 702
35 702
36 702
37 702
38 702
39 702
40 702
41 702
42 702
43 702
44 702
45 702
46 702
47 702
48 702
49 702
50 702
51 702
52 702
53 702
54 702
55 702
56 702
57 702
58 702
59 702
60 702
61 702
62 702
63 702
64 702
65 702
66 702
67 702
68 702
69 702
70 702
71 702
72 702
73 702
74 702
75 702
76 702
77 702
78 702
79 702
80 702
81 702
82 702
83 702
84 702
85 702
86 702
87 702
88 702
89 702
90 702
91 702
92 702
93 702
94 702
95 702
96 702
97 702
98 702
99 702
100 702
101 702
102 702
103 702
104 702
105 702
106 702
107 702
108 702
109 702
110 702
111 702
112 702
113 702
114 702
115 702
116 702
117 702
118 702
119 702
120 702
121 702
122 702
123 702
124 702
125 702
126 702
127 702
128 702
129 702
130 702
131 702
132 702
133 702
134 702
135 702
136 702
137 702
138 702
139 702
140 702
141 702
142 702
143 702
144 702
145 702
146 702
147 702
148 702
149 702
150 702
151 702
152 702
153 702
154 702
155 702
156 702
157 702
158 702
159 702
160 702
161 702
162 702
163 702
164 702
165 702
166 702
167 702
168 702
169 702
170 702
171 702
172 702
173 702
174 702
175 702
176 702
177 702
178 702
179 702
180 702
181 702
182 702
183 702
184 702
185 702
186 702
187 702
188 702
189 702
190 702
191 702
192 702
193 702
194 702
195 702
196 702
197 702
198 702
199 702
200 702
201 702
202 702
203 702
204 702
205 702
206 702
207 702
208 702
209 702
210 702
211 702
212 702
213 702
214 702
215 702
216 702
217 702
218 702
219 702
220 702
221 702
222 702
223 702
224 702
225 702
226 702
227 702
228 702
229 702
230 702
231 702
232 702
233 702
234 702
235 702
236 702
237 702
238 702
239 702
240 702
241 702
242 702
243 702
244 702
245 702
246 702
247 702
248 702
249 702
250 702
251 702
252 702
253 702
254 702
255 702
256 702
257 702
258 702
259 702
260 702
261 702
262 702
263 702
264 702
265 702
266 702
267 702
268 702
269 702
270 702
271 702
272 702
273 702
274 702
275 702
276 702
277 702
278 702
279 702
280 702
281 702
282 702
283 702
284 702
285 702
286 702
287 702
288 702
289 702
290 702
291 702
292 702
293 702
294 702
295 702
296 702
297 702
298 702
299 702
300 702
301 702
302 702
303 702
304 702
305 702
306 702
307 702
308 702
309 702
310 702
311 702
312 702
313 702
314 702
315 702
316 702
317 702
318 702
319 702
320 702
321 702
322 702
323 702
324 702
325 702
326 702
327 702
328 702
329 702
330 702
331 702
332 702
333 702
334 702
335 702
336 702
337 702
338 702
339 702
340 702
341 702
342 702
343 702
344 702
345 702
346 702
347 702
348 702
349 702
350 702
351 702
352 702
353 702
354 702
355 702
356 702
357 702
358 702
359 702
360 702
361 702
362 702
363 702
364 702
365 702
366 702
367 702
368 702
369 702
370 702
371 702
372 702
373 702
374 702
375 702
376 702
377 702
378 702
379 702
380 702
381 702
382 702
383 702
384 702
385 702
386 702
387 702
388 702
389 702
390 702
391 702
392 702
393 702
394 702
395 702
396 702
397 702
398 702
399 702
400 702
401 702
402 702
403 702
404 702
405 702
406 702
407 702
408 702
409 702
410 702
411 702
412 702
413 702
414 702
415 702
416 702
417 702
418 702
419 702
420 702
421 702
422 702
423 702
424 702
425 702
426 702
427 702
428 702
429 702
430 702
431 702
432 702
433 702
434 702
435 702
436 702
437 702
438 702
439 702
440 702
441 702
442 702
443 702
444 702
445 702
446 702
447 702
448 702
449 702
450 702
451 702
452 702
453 702
454 702
455 702
456 702
457 702
458 702
459 702
460 702
461 702
462 702
463 702
464 702
465 702
466 702
467 702
468 702
469 702
470 702
471 702
472 702
473 702
474 702
475 702
476 702
477 702
478 702
479 702
480 702
481 702
482 702
483 702
484 702
485 702
486 702
487 702
488 702
489 702
490 702
491 702
492 702
493 702
494 702
495 702
496 702
497 702
498 702
499 702
500 702
501 702
502 702
503 702
504 702
505 702
506 702
507 702
508 702
509 702
510 702
511 702
512 702
513 702
514 702
515 702
516 702
517 702
518 702
519 702
520 702
521 702
522 702
523 702
524 702
525 702
526 702
527 702
528 702
529 702
530 702
531 702
532 702
533 702
534 702
535 702
536 702
537 702
538 702
539 702
540 702
541 702
542 702
543 702
544 702
545 702
546 702
547 702
548 702
549 702
550 702
551 702
552 702
553 702
554 702
555 702
556 702
557 702
558 702
559 702
560 702
561 702
562 702
563 702
564 702
565 702
566 702
567 702
568 702
569 702
570 702
571 702
572 702
573 702
574 702
575 702
576 702
577 702
578 702
579 702
580 702
581 702
582 702
583 702
584 702
585 702
586 702
587 702
588 702
589 702
590 702
591 702
592 702
593 702
594 702
595 702
596 702
597 702
598 702
599 702
600 702
601 702
602 702
603 702
604 702
605 702
606 702
607 702
608 702
609 702
610 702
611 702
612 702
613 702
614 702
615 702
616 702
617 702
618 702
619 702
620 702
621 702
622 702
623 702
624 702
625 702
626 702
627 702
628 702
629 702
630 702
631 702
632 702
633 702
634 702
635 702
636 702
637 702
638 702
639 702
640 702
641 702
642 702
643 702
644 702
645 702
646 702
647 702
648 702
649 702
650 702
651 702
652 702
653 702
654 702
655 702
656 702
657 702
658 702
659 702
660 702
661 702
662 702
663 702
664 702
665 702
666 702
667 702
668 702
669 702
670 702
671 702
672 702
673 702
674 702
675 702
676 702
677 702
678 702
679 702
680 702
681 702
682 702
683 702
684 702
685 702
686 702
687 702
688 702
689 702
690 702
691 702
692 702
693 702
694 702
695 702
696 702
697 702
698 702
699 702
700 702
701 702
702 703
