959
958
1 958
2 958
3 958
4 958
5 958
6 958
7 958
8 958
9 958
10 958
11 958
12 958
13 958
14 958
15 958
16 958
17 958
18 958
19 958
20 958
21 958
22 958
23 958
24 958
25 958
26 958
27 958
28 958
29 958
30 958
31 958
32 958
33 958
34 958
35 958
36 958
37 958
38 958
39 958
40 958
41 958
42 958
43 958
44 958
45 958
46 958
47 958
48 958
49 958
50 958
51 958
52 958
53 958
54 958
55 958
56 958
57 958
58 958
59 958
60 958
61 958
62 958
63 958
64 958
65 958
66 958
67 958
68 958
69 958
70 958
71 958
72 958
73 958
74 958
75 958
76 958
77 958
78 958
79 958
80 958
81 958
82 958
83 958
84 958
85 958
86 958
87 958
88 958
89 958
90 958
91 958
92 958
93 958
94 958
95 958
96 958
97 958
98 958
99 958
100 958
101 958
102 958
103 958
104 958
105 958
106 958
107 958
108 958
109 958
110 958
111 958
112 958
113 958
114 958
115 958
116 958
117 958
118 958
119 958
120 958
121 958
122 958
123 958
124 958
125 958
126 958
127 958
128 958
129 958
130 958
131 958
132 958
133 958
134 958
135 958
136 958
137 958
138 958
139 958
140 958
141 958
142 958
143 958
144 958
145 958
146 958
147 958
148 958
149 958
150 958
151 958
152 958
153 958
154 958
155 958
156 958
157 958
158 958
159 958
160 958
161 958
162 958
163 958
164 958
165 958
166 958
167 958
168 958
169 958
170 958
171 958
172 958
173 958
174 958
175 958
176 958
177 958
178 958
179 958
180 958
181 958
182 958
183 958
184 958
185 958
186 958
187 958
188 958
189 958
190 958
191 958
192 958
193 958
194 958
195 958
196 958
197 958
198 958
199 958
200 958
201 958
202 958
203 958
204 958
205 958
206 958
207 958
208 958
209 958
210 958
211 958
212 958
213 958
214 958
215 958
216 958
217 958
218 958
219 958
220 958
221 958
222 958
223 958
224 958
225 958
226 958
227 958
228 958
229 958
230 958
231 958
232 958
233 958
234 958
235 958
236 958
237 958
238 958
239 958
240 958
241 958
242 958
243 958
244 958
245 958
246 958
247 958
248 958
249 958
250 958
251 958
252 958
253 958
254 958
255 958
256 958
257 958
258 958
259 958
260 958
261 958
262 958
263 958
264 958
265 958
266 958
267 958
268 958
269 958
270 958
271 958
272 958
273 958
274 958
275 958
276 958
277 958
278 958
279 958
280 958
281 958
282 958
283 958
284 958
285 958
286 958
287 958
288 958
289 958
290 958
291 958
292 958
293 958
294 958
295 958
296 958
297 958
298 958
299 958
300 958
301 958
302 958
303 958
304 958
305 958
306 958
307 958
308 958
309 958
310 958
311 958
312 958
313 958
314 958
315 958
316 958
317 958
318 958
319 958
320 958
321 958
322 958
323 958
324 958
325 958
326 958
327 958
328 958
329 958
330 958
331 958
332 958
333 958
334 958
335 958
336 958
337 958
338 958
339 958
340 958
341 958
342 958
343 958
344 958
345 958
346 958
347 958
348 958
349 958
350 958
351 958
352 958
353 958
354 958
355 958
356 958
357 958
358 958
359 958
360 958
361 958
362 958
363 958
364 958
365 958
366 958
367 958
368 958
369 958
370 958
371 958
372 958
373 958
374 958
375 958
376 958
377 958
378 958
379 958
380 958
381 958
382 958
383 958
384 958
385 958
386 958
387 958
388 958
389 958
390 958
391 958
392 958
393 958
394 958
395 958
396 958
397 958
398 958
399 958
400 958
401 958
402 958
403 958
404 958
405 958
406 958
407 958
408 958
409 958
410 958
411 958
412 958
413 958
414 958
415 958
416 958
417 958
418 958
419 958
420 958
421 958
422 958
423 958
424 958
425 958
426 958
427 958
428 958
429 958
430 958
431 958
432 958
433 958
434 958
435 958
436 958
437 958
438 958
439 958
440 958
441 958
442 958
443 958
444 958
445 958
446 958
447 958
448 958
449 958
450 958
451 958
452 958
453 958
454 958
455 958
456 958
457 958
458 958
459 958
460 958
461 958
462 958
463 958
464 958
465 958
466 958
467 958
468 958
469 958
470 958
471 958
472 958
473 958
474 958
475 958
476 958
477 958
478 958
479 958
480 958
481 958
482 958
483 958
484 958
485 958
486 958
487 958
488 958
489 958
490 958
491 958
492 958
493 958
494 958
495 958
496 958
497 958
498 958
499 958
500 958
501 958
502 958
503 958
504 958
505 958
506 958
507 958
508 958
509 958
510 958
511 958
512 958
513 958
514 958
515 958
516 958
517 958
518 958
519 958
520 958
521 958
522 958
523 958
524 958
525 958
526 958
527 958
528 958
529 958
530 958
531 958
532 958
533 958
534 958
535 958
536 958
537 958
538 958
539 958
540 958
541 958
542 958
543 958
544 958
545 958
546 958
547 958
548 958
549 958
550 958
551 958
552 958
553 958
554 958
555 958
556 958
557 958
558 958
559 958
560 958
561 958
562 958
563 958
564 958
565 958
566 958
567 958
568 958
569 958
570 958
571 958
572 958
573 958
574 958
575 958
576 958
577 958
578 958
579 958
580 958
581 958
582 958
583 958
584 958
585 958
586 958
587 958
588 958
589 958
590 958
591 958
592 958
593 958
594 958
595 958
596 958
597 958
598 958
599 958
600 958
601 958
602 958
603 958
604 958
605 958
606 958
607 958
608 958
609 958
610 958
611 958
612 958
613 958
614 958
615 958
616 958
617 958
618 958
619 958
620 958
621 958
622 958
623 958
624 958
625 958
626 958
627 958
628 958
629 958
630 958
631 958
632 958
633 958
634 958
635 958
636 958
637 958
638 958
639 958
640 958
641 958
642 958
643 958
644 958
645 958
646 958
647 958
648 958
649 958
650 958
651 958
652 958
653 958
654 958
655 958
656 958
657 958
658 958
659 958
660 958
661 958
662 958
663 958
664 958
665 958
666 958
667 958
668 958
669 958
670 958
671 958
672 958
673 958
674 958
675 958
676 958
677 958
678 958
679 958
680 958
681 958
682 958
683 958
684 958
685 958
686 958
687 958
688 958
689 958
690 958
691 958
692 958
693 958
694 958
695 958
696 958
697 958
698 958
699 958
700 958
701 958
702 958
703 958
704 958
705 958
706 958
707 958
708 958
709 958
710 958
711 958
712 958
713 958
714 958
715 958
716 958
717 958
718 958
719 958
720 958
721 958
722 958
723 958
724 958
725 958
726 958
727 958
728 958
729 958
730 958
731 958
732 958
733 958
734 958
735 958
736 958
737 958
738 958
739 958
740 958
741 958
742 958
743 958
744 958
745 958
746 958
747 958
748 958
749 958
750 958
751 958
752 958
753 958
754 958
755 958
756 958
757 958
758 958
759 958
760 958
761 958
762 958
763 958
764 958
765 958
766 958
767 958
768 958
769 958
770 958
771 958
772 958
773 958
774 958
775 958
776 958
777 958
778 958
779 958
780 958
781 958
782 958
783 958
784 958
785 958
786 958
787 958
788 958
789 958
790 958
791 958
792 958
793 958
794 958
795 958
796 958
797 958
798 958
799 958
800 958
801 958
802 958
803 958
804 958
805 958
806 958
807 958
808 958
809 958
810 958
811 958
812 958
813 958
814 958
815 958
816 958
817 958
818 958
819 958
820 958
821 958
822 958
823 958
824 958
825 958
826 958
827 958
828 958
829 958
830 958
831 958
832 958
833 958
834 958
835 958
836 958
837 958
838 958
839 958
840 958
841 958
842 958
843 958
844 958
845 958
846 958
847 958
848 958
849 958
850 958
851 958
852 958
853 958
854 958
855 958
856 958
857 958
858 958
859 958
860 958
861 958
862 958
863 958
864 958
865 958
866 958
867 958
868 958
869 958
870 958
871 958
872 958
873 958
874 958
875 958
876 958
877 958
878 958
879 958
880 958
881 958
882 958
883 958
884 958
885 958
886 958
887 958
888 958
889 958
890 958
891 958
892 958
893 958
894 958
895 958
896 958
897 958
898 958
899 958
900 958
901 958
902 958
903 958
904 958
905 958
906 958
907 958
908 958
909 958
910 958
911 958
912 958
913 958
914 958
915 958
916 958
917 958
918 958
919 958
920 958
921 958
922 958
923 958
924 958
925 958
926 958
927 958
928 958
929 958
930 958
931 958
932 958
933 958
934 958
935 958
936 958
937 958
938 958
939 958
940 958
941 958
942 958
943 958
944 958
945 958
946 958
947 958
948 958
949 958
950 958
951 958
952 958
953 958
954 958
955 958
956 958
957 958
958 959
