829
828
1 828
2 828
3 828
4 828
5 828
6 828
7 828
8 828
9 828
10 828
11 828
12 828
13 828
14 828
15 828
16 828
17 828
18 828
19 828
20 828
21 828
22 828
23 828
24 828
25 828
26 828
27 828
28 828
29 828
30 828
31 828
32 828
33 828
34 828
35 828
36 828
37 828
38 828
39 828
40 828
41 828
42 828
43 828
44 828
45 828
46 828
47 828
48 828
49 828
50 828
51 828
52 828
53 828
54 828
55 828
56 828
57 828
58 828
59 828
60 828
61 828
62 828
63 828
64 828
65 828
66 828
67 828
68 828
69 828
70 828
71 828
72 828
73 828
74 828
75 828
76 828
77 828
78 828
79 828
80 828
81 828
82 828
83 828
84 828
85 828
86 828
87 828
88 828
89 828
90 828
91 828
92 828
93 828
94 828
95 828
96 828
97 828
98 828
99 828
100 828
101 828
102 828
103 828
104 828
105 828
106 828
107 828
108 828
109 828
110 828
111 828
112 828
113 828
114 828
115 828
116 828
117 828
118 828
119 828
120 828
121 828
122 828
123 828
124 828
125 828
126 828
127 828
128 828
129 828
130 828
131 828
132 828
133 828
134 828
135 828
136 828
137 828
138 828
139 828
140 828
141 828
142 828
143 828
144 828
145 828
146 828
147 828
148 828
149 828
150 828
151 828
152 828
153 828
154 828
155 828
156 828
157 828
158 828
159 828
160 828
161 828
162 828
163 828
164 828
165 828
166 828
167 828
168 828
169 828
170 828
171 828
172 828
173 828
174 828
175 828
176 828
177 828
178 828
179 828
180 828
181 828
182 828
183 828
184 828
185 828
186 828
187 828
188 828
189 828
190 828
191 828
192 828
193 828
194 828
195 828
196 828
197 828
198 828
199 828
200 828
201 828
202 828
203 828
204 828
205 828
206 828
207 828
208 828
209 828
210 828
211 828
212 828
213 828
214 828
215 828
216 828
217 828
218 828
219 828
220 828
221 828
222 828
223 828
224 828
225 828
226 828
227 828
228 828
229 828
230 828
231 828
232 828
233 828
234 828
235 828
236 828
237 828
238 828
239 828
240 828
241 828
242 828
243 828
244 828
245 828
246 828
247 828
248 828
249 828
250 828
251 828
252 828
253 828
254 828
255 828
256 828
257 828
258 828
259 828
260 828
261 828
262 828
263 828
264 828
265 828
266 828
267 828
268 828
269 828
270 828
271 828
272 828
273 828
274 828
275 828
276 828
277 828
278 828
279 828
280 828
281 828
282 828
283 828
284 828
285 828
286 828
287 828
288 828
289 828
290 828
291 828
292 828
293 828
294 828
295 828
296 828
297 828
298 828
299 828
300 828
301 828
302 828
303 828
304 828
305 828
306 828
307 828
308 828
309 828
310 828
311 828
312 828
313 828
314 828
315 828
316 828
317 828
318 828
319 828
320 828
321 828
322 828
323 828
324 828
325 828
326 828
327 828
328 828
329 828
330 828
331 828
332 828
333 828
334 828
335 828
336 828
337 828
338 828
339 828
340 828
341 828
342 828
343 828
344 828
345 828
346 828
347 828
348 828
349 828
350 828
351 828
352 828
353 828
354 828
355 828
356 828
357 828
358 828
359 828
360 828
361 828
362 828
363 828
364 828
365 828
366 828
367 828
368 828
369 828
370 828
371 828
372 828
373 828
374 828
375 828
376 828
377 828
378 828
379 828
380 828
381 828
382 828
383 828
384 828
385 828
386 828
387 828
388 828
389 828
390 828
391 828
392 828
393 828
394 828
395 828
396 828
397 828
398 828
399 828
400 828
401 828
402 828
403 828
404 828
405 828
406 828
407 828
408 828
409 828
410 828
411 828
412 828
413 828
414 828
415 828
416 828
417 828
418 828
419 828
420 828
421 828
422 828
423 828
424 828
425 828
426 828
427 828
428 828
429 828
430 828
431 828
432 828
433 828
434 828
435 828
436 828
437 828
438 828
439 828
440 828
441 828
442 828
443 828
444 828
445 828
446 828
447 828
448 828
449 828
450 828
451 828
452 828
453 828
454 828
455 828
456 828
457 828
458 828
459 828
460 828
461 828
462 828
463 828
464 828
465 828
466 828
467 828
468 828
469 828
470 828
471 828
472 828
473 828
474 828
475 828
476 828
477 828
478 828
479 828
480 828
481 828
482 828
483 828
484 828
485 828
486 828
487 828
488 828
489 828
490 828
491 828
492 828
493 828
494 828
495 828
496 828
497 828
498 828
499 828
500 828
501 828
502 828
503 828
504 828
505 828
506 828
507 828
508 828
509 828
510 828
511 828
512 828
513 828
514 828
515 828
516 828
517 828
518 828
519 828
520 828
521 828
522 828
523 828
524 828
525 828
526 828
527 828
528 828
529 828
530 828
531 828
532 828
533 828
534 828
535 828
536 828
537 828
538 828
539 828
540 828
541 828
542 828
543 828
544 828
545 828
546 828
547 828
548 828
549 828
550 828
551 828
552 828
553 828
554 828
555 828
556 828
557 828
558 828
559 828
560 828
561 828
562 828
563 828
564 828
565 828
566 828
567 828
568 828
569 828
570 828
571 828
572 828
573 828
574 828
575 828
576 828
577 828
578 828
579 828
580 828
581 828
582 828
583 828
584 828
585 828
586 828
587 828
588 828
589 828
590 828
591 828
592 828
593 828
594 828
595 828
596 828
597 828
598 828
599 828
600 828
601 828
602 828
603 828
604 828
605 828
606 828
607 828
608 828
609 828
610 828
611 828
612 828
613 828
614 828
615 828
616 828
617 828
618 828
619 828
620 828
621 828
622 828
623 828
624 828
625 828
626 828
627 828
628 828
629 828
630 828
631 828
632 828
633 828
634 828
635 828
636 828
637 828
638 828
639 828
640 828
641 828
642 828
643 828
644 828
645 828
646 828
647 828
648 828
649 828
650 828
651 828
652 828
653 828
654 828
655 828
656 828
657 828
658 828
659 828
660 828
661 828
662 828
663 828
664 828
665 828
666 828
667 828
668 828
669 828
670 828
671 828
672 828
673 828
674 828
675 828
676 828
677 828
678 828
679 828
680 828
681 828
682 828
683 828
684 828
685 828
686 828
687 828
688 828
689 828
690 828
691 828
692 828
693 828
694 828
695 828
696 828
697 828
698 828
699 828
700 828
701 828
702 828
703 828
704 828
705 828
706 828
707 828
708 828
709 828
710 828
711 828
712 828
713 828
714 828
715 828
716 828
717 828
718 828
719 828
720 828
721 828
722 828
723 828
724 828
725 828
726 828
727 828
728 828
729 828
730 828
731 828
732 828
733 828
734 828
735 828
736 828
737 828
738 828
739 828
740 828
741 828
742 828
743 828
744 828
745 828
746 828
747 828
748 828
749 828
750 828
751 828
752 828
753 828
754 828
755 828
756 828
757 828
758 828
759 828
760 828
761 828
762 828
763 828
764 828
765 828
766 828
767 828
768 828
769 828
770 828
771 828
772 828
773 828
774 828
775 828
776 828
777 828
778 828
779 828
780 828
781 828
782 828
783 828
784 828
785 828
786 828
787 828
788 828
789 828
790 828
791 828
792 828
793 828
794 828
795 828
796 828
797 828
798 828
799 828
800 828
801 828
802 828
803 828
804 828
805 828
806 828
807 828
808 828
809 828
810 828
811 828
812 828
813 828
814 828
815 828
816 828
817 828
818 828
819 828
820 828
821 828
822 828
823 828
824 828
825 828
826 828
827 828
828 829
