720
719
1 719
2 719
3 719
4 719
5 719
6 719
7 719
8 719
9 719
10 719
11 719
12 719
13 719
14 719
15 719
16 719
17 719
18 719
19 719
20 719
21 719
22 719
23 719
24 719
25 719
26 719
27 719
28 719
29 719
30 719
31 719
32 719
33 719
34 719
35 719
36 719
37 719
38 719
39 719
40 719
41 719
42 719
43 719
44 719
45 719
46 719
47 719
48 719
49 719
50 719
51 719
52 719
53 719
54 719
55 719
56 719
57 719
58 719
59 719
60 719
61 719
62 719
63 719
64 719
65 719
66 719
67 719
68 719
69 719
70 719
71 719
72 719
73 719
74 719
75 719
76 719
77 719
78 719
79 719
80 719
81 719
82 719
83 719
84 719
85 719
86 719
87 719
88 719
89 719
90 719
91 719
92 719
93 719
94 719
95 719
96 719
97 719
98 719
99 719
100 719
101 719
102 719
103 719
104 719
105 719
106 719
107 719
108 719
109 719
110 719
111 719
112 719
113 719
114 719
115 719
116 719
117 719
118 719
119 719
120 719
121 719
122 719
123 719
124 719
125 719
126 719
127 719
128 719
129 719
130 719
131 719
132 719
133 719
134 719
135 719
136 719
137 719
138 719
139 719
140 719
141 719
142 719
143 719
144 719
145 719
146 719
147 719
148 719
149 719
150 719
151 719
152 719
153 719
154 719
155 719
156 719
157 719
158 719
159 719
160 719
161 719
162 719
163 719
164 719
165 719
166 719
167 719
168 719
169 719
170 719
171 719
172 719
173 719
174 719
175 719
176 719
177 719
178 719
179 719
180 719
181 719
182 719
183 719
184 719
185 719
186 719
187 719
188 719
189 719
190 719
191 719
192 719
193 719
194 719
195 719
196 719
197 719
198 719
199 719
200 719
201 719
202 719
203 719
204 719
205 719
206 719
207 719
208 719
209 719
210 719
211 719
212 719
213 719
214 719
215 719
216 719
217 719
218 719
219 719
220 719
221 719
222 719
223 719
224 719
225 719
226 719
227 719
228 719
229 719
230 719
231 719
232 719
233 719
234 719
235 719
236 719
237 719
238 719
239 719
240 719
241 719
242 719
243 719
244 719
245 719
246 719
247 719
248 719
249 719
250 719
251 719
252 719
253 719
254 719
255 719
256 719
257 719
258 719
259 719
260 719
261 719
262 719
263 719
264 719
265 719
266 719
267 719
268 719
269 719
270 719
271 719
272 719
273 719
274 719
275 719
276 719
277 719
278 719
279 719
280 719
281 719
282 719
283 719
284 719
285 719
286 719
287 719
288 719
289 719
290 719
291 719
292 719
293 719
294 719
295 719
296 719
297 719
298 719
299 719
300 719
301 719
302 719
303 719
304 719
305 719
306 719
307 719
308 719
309 719
310 719
311 719
312 719
313 719
314 719
315 719
316 719
317 719
318 719
319 719
320 719
321 719
322 719
323 719
324 719
325 719
326 719
327 719
328 719
329 719
330 719
331 719
332 719
333 719
334 719
335 719
336 719
337 719
338 719
339 719
340 719
341 719
342 719
343 719
344 719
345 719
346 719
347 719
348 719
349 719
350 719
351 719
352 719
353 719
354 719
355 719
356 719
357 719
358 719
359 719
360 719
361 719
362 719
363 719
364 719
365 719
366 719
367 719
368 719
369 719
370 719
371 719
372 719
373 719
374 719
375 719
376 719
377 719
378 719
379 719
380 719
381 719
382 719
383 719
384 719
385 719
386 719
387 719
388 719
389 719
390 719
391 719
392 719
393 719
394 719
395 719
396 719
397 719
398 719
399 719
400 719
401 719
402 719
403 719
404 719
405 719
406 719
407 719
408 719
409 719
410 719
411 719
412 719
413 719
414 719
415 719
416 719
417 719
418 719
419 719
420 719
421 719
422 719
423 719
424 719
425 719
426 719
427 719
428 719
429 719
430 719
431 719
432 719
433 719
434 719
435 719
436 719
437 719
438 719
439 719
440 719
441 719
442 719
443 719
444 719
445 719
446 719
447 719
448 719
449 719
450 719
451 719
452 719
453 719
454 719
455 719
456 719
457 719
458 719
459 719
460 719
461 719
462 719
463 719
464 719
465 719
466 719
467 719
468 719
469 719
470 719
471 719
472 719
473 719
474 719
475 719
476 719
477 719
478 719
479 719
480 719
481 719
482 719
483 719
484 719
485 719
486 719
487 719
488 719
489 719
490 719
491 719
492 719
493 719
494 719
495 719
496 719
497 719
498 719
499 719
500 719
501 719
502 719
503 719
504 719
505 719
506 719
507 719
508 719
509 719
510 719
511 719
512 719
513 719
514 719
515 719
516 719
517 719
518 719
519 719
520 719
521 719
522 719
523 719
524 719
525 719
526 719
527 719
528 719
529 719
530 719
531 719
532 719
533 719
534 719
535 719
536 719
537 719
538 719
539 719
540 719
541 719
542 719
543 719
544 719
545 719
546 719
547 719
548 719
549 719
550 719
551 719
552 719
553 719
554 719
555 719
556 719
557 719
558 719
559 719
560 719
561 719
562 719
563 719
564 719
565 719
566 719
567 719
568 719
569 719
570 719
571 719
572 719
573 719
574 719
575 719
576 719
577 719
578 719
579 719
580 719
581 719
582 719
583 719
584 719
585 719
586 719
587 719
588 719
589 719
590 719
591 719
592 719
593 719
594 719
595 719
596 719
597 719
598 719
599 719
600 719
601 719
602 719
603 719
604 719
605 719
606 719
607 719
608 719
609 719
610 719
611 719
612 719
613 719
614 719
615 719
616 719
617 719
618 719
619 719
620 719
621 719
622 719
623 719
624 719
625 719
626 719
627 719
628 719
629 719
630 719
631 719
632 719
633 719
634 719
635 719
636 719
637 719
638 719
639 719
640 719
641 719
642 719
643 719
644 719
645 719
646 719
647 719
648 719
649 719
650 719
651 719
652 719
653 719
654 719
655 719
656 719
657 719
658 719
659 719
660 719
661 719
662 719
663 719
664 719
665 719
666 719
667 719
668 719
669 719
670 719
671 719
672 719
673 719
674 719
675 719
676 719
677 719
678 719
679 719
680 719
681 719
682 719
683 719
684 719
685 719
686 719
687 719
688 719
689 719
690 719
691 719
692 719
693 719
694 719
695 719
696 719
697 719
698 719
699 719
700 719
701 719
702 719
703 719
704 719
705 719
706 719
707 719
708 719
709 719
710 719
711 719
712 719
713 719
714 719
715 719
716 719
717 719
718 719
719 720
