678
677
1 677
2 677
3 677
4 677
5 677
6 677
7 677
8 677
9 677
10 677
11 677
12 677
13 677
14 677
15 677
16 677
17 677
18 677
19 677
20 677
21 677
22 677
23 677
24 677
25 677
26 677
27 677
28 677
29 677
30 677
31 677
32 677
33 677
34 677
35 677
36 677
37 677
38 677
39 677
40 677
41 677
42 677
43 677
44 677
45 677
46 677
47 677
48 677
49 677
50 677
51 677
52 677
53 677
54 677
55 677
56 677
57 677
58 677
59 677
60 677
61 677
62 677
63 677
64 677
65 677
66 677
67 677
68 677
69 677
70 677
71 677
72 677
73 677
74 677
75 677
76 677
77 677
78 677
79 677
80 677
81 677
82 677
83 677
84 677
85 677
86 677
87 677
88 677
89 677
90 677
91 677
92 677
93 677
94 677
95 677
96 677
97 677
98 677
99 677
100 677
101 677
102 677
103 677
104 677
105 677
106 677
107 677
108 677
109 677
110 677
111 677
112 677
113 677
114 677
115 677
116 677
117 677
118 677
119 677
120 677
121 677
122 677
123 677
124 677
125 677
126 677
127 677
128 677
129 677
130 677
131 677
132 677
133 677
134 677
135 677
136 677
137 677
138 677
139 677
140 677
141 677
142 677
143 677
144 677
145 677
146 677
147 677
148 677
149 677
150 677
151 677
152 677
153 677
154 677
155 677
156 677
157 677
158 677
159 677
160 677
161 677
162 677
163 677
164 677
165 677
166 677
167 677
168 677
169 677
170 677
171 677
172 677
173 677
174 677
175 677
176 677
177 677
178 677
179 677
180 677
181 677
182 677
183 677
184 677
185 677
186 677
187 677
188 677
189 677
190 677
191 677
192 677
193 677
194 677
195 677
196 677
197 677
198 677
199 677
200 677
201 677
202 677
203 677
204 677
205 677
206 677
207 677
208 677
209 677
210 677
211 677
212 677
213 677
214 677
215 677
216 677
217 677
218 677
219 677
220 677
221 677
222 677
223 677
224 677
225 677
226 677
227 677
228 677
229 677
230 677
231 677
232 677
233 677
234 677
235 677
236 677
237 677
238 677
239 677
240 677
241 677
242 677
243 677
244 677
245 677
246 677
247 677
248 677
249 677
250 677
251 677
252 677
253 677
254 677
255 677
256 677
257 677
258 677
259 677
260 677
261 677
262 677
263 677
264 677
265 677
266 677
267 677
268 677
269 677
270 677
271 677
272 677
273 677
274 677
275 677
276 677
277 677
278 677
279 677
280 677
281 677
282 677
283 677
284 677
285 677
286 677
287 677
288 677
289 677
290 677
291 677
292 677
293 677
294 677
295 677
296 677
297 677
298 677
299 677
300 677
301 677
302 677
303 677
304 677
305 677
306 677
307 677
308 677
309 677
310 677
311 677
312 677
313 677
314 677
315 677
316 677
317 677
318 677
319 677
320 677
321 677
322 677
323 677
324 677
325 677
326 677
327 677
328 677
329 677
330 677
331 677
332 677
333 677
334 677
335 677
336 677
337 677
338 677
339 677
340 677
341 677
342 677
343 677
344 677
345 677
346 677
347 677
348 677
349 677
350 677
351 677
352 677
353 677
354 677
355 677
356 677
357 677
358 677
359 677
360 677
361 677
362 677
363 677
364 677
365 677
366 677
367 677
368 677
369 677
370 677
371 677
372 677
373 677
374 677
375 677
376 677
377 677
378 677
379 677
380 677
381 677
382 677
383 677
384 677
385 677
386 677
387 677
388 677
389 677
390 677
391 677
392 677
393 677
394 677
395 677
396 677
397 677
398 677
399 677
400 677
401 677
402 677
403 677
404 677
405 677
406 677
407 677
408 677
409 677
410 677
411 677
412 677
413 677
414 677
415 677
416 677
417 677
418 677
419 677
420 677
421 677
422 677
423 677
424 677
425 677
426 677
427 677
428 677
429 677
430 677
431 677
432 677
433 677
434 677
435 677
436 677
437 677
438 677
439 677
440 677
441 677
442 677
443 677
444 677
445 677
446 677
447 677
448 677
449 677
450 677
451 677
452 677
453 677
454 677
455 677
456 677
457 677
458 677
459 677
460 677
461 677
462 677
463 677
464 677
465 677
466 677
467 677
468 677
469 677
470 677
471 677
472 677
473 677
474 677
475 677
476 677
477 677
478 677
479 677
480 677
481 677
482 677
483 677
484 677
485 677
486 677
487 677
488 677
489 677
490 677
491 677
492 677
493 677
494 677
495 677
496 677
497 677
498 677
499 677
500 677
501 677
502 677
503 677
504 677
505 677
506 677
507 677
508 677
509 677
510 677
511 677
512 677
513 677
514 677
515 677
516 677
517 677
518 677
519 677
520 677
521 677
522 677
523 677
524 677
525 677
526 677
527 677
528 677
529 677
530 677
531 677
532 677
533 677
534 677
535 677
536 677
537 677
538 677
539 677
540 677
541 677
542 677
543 677
544 677
545 677
546 677
547 677
548 677
549 677
550 677
551 677
552 677
553 677
554 677
555 677
556 677
557 677
558 677
559 677
560 677
561 677
562 677
563 677
564 677
565 677
566 677
567 677
568 677
569 677
570 677
571 677
572 677
573 677
574 677
575 677
576 677
577 677
578 677
579 677
580 677
581 677
582 677
583 677
584 677
585 677
586 677
587 677
588 677
589 677
590 677
591 677
592 677
593 677
594 677
595 677
596 677
597 677
598 677
599 677
600 677
601 677
602 677
603 677
604 677
605 677
606 677
607 677
608 677
609 677
610 677
611 677
612 677
613 677
614 677
615 677
616 677
617 677
618 677
619 677
620 677
621 677
622 677
623 677
624 677
625 677
626 677
627 677
628 677
629 677
630 677
631 677
632 677
633 677
634 677
635 677
636 677
637 677
638 677
639 677
640 677
641 677
642 677
643 677
644 677
645 677
646 677
647 677
648 677
649 677
650 677
651 677
652 677
653 677
654 677
655 677
656 677
657 677
658 677
659 677
660 677
661 677
662 677
663 677
664 677
665 677
666 677
667 677
668 677
669 677
670 677
671 677
672 677
673 677
674 677
675 677
676 677
677 678
