722
721
1 721
2 721
3 721
4 721
5 721
6 721
7 721
8 721
9 721
10 721
11 721
12 721
13 721
14 721
15 721
16 721
17 721
18 721
19 721
20 721
21 721
22 721
23 721
24 721
25 721
26 721
27 721
28 721
29 721
30 721
31 721
32 721
33 721
34 721
35 721
36 721
37 721
38 721
39 721
40 721
41 721
42 721
43 721
44 721
45 721
46 721
47 721
48 721
49 721
50 721
51 721
52 721
53 721
54 721
55 721
56 721
57 721
58 721
59 721
60 721
61 721
62 721
63 721
64 721
65 721
66 721
67 721
68 721
69 721
70 721
71 721
72 721
73 721
74 721
75 721
76 721
77 721
78 721
79 721
80 721
81 721
82 721
83 721
84 721
85 721
86 721
87 721
88 721
89 721
90 721
91 721
92 721
93 721
94 721
95 721
96 721
97 721
98 721
99 721
100 721
101 721
102 721
103 721
104 721
105 721
106 721
107 721
108 721
109 721
110 721
111 721
112 721
113 721
114 721
115 721
116 721
117 721
118 721
119 721
120 721
121 721
122 721
123 721
124 721
125 721
126 721
127 721
128 721
129 721
130 721
131 721
132 721
133 721
134 721
135 721
136 721
137 721
138 721
139 721
140 721
141 721
142 721
143 721
144 721
145 721
146 721
147 721
148 721
149 721
150 721
151 721
152 721
153 721
154 721
155 721
156 721
157 721
158 721
159 721
160 721
161 721
162 721
163 721
164 721
165 721
166 721
167 721
168 721
169 721
170 721
171 721
172 721
173 721
174 721
175 721
176 721
177 721
178 721
179 721
180 721
181 721
182 721
183 721
184 721
185 721
186 721
187 721
188 721
189 721
190 721
191 721
192 721
193 721
194 721
195 721
196 721
197 721
198 721
199 721
200 721
201 721
202 721
203 721
204 721
205 721
206 721
207 721
208 721
209 721
210 721
211 721
212 721
213 721
214 721
215 721
216 721
217 721
218 721
219 721
220 721
221 721
222 721
223 721
224 721
225 721
226 721
227 721
228 721
229 721
230 721
231 721
232 721
233 721
234 721
235 721
236 721
237 721
238 721
239 721
240 721
241 721
242 721
243 721
244 721
245 721
246 721
247 721
248 721
249 721
250 721
251 721
252 721
253 721
254 721
255 721
256 721
257 721
258 721
259 721
260 721
261 721
262 721
263 721
264 721
265 721
266 721
267 721
268 721
269 721
270 721
271 721
272 721
273 721
274 721
275 721
276 721
277 721
278 721
279 721
280 721
281 721
282 721
283 721
284 721
285 721
286 721
287 721
288 721
289 721
290 721
291 721
292 721
293 721
294 721
295 721
296 721
297 721
298 721
299 721
300 721
301 721
302 721
303 721
304 721
305 721
306 721
307 721
308 721
309 721
310 721
311 721
312 721
313 721
314 721
315 721
316 721
317 721
318 721
319 721
320 721
321 721
322 721
323 721
324 721
325 721
326 721
327 721
328 721
329 721
330 721
331 721
332 721
333 721
334 721
335 721
336 721
337 721
338 721
339 721
340 721
341 721
342 721
343 721
344 721
345 721
346 721
347 721
348 721
349 721
350 721
351 721
352 721
353 721
354 721
355 721
356 721
357 721
358 721
359 721
360 721
361 721
362 721
363 721
364 721
365 721
366 721
367 721
368 721
369 721
370 721
371 721
372 721
373 721
374 721
375 721
376 721
377 721
378 721
379 721
380 721
381 721
382 721
383 721
384 721
385 721
386 721
387 721
388 721
389 721
390 721
391 721
392 721
393 721
394 721
395 721
396 721
397 721
398 721
399 721
400 721
401 721
402 721
403 721
404 721
405 721
406 721
407 721
408 721
409 721
410 721
411 721
412 721
413 721
414 721
415 721
416 721
417 721
418 721
419 721
420 721
421 721
422 721
423 721
424 721
425 721
426 721
427 721
428 721
429 721
430 721
431 721
432 721
433 721
434 721
435 721
436 721
437 721
438 721
439 721
440 721
441 721
442 721
443 721
444 721
445 721
446 721
447 721
448 721
449 721
450 721
451 721
452 721
453 721
454 721
455 721
456 721
457 721
458 721
459 721
460 721
461 721
462 721
463 721
464 721
465 721
466 721
467 721
468 721
469 721
470 721
471 721
472 721
473 721
474 721
475 721
476 721
477 721
478 721
479 721
480 721
481 721
482 721
483 721
484 721
485 721
486 721
487 721
488 721
489 721
490 721
491 721
492 721
493 721
494 721
495 721
496 721
497 721
498 721
499 721
500 721
501 721
502 721
503 721
504 721
505 721
506 721
507 721
508 721
509 721
510 721
511 721
512 721
513 721
514 721
515 721
516 721
517 721
518 721
519 721
520 721
521 721
522 721
523 721
524 721
525 721
526 721
527 721
528 721
529 721
530 721
531 721
532 721
533 721
534 721
535 721
536 721
537 721
538 721
539 721
540 721
541 721
542 721
543 721
544 721
545 721
546 721
547 721
548 721
549 721
550 721
551 721
552 721
553 721
554 721
555 721
556 721
557 721
558 721
559 721
560 721
561 721
562 721
563 721
564 721
565 721
566 721
567 721
568 721
569 721
570 721
571 721
572 721
573 721
574 721
575 721
576 721
577 721
578 721
579 721
580 721
581 721
582 721
583 721
584 721
585 721
586 721
587 721
588 721
589 721
590 721
591 721
592 721
593 721
594 721
595 721
596 721
597 721
598 721
599 721
600 721
601 721
602 721
603 721
604 721
605 721
606 721
607 721
608 721
609 721
610 721
611 721
612 721
613 721
614 721
615 721
616 721
617 721
618 721
619 721
620 721
621 721
622 721
623 721
624 721
625 721
626 721
627 721
628 721
629 721
630 721
631 721
632 721
633 721
634 721
635 721
636 721
637 721
638 721
639 721
640 721
641 721
642 721
643 721
644 721
645 721
646 721
647 721
648 721
649 721
650 721
651 721
652 721
653 721
654 721
655 721
656 721
657 721
658 721
659 721
660 721
661 721
662 721
663 721
664 721
665 721
666 721
667 721
668 721
669 721
670 721
671 721
672 721
673 721
674 721
675 721
676 721
677 721
678 721
679 721
680 721
681 721
682 721
683 721
684 721
685 721
686 721
687 721
688 721
689 721
690 721
691 721
692 721
693 721
694 721
695 721
696 721
697 721
698 721
699 721
700 721
701 721
702 721
703 721
704 721
705 721
706 721
707 721
708 721
709 721
710 721
711 721
712 721
713 721
714 721
715 721
716 721
717 721
718 721
719 721
720 721
721 722
