956
955
1 955
2 955
3 955
4 955
5 955
6 955
7 955
8 955
9 955
10 955
11 955
12 955
13 955
14 955
15 955
16 955
17 955
18 955
19 955
20 955
21 955
22 955
23 955
24 955
25 955
26 955
27 955
28 955
29 955
30 955
31 955
32 955
33 955
34 955
35 955
36 955
37 955
38 955
39 955
40 955
41 955
42 955
43 955
44 955
45 955
46 955
47 955
48 955
49 955
50 955
51 955
52 955
53 955
54 955
55 955
56 955
57 955
58 955
59 955
60 955
61 955
62 955
63 955
64 955
65 955
66 955
67 955
68 955
69 955
70 955
71 955
72 955
73 955
74 955
75 955
76 955
77 955
78 955
79 955
80 955
81 955
82 955
83 955
84 955
85 955
86 955
87 955
88 955
89 955
90 955
91 955
92 955
93 955
94 955
95 955
96 955
97 955
98 955
99 955
100 955
101 955
102 955
103 955
104 955
105 955
106 955
107 955
108 955
109 955
110 955
111 955
112 955
113 955
114 955
115 955
116 955
117 955
118 955
119 955
120 955
121 955
122 955
123 955
124 955
125 955
126 955
127 955
128 955
129 955
130 955
131 955
132 955
133 955
134 955
135 955
136 955
137 955
138 955
139 955
140 955
141 955
142 955
143 955
144 955
145 955
146 955
147 955
148 955
149 955
150 955
151 955
152 955
153 955
154 955
155 955
156 955
157 955
158 955
159 955
160 955
161 955
162 955
163 955
164 955
165 955
166 955
167 955
168 955
169 955
170 955
171 955
172 955
173 955
174 955
175 955
176 955
177 955
178 955
179 955
180 955
181 955
182 955
183 955
184 955
185 955
186 955
187 955
188 955
189 955
190 955
191 955
192 955
193 955
194 955
195 955
196 955
197 955
198 955
199 955
200 955
201 955
202 955
203 955
204 955
205 955
206 955
207 955
208 955
209 955
210 955
211 955
212 955
213 955
214 955
215 955
216 955
217 955
218 955
219 955
220 955
221 955
222 955
223 955
224 955
225 955
226 955
227 955
228 955
229 955
230 955
231 955
232 955
233 955
234 955
235 955
236 955
237 955
238 955
239 955
240 955
241 955
242 955
243 955
244 955
245 955
246 955
247 955
248 955
249 955
250 955
251 955
252 955
253 955
254 955
255 955
256 955
257 955
258 955
259 955
260 955
261 955
262 955
263 955
264 955
265 955
266 955
267 955
268 955
269 955
270 955
271 955
272 955
273 955
274 955
275 955
276 955
277 955
278 955
279 955
280 955
281 955
282 955
283 955
284 955
285 955
286 955
287 955
288 955
289 955
290 955
291 955
292 955
293 955
294 955
295 955
296 955
297 955
298 955
299 955
300 955
301 955
302 955
303 955
304 955
305 955
306 955
307 955
308 955
309 955
310 955
311 955
312 955
313 955
314 955
315 955
316 955
317 955
318 955
319 955
320 955
321 955
322 955
323 955
324 955
325 955
326 955
327 955
328 955
329 955
330 955
331 955
332 955
333 955
334 955
335 955
336 955
337 955
338 955
339 955
340 955
341 955
342 955
343 955
344 955
345 955
346 955
347 955
348 955
349 955
350 955
351 955
352 955
353 955
354 955
355 955
356 955
357 955
358 955
359 955
360 955
361 955
362 955
363 955
364 955
365 955
366 955
367 955
368 955
369 955
370 955
371 955
372 955
373 955
374 955
375 955
376 955
377 955
378 955
379 955
380 955
381 955
382 955
383 955
384 955
385 955
386 955
387 955
388 955
389 955
390 955
391 955
392 955
393 955
394 955
395 955
396 955
397 955
398 955
399 955
400 955
401 955
402 955
403 955
404 955
405 955
406 955
407 955
408 955
409 955
410 955
411 955
412 955
413 955
414 955
415 955
416 955
417 955
418 955
419 955
420 955
421 955
422 955
423 955
424 955
425 955
426 955
427 955
428 955
429 955
430 955
431 955
432 955
433 955
434 955
435 955
436 955
437 955
438 955
439 955
440 955
441 955
442 955
443 955
444 955
445 955
446 955
447 955
448 955
449 955
450 955
451 955
452 955
453 955
454 955
455 955
456 955
457 955
458 955
459 955
460 955
461 955
462 955
463 955
464 955
465 955
466 955
467 955
468 955
469 955
470 955
471 955
472 955
473 955
474 955
475 955
476 955
477 955
478 955
479 955
480 955
481 955
482 955
483 955
484 955
485 955
486 955
487 955
488 955
489 955
490 955
491 955
492 955
493 955
494 955
495 955
496 955
497 955
498 955
499 955
500 955
501 955
502 955
503 955
504 955
505 955
506 955
507 955
508 955
509 955
510 955
511 955
512 955
513 955
514 955
515 955
516 955
517 955
518 955
519 955
520 955
521 955
522 955
523 955
524 955
525 955
526 955
527 955
528 955
529 955
530 955
531 955
532 955
533 955
534 955
535 955
536 955
537 955
538 955
539 955
540 955
541 955
542 955
543 955
544 955
545 955
546 955
547 955
548 955
549 955
550 955
551 955
552 955
553 955
554 955
555 955
556 955
557 955
558 955
559 955
560 955
561 955
562 955
563 955
564 955
565 955
566 955
567 955
568 955
569 955
570 955
571 955
572 955
573 955
574 955
575 955
576 955
577 955
578 955
579 955
580 955
581 955
582 955
583 955
584 955
585 955
586 955
587 955
588 955
589 955
590 955
591 955
592 955
593 955
594 955
595 955
596 955
597 955
598 955
599 955
600 955
601 955
602 955
603 955
604 955
605 955
606 955
607 955
608 955
609 955
610 955
611 955
612 955
613 955
614 955
615 955
616 955
617 955
618 955
619 955
620 955
621 955
622 955
623 955
624 955
625 955
626 955
627 955
628 955
629 955
630 955
631 955
632 955
633 955
634 955
635 955
636 955
637 955
638 955
639 955
640 955
641 955
642 955
643 955
644 955
645 955
646 955
647 955
648 955
649 955
650 955
651 955
652 955
653 955
654 955
655 955
656 955
657 955
658 955
659 955
660 955
661 955
662 955
663 955
664 955
665 955
666 955
667 955
668 955
669 955
670 955
671 955
672 955
673 955
674 955
675 955
676 955
677 955
678 955
679 955
680 955
681 955
682 955
683 955
684 955
685 955
686 955
687 955
688 955
689 955
690 955
691 955
692 955
693 955
694 955
695 955
696 955
697 955
698 955
699 955
700 955
701 955
702 955
703 955
704 955
705 955
706 955
707 955
708 955
709 955
710 955
711 955
712 955
713 955
714 955
715 955
716 955
717 955
718 955
719 955
720 955
721 955
722 955
723 955
724 955
725 955
726 955
727 955
728 955
729 955
730 955
731 955
732 955
733 955
734 955
735 955
736 955
737 955
738 955
739 955
740 955
741 955
742 955
743 955
744 955
745 955
746 955
747 955
748 955
749 955
750 955
751 955
752 955
753 955
754 955
755 955
756 955
757 955
758 955
759 955
760 955
761 955
762 955
763 955
764 955
765 955
766 955
767 955
768 955
769 955
770 955
771 955
772 955
773 955
774 955
775 955
776 955
777 955
778 955
779 955
780 955
781 955
782 955
783 955
784 955
785 955
786 955
787 955
788 955
789 955
790 955
791 955
792 955
793 955
794 955
795 955
796 955
797 955
798 955
799 955
800 955
801 955
802 955
803 955
804 955
805 955
806 955
807 955
808 955
809 955
810 955
811 955
812 955
813 955
814 955
815 955
816 955
817 955
818 955
819 955
820 955
821 955
822 955
823 955
824 955
825 955
826 955
827 955
828 955
829 955
830 955
831 955
832 955
833 955
834 955
835 955
836 955
837 955
838 955
839 955
840 955
841 955
842 955
843 955
844 955
845 955
846 955
847 955
848 955
849 955
850 955
851 955
852 955
853 955
854 955
855 955
856 955
857 955
858 955
859 955
860 955
861 955
862 955
863 955
864 955
865 955
866 955
867 955
868 955
869 955
870 955
871 955
872 955
873 955
874 955
875 955
876 955
877 955
878 955
879 955
880 955
881 955
882 955
883 955
884 955
885 955
886 955
887 955
888 955
889 955
890 955
891 955
892 955
893 955
894 955
895 955
896 955
897 955
898 955
899 955
900 955
901 955
902 955
903 955
904 955
905 955
906 955
907 955
908 955
909 955
910 955
911 955
912 955
913 955
914 955
915 955
916 955
917 955
918 955
919 955
920 955
921 955
922 955
923 955
924 955
925 955
926 955
927 955
928 955
929 955
930 955
931 955
932 955
933 955
934 955
935 955
936 955
937 955
938 955
939 955
940 955
941 955
942 955
943 955
944 955
945 955
946 955
947 955
948 955
949 955
950 955
951 955
952 955
953 955
954 955
955 956
