594
593
1 593
2 593
3 593
4 593
5 593
6 593
7 593
8 593
9 593
10 593
11 593
12 593
13 593
14 593
15 593
16 593
17 593
18 593
19 593
20 593
21 593
22 593
23 593
24 593
25 593
26 593
27 593
28 593
29 593
30 593
31 593
32 593
33 593
34 593
35 593
36 593
37 593
38 593
39 593
40 593
41 593
42 593
43 593
44 593
45 593
46 593
47 593
48 593
49 593
50 593
51 593
52 593
53 593
54 593
55 593
56 593
57 593
58 593
59 593
60 593
61 593
62 593
63 593
64 593
65 593
66 593
67 593
68 593
69 593
70 593
71 593
72 593
73 593
74 593
75 593
76 593
77 593
78 593
79 593
80 593
81 593
82 593
83 593
84 593
85 593
86 593
87 593
88 593
89 593
90 593
91 593
92 593
93 593
94 593
95 593
96 593
97 593
98 593
99 593
100 593
101 593
102 593
103 593
104 593
105 593
106 593
107 593
108 593
109 593
110 593
111 593
112 593
113 593
114 593
115 593
116 593
117 593
118 593
119 593
120 593
121 593
122 593
123 593
124 593
125 593
126 593
127 593
128 593
129 593
130 593
131 593
132 593
133 593
134 593
135 593
136 593
137 593
138 593
139 593
140 593
141 593
142 593
143 593
144 593
145 593
146 593
147 593
148 593
149 593
150 593
151 593
152 593
153 593
154 593
155 593
156 593
157 593
158 593
159 593
160 593
161 593
162 593
163 593
164 593
165 593
166 593
167 593
168 593
169 593
170 593
171 593
172 593
173 593
174 593
175 593
176 593
177 593
178 593
179 593
180 593
181 593
182 593
183 593
184 593
185 593
186 593
187 593
188 593
189 593
190 593
191 593
192 593
193 593
194 593
195 593
196 593
197 593
198 593
199 593
200 593
201 593
202 593
203 593
204 593
205 593
206 593
207 593
208 593
209 593
210 593
211 593
212 593
213 593
214 593
215 593
216 593
217 593
218 593
219 593
220 593
221 593
222 593
223 593
224 593
225 593
226 593
227 593
228 593
229 593
230 593
231 593
232 593
233 593
234 593
235 593
236 593
237 593
238 593
239 593
240 593
241 593
242 593
243 593
244 593
245 593
246 593
247 593
248 593
249 593
250 593
251 593
252 593
253 593
254 593
255 593
256 593
257 593
258 593
259 593
260 593
261 593
262 593
263 593
264 593
265 593
266 593
267 593
268 593
269 593
270 593
271 593
272 593
273 593
274 593
275 593
276 593
277 593
278 593
279 593
280 593
281 593
282 593
283 593
284 593
285 593
286 593
287 593
288 593
289 593
290 593
291 593
292 593
293 593
294 593
295 593
296 593
297 593
298 593
299 593
300 593
301 593
302 593
303 593
304 593
305 593
306 593
307 593
308 593
309 593
310 593
311 593
312 593
313 593
314 593
315 593
316 593
317 593
318 593
319 593
320 593
321 593
322 593
323 593
324 593
325 593
326 593
327 593
328 593
329 593
330 593
331 593
332 593
333 593
334 593
335 593
336 593
337 593
338 593
339 593
340 593
341 593
342 593
343 593
344 593
345 593
346 593
347 593
348 593
349 593
350 593
351 593
352 593
353 593
354 593
355 593
356 593
357 593
358 593
359 593
360 593
361 593
362 593
363 593
364 593
365 593
366 593
367 593
368 593
369 593
370 593
371 593
372 593
373 593
374 593
375 593
376 593
377 593
378 593
379 593
380 593
381 593
382 593
383 593
384 593
385 593
386 593
387 593
388 593
389 593
390 593
391 593
392 593
393 593
394 593
395 593
396 593
397 593
398 593
399 593
400 593
401 593
402 593
403 593
404 593
405 593
406 593
407 593
408 593
409 593
410 593
411 593
412 593
413 593
414 593
415 593
416 593
417 593
418 593
419 593
420 593
421 593
422 593
423 593
424 593
425 593
426 593
427 593
428 593
429 593
430 593
431 593
432 593
433 593
434 593
435 593
436 593
437 593
438 593
439 593
440 593
441 593
442 593
443 593
444 593
445 593
446 593
447 593
448 593
449 593
450 593
451 593
452 593
453 593
454 593
455 593
456 593
457 593
458 593
459 593
460 593
461 593
462 593
463 593
464 593
465 593
466 593
467 593
468 593
469 593
470 593
471 593
472 593
473 593
474 593
475 593
476 593
477 593
478 593
479 593
480 593
481 593
482 593
483 593
484 593
485 593
486 593
487 593
488 593
489 593
490 593
491 593
492 593
493 593
494 593
495 593
496 593
497 593
498 593
499 593
500 593
501 593
502 593
503 593
504 593
505 593
506 593
507 593
508 593
509 593
510 593
511 593
512 593
513 593
514 593
515 593
516 593
517 593
518 593
519 593
520 593
521 593
522 593
523 593
524 593
525 593
526 593
527 593
528 593
529 593
530 593
531 593
532 593
533 593
534 593
535 593
536 593
537 593
538 593
539 593
540 593
541 593
542 593
543 593
544 593
545 593
546 593
547 593
548 593
549 593
550 593
551 593
552 593
553 593
554 593
555 593
556 593
557 593
558 593
559 593
560 593
561 593
562 593
563 593
564 593
565 593
566 593
567 593
568 593
569 593
570 593
571 593
572 593
573 593
574 593
575 593
576 593
577 593
578 593
579 593
580 593
581 593
582 593
583 593
584 593
585 593
586 593
587 593
588 593
589 593
590 593
591 593
592 593
593 594
