979
978
1 978
2 978
3 978
4 978
5 978
6 978
7 978
8 978
9 978
10 978
11 978
12 978
13 978
14 978
15 978
16 978
17 978
18 978
19 978
20 978
21 978
22 978
23 978
24 978
25 978
26 978
27 978
28 978
29 978
30 978
31 978
32 978
33 978
34 978
35 978
36 978
37 978
38 978
39 978
40 978
41 978
42 978
43 978
44 978
45 978
46 978
47 978
48 978
49 978
50 978
51 978
52 978
53 978
54 978
55 978
56 978
57 978
58 978
59 978
60 978
61 978
62 978
63 978
64 978
65 978
66 978
67 978
68 978
69 978
70 978
71 978
72 978
73 978
74 978
75 978
76 978
77 978
78 978
79 978
80 978
81 978
82 978
83 978
84 978
85 978
86 978
87 978
88 978
89 978
90 978
91 978
92 978
93 978
94 978
95 978
96 978
97 978
98 978
99 978
100 978
101 978
102 978
103 978
104 978
105 978
106 978
107 978
108 978
109 978
110 978
111 978
112 978
113 978
114 978
115 978
116 978
117 978
118 978
119 978
120 978
121 978
122 978
123 978
124 978
125 978
126 978
127 978
128 978
129 978
130 978
131 978
132 978
133 978
134 978
135 978
136 978
137 978
138 978
139 978
140 978
141 978
142 978
143 978
144 978
145 978
146 978
147 978
148 978
149 978
150 978
151 978
152 978
153 978
154 978
155 978
156 978
157 978
158 978
159 978
160 978
161 978
162 978
163 978
164 978
165 978
166 978
167 978
168 978
169 978
170 978
171 978
172 978
173 978
174 978
175 978
176 978
177 978
178 978
179 978
180 978
181 978
182 978
183 978
184 978
185 978
186 978
187 978
188 978
189 978
190 978
191 978
192 978
193 978
194 978
195 978
196 978
197 978
198 978
199 978
200 978
201 978
202 978
203 978
204 978
205 978
206 978
207 978
208 978
209 978
210 978
211 978
212 978
213 978
214 978
215 978
216 978
217 978
218 978
219 978
220 978
221 978
222 978
223 978
224 978
225 978
226 978
227 978
228 978
229 978
230 978
231 978
232 978
233 978
234 978
235 978
236 978
237 978
238 978
239 978
240 978
241 978
242 978
243 978
244 978
245 978
246 978
247 978
248 978
249 978
250 978
251 978
252 978
253 978
254 978
255 978
256 978
257 978
258 978
259 978
260 978
261 978
262 978
263 978
264 978
265 978
266 978
267 978
268 978
269 978
270 978
271 978
272 978
273 978
274 978
275 978
276 978
277 978
278 978
279 978
280 978
281 978
282 978
283 978
284 978
285 978
286 978
287 978
288 978
289 978
290 978
291 978
292 978
293 978
294 978
295 978
296 978
297 978
298 978
299 978
300 978
301 978
302 978
303 978
304 978
305 978
306 978
307 978
308 978
309 978
310 978
311 978
312 978
313 978
314 978
315 978
316 978
317 978
318 978
319 978
320 978
321 978
322 978
323 978
324 978
325 978
326 978
327 978
328 978
329 978
330 978
331 978
332 978
333 978
334 978
335 978
336 978
337 978
338 978
339 978
340 978
341 978
342 978
343 978
344 978
345 978
346 978
347 978
348 978
349 978
350 978
351 978
352 978
353 978
354 978
355 978
356 978
357 978
358 978
359 978
360 978
361 978
362 978
363 978
364 978
365 978
366 978
367 978
368 978
369 978
370 978
371 978
372 978
373 978
374 978
375 978
376 978
377 978
378 978
379 978
380 978
381 978
382 978
383 978
384 978
385 978
386 978
387 978
388 978
389 978
390 978
391 978
392 978
393 978
394 978
395 978
396 978
397 978
398 978
399 978
400 978
401 978
402 978
403 978
404 978
405 978
406 978
407 978
408 978
409 978
410 978
411 978
412 978
413 978
414 978
415 978
416 978
417 978
418 978
419 978
420 978
421 978
422 978
423 978
424 978
425 978
426 978
427 978
428 978
429 978
430 978
431 978
432 978
433 978
434 978
435 978
436 978
437 978
438 978
439 978
440 978
441 978
442 978
443 978
444 978
445 978
446 978
447 978
448 978
449 978
450 978
451 978
452 978
453 978
454 978
455 978
456 978
457 978
458 978
459 978
460 978
461 978
462 978
463 978
464 978
465 978
466 978
467 978
468 978
469 978
470 978
471 978
472 978
473 978
474 978
475 978
476 978
477 978
478 978
479 978
480 978
481 978
482 978
483 978
484 978
485 978
486 978
487 978
488 978
489 978
490 978
491 978
492 978
493 978
494 978
495 978
496 978
497 978
498 978
499 978
500 978
501 978
502 978
503 978
504 978
505 978
506 978
507 978
508 978
509 978
510 978
511 978
512 978
513 978
514 978
515 978
516 978
517 978
518 978
519 978
520 978
521 978
522 978
523 978
524 978
525 978
526 978
527 978
528 978
529 978
530 978
531 978
532 978
533 978
534 978
535 978
536 978
537 978
538 978
539 978
540 978
541 978
542 978
543 978
544 978
545 978
546 978
547 978
548 978
549 978
550 978
551 978
552 978
553 978
554 978
555 978
556 978
557 978
558 978
559 978
560 978
561 978
562 978
563 978
564 978
565 978
566 978
567 978
568 978
569 978
570 978
571 978
572 978
573 978
574 978
575 978
576 978
577 978
578 978
579 978
580 978
581 978
582 978
583 978
584 978
585 978
586 978
587 978
588 978
589 978
590 978
591 978
592 978
593 978
594 978
595 978
596 978
597 978
598 978
599 978
600 978
601 978
602 978
603 978
604 978
605 978
606 978
607 978
608 978
609 978
610 978
611 978
612 978
613 978
614 978
615 978
616 978
617 978
618 978
619 978
620 978
621 978
622 978
623 978
624 978
625 978
626 978
627 978
628 978
629 978
630 978
631 978
632 978
633 978
634 978
635 978
636 978
637 978
638 978
639 978
640 978
641 978
642 978
643 978
644 978
645 978
646 978
647 978
648 978
649 978
650 978
651 978
652 978
653 978
654 978
655 978
656 978
657 978
658 978
659 978
660 978
661 978
662 978
663 978
664 978
665 978
666 978
667 978
668 978
669 978
670 978
671 978
672 978
673 978
674 978
675 978
676 978
677 978
678 978
679 978
680 978
681 978
682 978
683 978
684 978
685 978
686 978
687 978
688 978
689 978
690 978
691 978
692 978
693 978
694 978
695 978
696 978
697 978
698 978
699 978
700 978
701 978
702 978
703 978
704 978
705 978
706 978
707 978
708 978
709 978
710 978
711 978
712 978
713 978
714 978
715 978
716 978
717 978
718 978
719 978
720 978
721 978
722 978
723 978
724 978
725 978
726 978
727 978
728 978
729 978
730 978
731 978
732 978
733 978
734 978
735 978
736 978
737 978
738 978
739 978
740 978
741 978
742 978
743 978
744 978
745 978
746 978
747 978
748 978
749 978
750 978
751 978
752 978
753 978
754 978
755 978
756 978
757 978
758 978
759 978
760 978
761 978
762 978
763 978
764 978
765 978
766 978
767 978
768 978
769 978
770 978
771 978
772 978
773 978
774 978
775 978
776 978
777 978
778 978
779 978
780 978
781 978
782 978
783 978
784 978
785 978
786 978
787 978
788 978
789 978
790 978
791 978
792 978
793 978
794 978
795 978
796 978
797 978
798 978
799 978
800 978
801 978
802 978
803 978
804 978
805 978
806 978
807 978
808 978
809 978
810 978
811 978
812 978
813 978
814 978
815 978
816 978
817 978
818 978
819 978
820 978
821 978
822 978
823 978
824 978
825 978
826 978
827 978
828 978
829 978
830 978
831 978
832 978
833 978
834 978
835 978
836 978
837 978
838 978
839 978
840 978
841 978
842 978
843 978
844 978
845 978
846 978
847 978
848 978
849 978
850 978
851 978
852 978
853 978
854 978
855 978
856 978
857 978
858 978
859 978
860 978
861 978
862 978
863 978
864 978
865 978
866 978
867 978
868 978
869 978
870 978
871 978
872 978
873 978
874 978
875 978
876 978
877 978
878 978
879 978
880 978
881 978
882 978
883 978
884 978
885 978
886 978
887 978
888 978
889 978
890 978
891 978
892 978
893 978
894 978
895 978
896 978
897 978
898 978
899 978
900 978
901 978
902 978
903 978
904 978
905 978
906 978
907 978
908 978
909 978
910 978
911 978
912 978
913 978
914 978
915 978
916 978
917 978
918 978
919 978
920 978
921 978
922 978
923 978
924 978
925 978
926 978
927 978
928 978
929 978
930 978
931 978
932 978
933 978
934 978
935 978
936 978
937 978
938 978
939 978
940 978
941 978
942 978
943 978
944 978
945 978
946 978
947 978
948 978
949 978
950 978
951 978
952 978
953 978
954 978
955 978
956 978
957 978
958 978
959 978
960 978
961 978
962 978
963 978
964 978
965 978
966 978
967 978
968 978
969 978
970 978
971 978
972 978
973 978
974 978
975 978
976 978
977 978
978 979
