553
552
1 552
2 552
3 552
4 552
5 552
6 552
7 552
8 552
9 552
10 552
11 552
12 552
13 552
14 552
15 552
16 552
17 552
18 552
19 552
20 552
21 552
22 552
23 552
24 552
25 552
26 552
27 552
28 552
29 552
30 552
31 552
32 552
33 552
34 552
35 552
36 552
37 552
38 552
39 552
40 552
41 552
42 552
43 552
44 552
45 552
46 552
47 552
48 552
49 552
50 552
51 552
52 552
53 552
54 552
55 552
56 552
57 552
58 552
59 552
60 552
61 552
62 552
63 552
64 552
65 552
66 552
67 552
68 552
69 552
70 552
71 552
72 552
73 552
74 552
75 552
76 552
77 552
78 552
79 552
80 552
81 552
82 552
83 552
84 552
85 552
86 552
87 552
88 552
89 552
90 552
91 552
92 552
93 552
94 552
95 552
96 552
97 552
98 552
99 552
100 552
101 552
102 552
103 552
104 552
105 552
106 552
107 552
108 552
109 552
110 552
111 552
112 552
113 552
114 552
115 552
116 552
117 552
118 552
119 552
120 552
121 552
122 552
123 552
124 552
125 552
126 552
127 552
128 552
129 552
130 552
131 552
132 552
133 552
134 552
135 552
136 552
137 552
138 552
139 552
140 552
141 552
142 552
143 552
144 552
145 552
146 552
147 552
148 552
149 552
150 552
151 552
152 552
153 552
154 552
155 552
156 552
157 552
158 552
159 552
160 552
161 552
162 552
163 552
164 552
165 552
166 552
167 552
168 552
169 552
170 552
171 552
172 552
173 552
174 552
175 552
176 552
177 552
178 552
179 552
180 552
181 552
182 552
183 552
184 552
185 552
186 552
187 552
188 552
189 552
190 552
191 552
192 552
193 552
194 552
195 552
196 552
197 552
198 552
199 552
200 552
201 552
202 552
203 552
204 552
205 552
206 552
207 552
208 552
209 552
210 552
211 552
212 552
213 552
214 552
215 552
216 552
217 552
218 552
219 552
220 552
221 552
222 552
223 552
224 552
225 552
226 552
227 552
228 552
229 552
230 552
231 552
232 552
233 552
234 552
235 552
236 552
237 552
238 552
239 552
240 552
241 552
242 552
243 552
244 552
245 552
246 552
247 552
248 552
249 552
250 552
251 552
252 552
253 552
254 552
255 552
256 552
257 552
258 552
259 552
260 552
261 552
262 552
263 552
264 552
265 552
266 552
267 552
268 552
269 552
270 552
271 552
272 552
273 552
274 552
275 552
276 552
277 552
278 552
279 552
280 552
281 552
282 552
283 552
284 552
285 552
286 552
287 552
288 552
289 552
290 552
291 552
292 552
293 552
294 552
295 552
296 552
297 552
298 552
299 552
300 552
301 552
302 552
303 552
304 552
305 552
306 552
307 552
308 552
309 552
310 552
311 552
312 552
313 552
314 552
315 552
316 552
317 552
318 552
319 552
320 552
321 552
322 552
323 552
324 552
325 552
326 552
327 552
328 552
329 552
330 552
331 552
332 552
333 552
334 552
335 552
336 552
337 552
338 552
339 552
340 552
341 552
342 552
343 552
344 552
345 552
346 552
347 552
348 552
349 552
350 552
351 552
352 552
353 552
354 552
355 552
356 552
357 552
358 552
359 552
360 552
361 552
362 552
363 552
364 552
365 552
366 552
367 552
368 552
369 552
370 552
371 552
372 552
373 552
374 552
375 552
376 552
377 552
378 552
379 552
380 552
381 552
382 552
383 552
384 552
385 552
386 552
387 552
388 552
389 552
390 552
391 552
392 552
393 552
394 552
395 552
396 552
397 552
398 552
399 552
400 552
401 552
402 552
403 552
404 552
405 552
406 552
407 552
408 552
409 552
410 552
411 552
412 552
413 552
414 552
415 552
416 552
417 552
418 552
419 552
420 552
421 552
422 552
423 552
424 552
425 552
426 552
427 552
428 552
429 552
430 552
431 552
432 552
433 552
434 552
435 552
436 552
437 552
438 552
439 552
440 552
441 552
442 552
443 552
444 552
445 552
446 552
447 552
448 552
449 552
450 552
451 552
452 552
453 552
454 552
455 552
456 552
457 552
458 552
459 552
460 552
461 552
462 552
463 552
464 552
465 552
466 552
467 552
468 552
469 552
470 552
471 552
472 552
473 552
474 552
475 552
476 552
477 552
478 552
479 552
480 552
481 552
482 552
483 552
484 552
485 552
486 552
487 552
488 552
489 552
490 552
491 552
492 552
493 552
494 552
495 552
496 552
497 552
498 552
499 552
500 552
501 552
502 552
503 552
504 552
505 552
506 552
507 552
508 552
509 552
510 552
511 552
512 552
513 552
514 552
515 552
516 552
517 552
518 552
519 552
520 552
521 552
522 552
523 552
524 552
525 552
526 552
527 552
528 552
529 552
530 552
531 552
532 552
533 552
534 552
535 552
536 552
537 552
538 552
539 552
540 552
541 552
542 552
543 552
544 552
545 552
546 552
547 552
548 552
549 552
550 552
551 552
552 553
