699
698
1 698
2 698
3 698
4 698
5 698
6 698
7 698
8 698
9 698
10 698
11 698
12 698
13 698
14 698
15 698
16 698
17 698
18 698
19 698
20 698
21 698
22 698
23 698
24 698
25 698
26 698
27 698
28 698
29 698
30 698
31 698
32 698
33 698
34 698
35 698
36 698
37 698
38 698
39 698
40 698
41 698
42 698
43 698
44 698
45 698
46 698
47 698
48 698
49 698
50 698
51 698
52 698
53 698
54 698
55 698
56 698
57 698
58 698
59 698
60 698
61 698
62 698
63 698
64 698
65 698
66 698
67 698
68 698
69 698
70 698
71 698
72 698
73 698
74 698
75 698
76 698
77 698
78 698
79 698
80 698
81 698
82 698
83 698
84 698
85 698
86 698
87 698
88 698
89 698
90 698
91 698
92 698
93 698
94 698
95 698
96 698
97 698
98 698
99 698
100 698
101 698
102 698
103 698
104 698
105 698
106 698
107 698
108 698
109 698
110 698
111 698
112 698
113 698
114 698
115 698
116 698
117 698
118 698
119 698
120 698
121 698
122 698
123 698
124 698
125 698
126 698
127 698
128 698
129 698
130 698
131 698
132 698
133 698
134 698
135 698
136 698
137 698
138 698
139 698
140 698
141 698
142 698
143 698
144 698
145 698
146 698
147 698
148 698
149 698
150 698
151 698
152 698
153 698
154 698
155 698
156 698
157 698
158 698
159 698
160 698
161 698
162 698
163 698
164 698
165 698
166 698
167 698
168 698
169 698
170 698
171 698
172 698
173 698
174 698
175 698
176 698
177 698
178 698
179 698
180 698
181 698
182 698
183 698
184 698
185 698
186 698
187 698
188 698
189 698
190 698
191 698
192 698
193 698
194 698
195 698
196 698
197 698
198 698
199 698
200 698
201 698
202 698
203 698
204 698
205 698
206 698
207 698
208 698
209 698
210 698
211 698
212 698
213 698
214 698
215 698
216 698
217 698
218 698
219 698
220 698
221 698
222 698
223 698
224 698
225 698
226 698
227 698
228 698
229 698
230 698
231 698
232 698
233 698
234 698
235 698
236 698
237 698
238 698
239 698
240 698
241 698
242 698
243 698
244 698
245 698
246 698
247 698
248 698
249 698
250 698
251 698
252 698
253 698
254 698
255 698
256 698
257 698
258 698
259 698
260 698
261 698
262 698
263 698
264 698
265 698
266 698
267 698
268 698
269 698
270 698
271 698
272 698
273 698
274 698
275 698
276 698
277 698
278 698
279 698
280 698
281 698
282 698
283 698
284 698
285 698
286 698
287 698
288 698
289 698
290 698
291 698
292 698
293 698
294 698
295 698
296 698
297 698
298 698
299 698
300 698
301 698
302 698
303 698
304 698
305 698
306 698
307 698
308 698
309 698
310 698
311 698
312 698
313 698
314 698
315 698
316 698
317 698
318 698
319 698
320 698
321 698
322 698
323 698
324 698
325 698
326 698
327 698
328 698
329 698
330 698
331 698
332 698
333 698
334 698
335 698
336 698
337 698
338 698
339 698
340 698
341 698
342 698
343 698
344 698
345 698
346 698
347 698
348 698
349 698
350 698
351 698
352 698
353 698
354 698
355 698
356 698
357 698
358 698
359 698
360 698
361 698
362 698
363 698
364 698
365 698
366 698
367 698
368 698
369 698
370 698
371 698
372 698
373 698
374 698
375 698
376 698
377 698
378 698
379 698
380 698
381 698
382 698
383 698
384 698
385 698
386 698
387 698
388 698
389 698
390 698
391 698
392 698
393 698
394 698
395 698
396 698
397 698
398 698
399 698
400 698
401 698
402 698
403 698
404 698
405 698
406 698
407 698
408 698
409 698
410 698
411 698
412 698
413 698
414 698
415 698
416 698
417 698
418 698
419 698
420 698
421 698
422 698
423 698
424 698
425 698
426 698
427 698
428 698
429 698
430 698
431 698
432 698
433 698
434 698
435 698
436 698
437 698
438 698
439 698
440 698
441 698
442 698
443 698
444 698
445 698
446 698
447 698
448 698
449 698
450 698
451 698
452 698
453 698
454 698
455 698
456 698
457 698
458 698
459 698
460 698
461 698
462 698
463 698
464 698
465 698
466 698
467 698
468 698
469 698
470 698
471 698
472 698
473 698
474 698
475 698
476 698
477 698
478 698
479 698
480 698
481 698
482 698
483 698
484 698
485 698
486 698
487 698
488 698
489 698
490 698
491 698
492 698
493 698
494 698
495 698
496 698
497 698
498 698
499 698
500 698
501 698
502 698
503 698
504 698
505 698
506 698
507 698
508 698
509 698
510 698
511 698
512 698
513 698
514 698
515 698
516 698
517 698
518 698
519 698
520 698
521 698
522 698
523 698
524 698
525 698
526 698
527 698
528 698
529 698
530 698
531 698
532 698
533 698
534 698
535 698
536 698
537 698
538 698
539 698
540 698
541 698
542 698
543 698
544 698
545 698
546 698
547 698
548 698
549 698
550 698
551 698
552 698
553 698
554 698
555 698
556 698
557 698
558 698
559 698
560 698
561 698
562 698
563 698
564 698
565 698
566 698
567 698
568 698
569 698
570 698
571 698
572 698
573 698
574 698
575 698
576 698
577 698
578 698
579 698
580 698
581 698
582 698
583 698
584 698
585 698
586 698
587 698
588 698
589 698
590 698
591 698
592 698
593 698
594 698
595 698
596 698
597 698
598 698
599 698
600 698
601 698
602 698
603 698
604 698
605 698
606 698
607 698
608 698
609 698
610 698
611 698
612 698
613 698
614 698
615 698
616 698
617 698
618 698
619 698
620 698
621 698
622 698
623 698
624 698
625 698
626 698
627 698
628 698
629 698
630 698
631 698
632 698
633 698
634 698
635 698
636 698
637 698
638 698
639 698
640 698
641 698
642 698
643 698
644 698
645 698
646 698
647 698
648 698
649 698
650 698
651 698
652 698
653 698
654 698
655 698
656 698
657 698
658 698
659 698
660 698
661 698
662 698
663 698
664 698
665 698
666 698
667 698
668 698
669 698
670 698
671 698
672 698
673 698
674 698
675 698
676 698
677 698
678 698
679 698
680 698
681 698
682 698
683 698
684 698
685 698
686 698
687 698
688 698
689 698
690 698
691 698
692 698
693 698
694 698
695 698
696 698
697 698
698 699
