647
646
1 646
2 646
3 646
4 646
5 646
6 646
7 646
8 646
9 646
10 646
11 646
12 646
13 646
14 646
15 646
16 646
17 646
18 646
19 646
20 646
21 646
22 646
23 646
24 646
25 646
26 646
27 646
28 646
29 646
30 646
31 646
32 646
33 646
34 646
35 646
36 646
37 646
38 646
39 646
40 646
41 646
42 646
43 646
44 646
45 646
46 646
47 646
48 646
49 646
50 646
51 646
52 646
53 646
54 646
55 646
56 646
57 646
58 646
59 646
60 646
61 646
62 646
63 646
64 646
65 646
66 646
67 646
68 646
69 646
70 646
71 646
72 646
73 646
74 646
75 646
76 646
77 646
78 646
79 646
80 646
81 646
82 646
83 646
84 646
85 646
86 646
87 646
88 646
89 646
90 646
91 646
92 646
93 646
94 646
95 646
96 646
97 646
98 646
99 646
100 646
101 646
102 646
103 646
104 646
105 646
106 646
107 646
108 646
109 646
110 646
111 646
112 646
113 646
114 646
115 646
116 646
117 646
118 646
119 646
120 646
121 646
122 646
123 646
124 646
125 646
126 646
127 646
128 646
129 646
130 646
131 646
132 646
133 646
134 646
135 646
136 646
137 646
138 646
139 646
140 646
141 646
142 646
143 646
144 646
145 646
146 646
147 646
148 646
149 646
150 646
151 646
152 646
153 646
154 646
155 646
156 646
157 646
158 646
159 646
160 646
161 646
162 646
163 646
164 646
165 646
166 646
167 646
168 646
169 646
170 646
171 646
172 646
173 646
174 646
175 646
176 646
177 646
178 646
179 646
180 646
181 646
182 646
183 646
184 646
185 646
186 646
187 646
188 646
189 646
190 646
191 646
192 646
193 646
194 646
195 646
196 646
197 646
198 646
199 646
200 646
201 646
202 646
203 646
204 646
205 646
206 646
207 646
208 646
209 646
210 646
211 646
212 646
213 646
214 646
215 646
216 646
217 646
218 646
219 646
220 646
221 646
222 646
223 646
224 646
225 646
226 646
227 646
228 646
229 646
230 646
231 646
232 646
233 646
234 646
235 646
236 646
237 646
238 646
239 646
240 646
241 646
242 646
243 646
244 646
245 646
246 646
247 646
248 646
249 646
250 646
251 646
252 646
253 646
254 646
255 646
256 646
257 646
258 646
259 646
260 646
261 646
262 646
263 646
264 646
265 646
266 646
267 646
268 646
269 646
270 646
271 646
272 646
273 646
274 646
275 646
276 646
277 646
278 646
279 646
280 646
281 646
282 646
283 646
284 646
285 646
286 646
287 646
288 646
289 646
290 646
291 646
292 646
293 646
294 646
295 646
296 646
297 646
298 646
299 646
300 646
301 646
302 646
303 646
304 646
305 646
306 646
307 646
308 646
309 646
310 646
311 646
312 646
313 646
314 646
315 646
316 646
317 646
318 646
319 646
320 646
321 646
322 646
323 646
324 646
325 646
326 646
327 646
328 646
329 646
330 646
331 646
332 646
333 646
334 646
335 646
336 646
337 646
338 646
339 646
340 646
341 646
342 646
343 646
344 646
345 646
346 646
347 646
348 646
349 646
350 646
351 646
352 646
353 646
354 646
355 646
356 646
357 646
358 646
359 646
360 646
361 646
362 646
363 646
364 646
365 646
366 646
367 646
368 646
369 646
370 646
371 646
372 646
373 646
374 646
375 646
376 646
377 646
378 646
379 646
380 646
381 646
382 646
383 646
384 646
385 646
386 646
387 646
388 646
389 646
390 646
391 646
392 646
393 646
394 646
395 646
396 646
397 646
398 646
399 646
400 646
401 646
402 646
403 646
404 646
405 646
406 646
407 646
408 646
409 646
410 646
411 646
412 646
413 646
414 646
415 646
416 646
417 646
418 646
419 646
420 646
421 646
422 646
423 646
424 646
425 646
426 646
427 646
428 646
429 646
430 646
431 646
432 646
433 646
434 646
435 646
436 646
437 646
438 646
439 646
440 646
441 646
442 646
443 646
444 646
445 646
446 646
447 646
448 646
449 646
450 646
451 646
452 646
453 646
454 646
455 646
456 646
457 646
458 646
459 646
460 646
461 646
462 646
463 646
464 646
465 646
466 646
467 646
468 646
469 646
470 646
471 646
472 646
473 646
474 646
475 646
476 646
477 646
478 646
479 646
480 646
481 646
482 646
483 646
484 646
485 646
486 646
487 646
488 646
489 646
490 646
491 646
492 646
493 646
494 646
495 646
496 646
497 646
498 646
499 646
500 646
501 646
502 646
503 646
504 646
505 646
506 646
507 646
508 646
509 646
510 646
511 646
512 646
513 646
514 646
515 646
516 646
517 646
518 646
519 646
520 646
521 646
522 646
523 646
524 646
525 646
526 646
527 646
528 646
529 646
530 646
531 646
532 646
533 646
534 646
535 646
536 646
537 646
538 646
539 646
540 646
541 646
542 646
543 646
544 646
545 646
546 646
547 646
548 646
549 646
550 646
551 646
552 646
553 646
554 646
555 646
556 646
557 646
558 646
559 646
560 646
561 646
562 646
563 646
564 646
565 646
566 646
567 646
568 646
569 646
570 646
571 646
572 646
573 646
574 646
575 646
576 646
577 646
578 646
579 646
580 646
581 646
582 646
583 646
584 646
585 646
586 646
587 646
588 646
589 646
590 646
591 646
592 646
593 646
594 646
595 646
596 646
597 646
598 646
599 646
600 646
601 646
602 646
603 646
604 646
605 646
606 646
607 646
608 646
609 646
610 646
611 646
612 646
613 646
614 646
615 646
616 646
617 646
618 646
619 646
620 646
621 646
622 646
623 646
624 646
625 646
626 646
627 646
628 646
629 646
630 646
631 646
632 646
633 646
634 646
635 646
636 646
637 646
638 646
639 646
640 646
641 646
642 646
643 646
644 646
645 646
646 647
