792
791
1 791
2 791
3 791
4 791
5 791
6 791
7 791
8 791
9 791
10 791
11 791
12 791
13 791
14 791
15 791
16 791
17 791
18 791
19 791
20 791
21 791
22 791
23 791
24 791
25 791
26 791
27 791
28 791
29 791
30 791
31 791
32 791
33 791
34 791
35 791
36 791
37 791
38 791
39 791
40 791
41 791
42 791
43 791
44 791
45 791
46 791
47 791
48 791
49 791
50 791
51 791
52 791
53 791
54 791
55 791
56 791
57 791
58 791
59 791
60 791
61 791
62 791
63 791
64 791
65 791
66 791
67 791
68 791
69 791
70 791
71 791
72 791
73 791
74 791
75 791
76 791
77 791
78 791
79 791
80 791
81 791
82 791
83 791
84 791
85 791
86 791
87 791
88 791
89 791
90 791
91 791
92 791
93 791
94 791
95 791
96 791
97 791
98 791
99 791
100 791
101 791
102 791
103 791
104 791
105 791
106 791
107 791
108 791
109 791
110 791
111 791
112 791
113 791
114 791
115 791
116 791
117 791
118 791
119 791
120 791
121 791
122 791
123 791
124 791
125 791
126 791
127 791
128 791
129 791
130 791
131 791
132 791
133 791
134 791
135 791
136 791
137 791
138 791
139 791
140 791
141 791
142 791
143 791
144 791
145 791
146 791
147 791
148 791
149 791
150 791
151 791
152 791
153 791
154 791
155 791
156 791
157 791
158 791
159 791
160 791
161 791
162 791
163 791
164 791
165 791
166 791
167 791
168 791
169 791
170 791
171 791
172 791
173 791
174 791
175 791
176 791
177 791
178 791
179 791
180 791
181 791
182 791
183 791
184 791
185 791
186 791
187 791
188 791
189 791
190 791
191 791
192 791
193 791
194 791
195 791
196 791
197 791
198 791
199 791
200 791
201 791
202 791
203 791
204 791
205 791
206 791
207 791
208 791
209 791
210 791
211 791
212 791
213 791
214 791
215 791
216 791
217 791
218 791
219 791
220 791
221 791
222 791
223 791
224 791
225 791
226 791
227 791
228 791
229 791
230 791
231 791
232 791
233 791
234 791
235 791
236 791
237 791
238 791
239 791
240 791
241 791
242 791
243 791
244 791
245 791
246 791
247 791
248 791
249 791
250 791
251 791
252 791
253 791
254 791
255 791
256 791
257 791
258 791
259 791
260 791
261 791
262 791
263 791
264 791
265 791
266 791
267 791
268 791
269 791
270 791
271 791
272 791
273 791
274 791
275 791
276 791
277 791
278 791
279 791
280 791
281 791
282 791
283 791
284 791
285 791
286 791
287 791
288 791
289 791
290 791
291 791
292 791
293 791
294 791
295 791
296 791
297 791
298 791
299 791
300 791
301 791
302 791
303 791
304 791
305 791
306 791
307 791
308 791
309 791
310 791
311 791
312 791
313 791
314 791
315 791
316 791
317 791
318 791
319 791
320 791
321 791
322 791
323 791
324 791
325 791
326 791
327 791
328 791
329 791
330 791
331 791
332 791
333 791
334 791
335 791
336 791
337 791
338 791
339 791
340 791
341 791
342 791
343 791
344 791
345 791
346 791
347 791
348 791
349 791
350 791
351 791
352 791
353 791
354 791
355 791
356 791
357 791
358 791
359 791
360 791
361 791
362 791
363 791
364 791
365 791
366 791
367 791
368 791
369 791
370 791
371 791
372 791
373 791
374 791
375 791
376 791
377 791
378 791
379 791
380 791
381 791
382 791
383 791
384 791
385 791
386 791
387 791
388 791
389 791
390 791
391 791
392 791
393 791
394 791
395 791
396 791
397 791
398 791
399 791
400 791
401 791
402 791
403 791
404 791
405 791
406 791
407 791
408 791
409 791
410 791
411 791
412 791
413 791
414 791
415 791
416 791
417 791
418 791
419 791
420 791
421 791
422 791
423 791
424 791
425 791
426 791
427 791
428 791
429 791
430 791
431 791
432 791
433 791
434 791
435 791
436 791
437 791
438 791
439 791
440 791
441 791
442 791
443 791
444 791
445 791
446 791
447 791
448 791
449 791
450 791
451 791
452 791
453 791
454 791
455 791
456 791
457 791
458 791
459 791
460 791
461 791
462 791
463 791
464 791
465 791
466 791
467 791
468 791
469 791
470 791
471 791
472 791
473 791
474 791
475 791
476 791
477 791
478 791
479 791
480 791
481 791
482 791
483 791
484 791
485 791
486 791
487 791
488 791
489 791
490 791
491 791
492 791
493 791
494 791
495 791
496 791
497 791
498 791
499 791
500 791
501 791
502 791
503 791
504 791
505 791
506 791
507 791
508 791
509 791
510 791
511 791
512 791
513 791
514 791
515 791
516 791
517 791
518 791
519 791
520 791
521 791
522 791
523 791
524 791
525 791
526 791
527 791
528 791
529 791
530 791
531 791
532 791
533 791
534 791
535 791
536 791
537 791
538 791
539 791
540 791
541 791
542 791
543 791
544 791
545 791
546 791
547 791
548 791
549 791
550 791
551 791
552 791
553 791
554 791
555 791
556 791
557 791
558 791
559 791
560 791
561 791
562 791
563 791
564 791
565 791
566 791
567 791
568 791
569 791
570 791
571 791
572 791
573 791
574 791
575 791
576 791
577 791
578 791
579 791
580 791
581 791
582 791
583 791
584 791
585 791
586 791
587 791
588 791
589 791
590 791
591 791
592 791
593 791
594 791
595 791
596 791
597 791
598 791
599 791
600 791
601 791
602 791
603 791
604 791
605 791
606 791
607 791
608 791
609 791
610 791
611 791
612 791
613 791
614 791
615 791
616 791
617 791
618 791
619 791
620 791
621 791
622 791
623 791
624 791
625 791
626 791
627 791
628 791
629 791
630 791
631 791
632 791
633 791
634 791
635 791
636 791
637 791
638 791
639 791
640 791
641 791
642 791
643 791
644 791
645 791
646 791
647 791
648 791
649 791
650 791
651 791
652 791
653 791
654 791
655 791
656 791
657 791
658 791
659 791
660 791
661 791
662 791
663 791
664 791
665 791
666 791
667 791
668 791
669 791
670 791
671 791
672 791
673 791
674 791
675 791
676 791
677 791
678 791
679 791
680 791
681 791
682 791
683 791
684 791
685 791
686 791
687 791
688 791
689 791
690 791
691 791
692 791
693 791
694 791
695 791
696 791
697 791
698 791
699 791
700 791
701 791
702 791
703 791
704 791
705 791
706 791
707 791
708 791
709 791
710 791
711 791
712 791
713 791
714 791
715 791
716 791
717 791
718 791
719 791
720 791
721 791
722 791
723 791
724 791
725 791
726 791
727 791
728 791
729 791
730 791
731 791
732 791
733 791
734 791
735 791
736 791
737 791
738 791
739 791
740 791
741 791
742 791
743 791
744 791
745 791
746 791
747 791
748 791
749 791
750 791
751 791
752 791
753 791
754 791
755 791
756 791
757 791
758 791
759 791
760 791
761 791
762 791
763 791
764 791
765 791
766 791
767 791
768 791
769 791
770 791
771 791
772 791
773 791
774 791
775 791
776 791
777 791
778 791
779 791
780 791
781 791
782 791
783 791
784 791
785 791
786 791
787 791
788 791
789 791
790 791
791 792
