780
779
1 779
2 779
3 779
4 779
5 779
6 779
7 779
8 779
9 779
10 779
11 779
12 779
13 779
14 779
15 779
16 779
17 779
18 779
19 779
20 779
21 779
22 779
23 779
24 779
25 779
26 779
27 779
28 779
29 779
30 779
31 779
32 779
33 779
34 779
35 779
36 779
37 779
38 779
39 779
40 779
41 779
42 779
43 779
44 779
45 779
46 779
47 779
48 779
49 779
50 779
51 779
52 779
53 779
54 779
55 779
56 779
57 779
58 779
59 779
60 779
61 779
62 779
63 779
64 779
65 779
66 779
67 779
68 779
69 779
70 779
71 779
72 779
73 779
74 779
75 779
76 779
77 779
78 779
79 779
80 779
81 779
82 779
83 779
84 779
85 779
86 779
87 779
88 779
89 779
90 779
91 779
92 779
93 779
94 779
95 779
96 779
97 779
98 779
99 779
100 779
101 779
102 779
103 779
104 779
105 779
106 779
107 779
108 779
109 779
110 779
111 779
112 779
113 779
114 779
115 779
116 779
117 779
118 779
119 779
120 779
121 779
122 779
123 779
124 779
125 779
126 779
127 779
128 779
129 779
130 779
131 779
132 779
133 779
134 779
135 779
136 779
137 779
138 779
139 779
140 779
141 779
142 779
143 779
144 779
145 779
146 779
147 779
148 779
149 779
150 779
151 779
152 779
153 779
154 779
155 779
156 779
157 779
158 779
159 779
160 779
161 779
162 779
163 779
164 779
165 779
166 779
167 779
168 779
169 779
170 779
171 779
172 779
173 779
174 779
175 779
176 779
177 779
178 779
179 779
180 779
181 779
182 779
183 779
184 779
185 779
186 779
187 779
188 779
189 779
190 779
191 779
192 779
193 779
194 779
195 779
196 779
197 779
198 779
199 779
200 779
201 779
202 779
203 779
204 779
205 779
206 779
207 779
208 779
209 779
210 779
211 779
212 779
213 779
214 779
215 779
216 779
217 779
218 779
219 779
220 779
221 779
222 779
223 779
224 779
225 779
226 779
227 779
228 779
229 779
230 779
231 779
232 779
233 779
234 779
235 779
236 779
237 779
238 779
239 779
240 779
241 779
242 779
243 779
244 779
245 779
246 779
247 779
248 779
249 779
250 779
251 779
252 779
253 779
254 779
255 779
256 779
257 779
258 779
259 779
260 779
261 779
262 779
263 779
264 779
265 779
266 779
267 779
268 779
269 779
270 779
271 779
272 779
273 779
274 779
275 779
276 779
277 779
278 779
279 779
280 779
281 779
282 779
283 779
284 779
285 779
286 779
287 779
288 779
289 779
290 779
291 779
292 779
293 779
294 779
295 779
296 779
297 779
298 779
299 779
300 779
301 779
302 779
303 779
304 779
305 779
306 779
307 779
308 779
309 779
310 779
311 779
312 779
313 779
314 779
315 779
316 779
317 779
318 779
319 779
320 779
321 779
322 779
323 779
324 779
325 779
326 779
327 779
328 779
329 779
330 779
331 779
332 779
333 779
334 779
335 779
336 779
337 779
338 779
339 779
340 779
341 779
342 779
343 779
344 779
345 779
346 779
347 779
348 779
349 779
350 779
351 779
352 779
353 779
354 779
355 779
356 779
357 779
358 779
359 779
360 779
361 779
362 779
363 779
364 779
365 779
366 779
367 779
368 779
369 779
370 779
371 779
372 779
373 779
374 779
375 779
376 779
377 779
378 779
379 779
380 779
381 779
382 779
383 779
384 779
385 779
386 779
387 779
388 779
389 779
390 779
391 779
392 779
393 779
394 779
395 779
396 779
397 779
398 779
399 779
400 779
401 779
402 779
403 779
404 779
405 779
406 779
407 779
408 779
409 779
410 779
411 779
412 779
413 779
414 779
415 779
416 779
417 779
418 779
419 779
420 779
421 779
422 779
423 779
424 779
425 779
426 779
427 779
428 779
429 779
430 779
431 779
432 779
433 779
434 779
435 779
436 779
437 779
438 779
439 779
440 779
441 779
442 779
443 779
444 779
445 779
446 779
447 779
448 779
449 779
450 779
451 779
452 779
453 779
454 779
455 779
456 779
457 779
458 779
459 779
460 779
461 779
462 779
463 779
464 779
465 779
466 779
467 779
468 779
469 779
470 779
471 779
472 779
473 779
474 779
475 779
476 779
477 779
478 779
479 779
480 779
481 779
482 779
483 779
484 779
485 779
486 779
487 779
488 779
489 779
490 779
491 779
492 779
493 779
494 779
495 779
496 779
497 779
498 779
499 779
500 779
501 779
502 779
503 779
504 779
505 779
506 779
507 779
508 779
509 779
510 779
511 779
512 779
513 779
514 779
515 779
516 779
517 779
518 779
519 779
520 779
521 779
522 779
523 779
524 779
525 779
526 779
527 779
528 779
529 779
530 779
531 779
532 779
533 779
534 779
535 779
536 779
537 779
538 779
539 779
540 779
541 779
542 779
543 779
544 779
545 779
546 779
547 779
548 779
549 779
550 779
551 779
552 779
553 779
554 779
555 779
556 779
557 779
558 779
559 779
560 779
561 779
562 779
563 779
564 779
565 779
566 779
567 779
568 779
569 779
570 779
571 779
572 779
573 779
574 779
575 779
576 779
577 779
578 779
579 779
580 779
581 779
582 779
583 779
584 779
585 779
586 779
587 779
588 779
589 779
590 779
591 779
592 779
593 779
594 779
595 779
596 779
597 779
598 779
599 779
600 779
601 779
602 779
603 779
604 779
605 779
606 779
607 779
608 779
609 779
610 779
611 779
612 779
613 779
614 779
615 779
616 779
617 779
618 779
619 779
620 779
621 779
622 779
623 779
624 779
625 779
626 779
627 779
628 779
629 779
630 779
631 779
632 779
633 779
634 779
635 779
636 779
637 779
638 779
639 779
640 779
641 779
642 779
643 779
644 779
645 779
646 779
647 779
648 779
649 779
650 779
651 779
652 779
653 779
654 779
655 779
656 779
657 779
658 779
659 779
660 779
661 779
662 779
663 779
664 779
665 779
666 779
667 779
668 779
669 779
670 779
671 779
672 779
673 779
674 779
675 779
676 779
677 779
678 779
679 779
680 779
681 779
682 779
683 779
684 779
685 779
686 779
687 779
688 779
689 779
690 779
691 779
692 779
693 779
694 779
695 779
696 779
697 779
698 779
699 779
700 779
701 779
702 779
703 779
704 779
705 779
706 779
707 779
708 779
709 779
710 779
711 779
712 779
713 779
714 779
715 779
716 779
717 779
718 779
719 779
720 779
721 779
722 779
723 779
724 779
725 779
726 779
727 779
728 779
729 779
730 779
731 779
732 779
733 779
734 779
735 779
736 779
737 779
738 779
739 779
740 779
741 779
742 779
743 779
744 779
745 779
746 779
747 779
748 779
749 779
750 779
751 779
752 779
753 779
754 779
755 779
756 779
757 779
758 779
759 779
760 779
761 779
762 779
763 779
764 779
765 779
766 779
767 779
768 779
769 779
770 779
771 779
772 779
773 779
774 779
775 779
776 779
777 779
778 779
779 780
