633
632
1 632
2 632
3 632
4 632
5 632
6 632
7 632
8 632
9 632
10 632
11 632
12 632
13 632
14 632
15 632
16 632
17 632
18 632
19 632
20 632
21 632
22 632
23 632
24 632
25 632
26 632
27 632
28 632
29 632
30 632
31 632
32 632
33 632
34 632
35 632
36 632
37 632
38 632
39 632
40 632
41 632
42 632
43 632
44 632
45 632
46 632
47 632
48 632
49 632
50 632
51 632
52 632
53 632
54 632
55 632
56 632
57 632
58 632
59 632
60 632
61 632
62 632
63 632
64 632
65 632
66 632
67 632
68 632
69 632
70 632
71 632
72 632
73 632
74 632
75 632
76 632
77 632
78 632
79 632
80 632
81 632
82 632
83 632
84 632
85 632
86 632
87 632
88 632
89 632
90 632
91 632
92 632
93 632
94 632
95 632
96 632
97 632
98 632
99 632
100 632
101 632
102 632
103 632
104 632
105 632
106 632
107 632
108 632
109 632
110 632
111 632
112 632
113 632
114 632
115 632
116 632
117 632
118 632
119 632
120 632
121 632
122 632
123 632
124 632
125 632
126 632
127 632
128 632
129 632
130 632
131 632
132 632
133 632
134 632
135 632
136 632
137 632
138 632
139 632
140 632
141 632
142 632
143 632
144 632
145 632
146 632
147 632
148 632
149 632
150 632
151 632
152 632
153 632
154 632
155 632
156 632
157 632
158 632
159 632
160 632
161 632
162 632
163 632
164 632
165 632
166 632
167 632
168 632
169 632
170 632
171 632
172 632
173 632
174 632
175 632
176 632
177 632
178 632
179 632
180 632
181 632
182 632
183 632
184 632
185 632
186 632
187 632
188 632
189 632
190 632
191 632
192 632
193 632
194 632
195 632
196 632
197 632
198 632
199 632
200 632
201 632
202 632
203 632
204 632
205 632
206 632
207 632
208 632
209 632
210 632
211 632
212 632
213 632
214 632
215 632
216 632
217 632
218 632
219 632
220 632
221 632
222 632
223 632
224 632
225 632
226 632
227 632
228 632
229 632
230 632
231 632
232 632
233 632
234 632
235 632
236 632
237 632
238 632
239 632
240 632
241 632
242 632
243 632
244 632
245 632
246 632
247 632
248 632
249 632
250 632
251 632
252 632
253 632
254 632
255 632
256 632
257 632
258 632
259 632
260 632
261 632
262 632
263 632
264 632
265 632
266 632
267 632
268 632
269 632
270 632
271 632
272 632
273 632
274 632
275 632
276 632
277 632
278 632
279 632
280 632
281 632
282 632
283 632
284 632
285 632
286 632
287 632
288 632
289 632
290 632
291 632
292 632
293 632
294 632
295 632
296 632
297 632
298 632
299 632
300 632
301 632
302 632
303 632
304 632
305 632
306 632
307 632
308 632
309 632
310 632
311 632
312 632
313 632
314 632
315 632
316 632
317 632
318 632
319 632
320 632
321 632
322 632
323 632
324 632
325 632
326 632
327 632
328 632
329 632
330 632
331 632
332 632
333 632
334 632
335 632
336 632
337 632
338 632
339 632
340 632
341 632
342 632
343 632
344 632
345 632
346 632
347 632
348 632
349 632
350 632
351 632
352 632
353 632
354 632
355 632
356 632
357 632
358 632
359 632
360 632
361 632
362 632
363 632
364 632
365 632
366 632
367 632
368 632
369 632
370 632
371 632
372 632
373 632
374 632
375 632
376 632
377 632
378 632
379 632
380 632
381 632
382 632
383 632
384 632
385 632
386 632
387 632
388 632
389 632
390 632
391 632
392 632
393 632
394 632
395 632
396 632
397 632
398 632
399 632
400 632
401 632
402 632
403 632
404 632
405 632
406 632
407 632
408 632
409 632
410 632
411 632
412 632
413 632
414 632
415 632
416 632
417 632
418 632
419 632
420 632
421 632
422 632
423 632
424 632
425 632
426 632
427 632
428 632
429 632
430 632
431 632
432 632
433 632
434 632
435 632
436 632
437 632
438 632
439 632
440 632
441 632
442 632
443 632
444 632
445 632
446 632
447 632
448 632
449 632
450 632
451 632
452 632
453 632
454 632
455 632
456 632
457 632
458 632
459 632
460 632
461 632
462 632
463 632
464 632
465 632
466 632
467 632
468 632
469 632
470 632
471 632
472 632
473 632
474 632
475 632
476 632
477 632
478 632
479 632
480 632
481 632
482 632
483 632
484 632
485 632
486 632
487 632
488 632
489 632
490 632
491 632
492 632
493 632
494 632
495 632
496 632
497 632
498 632
499 632
500 632
501 632
502 632
503 632
504 632
505 632
506 632
507 632
508 632
509 632
510 632
511 632
512 632
513 632
514 632
515 632
516 632
517 632
518 632
519 632
520 632
521 632
522 632
523 632
524 632
525 632
526 632
527 632
528 632
529 632
530 632
531 632
532 632
533 632
534 632
535 632
536 632
537 632
538 632
539 632
540 632
541 632
542 632
543 632
544 632
545 632
546 632
547 632
548 632
549 632
550 632
551 632
552 632
553 632
554 632
555 632
556 632
557 632
558 632
559 632
560 632
561 632
562 632
563 632
564 632
565 632
566 632
567 632
568 632
569 632
570 632
571 632
572 632
573 632
574 632
575 632
576 632
577 632
578 632
579 632
580 632
581 632
582 632
583 632
584 632
585 632
586 632
587 632
588 632
589 632
590 632
591 632
592 632
593 632
594 632
595 632
596 632
597 632
598 632
599 632
600 632
601 632
602 632
603 632
604 632
605 632
606 632
607 632
608 632
609 632
610 632
611 632
612 632
613 632
614 632
615 632
616 632
617 632
618 632
619 632
620 632
621 632
622 632
623 632
624 632
625 632
626 632
627 632
628 632
629 632
630 632
631 632
632 633
