750
749
1 749
2 749
3 749
4 749
5 749
6 749
7 749
8 749
9 749
10 749
11 749
12 749
13 749
14 749
15 749
16 749
17 749
18 749
19 749
20 749
21 749
22 749
23 749
24 749
25 749
26 749
27 749
28 749
29 749
30 749
31 749
32 749
33 749
34 749
35 749
36 749
37 749
38 749
39 749
40 749
41 749
42 749
43 749
44 749
45 749
46 749
47 749
48 749
49 749
50 749
51 749
52 749
53 749
54 749
55 749
56 749
57 749
58 749
59 749
60 749
61 749
62 749
63 749
64 749
65 749
66 749
67 749
68 749
69 749
70 749
71 749
72 749
73 749
74 749
75 749
76 749
77 749
78 749
79 749
80 749
81 749
82 749
83 749
84 749
85 749
86 749
87 749
88 749
89 749
90 749
91 749
92 749
93 749
94 749
95 749
96 749
97 749
98 749
99 749
100 749
101 749
102 749
103 749
104 749
105 749
106 749
107 749
108 749
109 749
110 749
111 749
112 749
113 749
114 749
115 749
116 749
117 749
118 749
119 749
120 749
121 749
122 749
123 749
124 749
125 749
126 749
127 749
128 749
129 749
130 749
131 749
132 749
133 749
134 749
135 749
136 749
137 749
138 749
139 749
140 749
141 749
142 749
143 749
144 749
145 749
146 749
147 749
148 749
149 749
150 749
151 749
152 749
153 749
154 749
155 749
156 749
157 749
158 749
159 749
160 749
161 749
162 749
163 749
164 749
165 749
166 749
167 749
168 749
169 749
170 749
171 749
172 749
173 749
174 749
175 749
176 749
177 749
178 749
179 749
180 749
181 749
182 749
183 749
184 749
185 749
186 749
187 749
188 749
189 749
190 749
191 749
192 749
193 749
194 749
195 749
196 749
197 749
198 749
199 749
200 749
201 749
202 749
203 749
204 749
205 749
206 749
207 749
208 749
209 749
210 749
211 749
212 749
213 749
214 749
215 749
216 749
217 749
218 749
219 749
220 749
221 749
222 749
223 749
224 749
225 749
226 749
227 749
228 749
229 749
230 749
231 749
232 749
233 749
234 749
235 749
236 749
237 749
238 749
239 749
240 749
241 749
242 749
243 749
244 749
245 749
246 749
247 749
248 749
249 749
250 749
251 749
252 749
253 749
254 749
255 749
256 749
257 749
258 749
259 749
260 749
261 749
262 749
263 749
264 749
265 749
266 749
267 749
268 749
269 749
270 749
271 749
272 749
273 749
274 749
275 749
276 749
277 749
278 749
279 749
280 749
281 749
282 749
283 749
284 749
285 749
286 749
287 749
288 749
289 749
290 749
291 749
292 749
293 749
294 749
295 749
296 749
297 749
298 749
299 749
300 749
301 749
302 749
303 749
304 749
305 749
306 749
307 749
308 749
309 749
310 749
311 749
312 749
313 749
314 749
315 749
316 749
317 749
318 749
319 749
320 749
321 749
322 749
323 749
324 749
325 749
326 749
327 749
328 749
329 749
330 749
331 749
332 749
333 749
334 749
335 749
336 749
337 749
338 749
339 749
340 749
341 749
342 749
343 749
344 749
345 749
346 749
347 749
348 749
349 749
350 749
351 749
352 749
353 749
354 749
355 749
356 749
357 749
358 749
359 749
360 749
361 749
362 749
363 749
364 749
365 749
366 749
367 749
368 749
369 749
370 749
371 749
372 749
373 749
374 749
375 749
376 749
377 749
378 749
379 749
380 749
381 749
382 749
383 749
384 749
385 749
386 749
387 749
388 749
389 749
390 749
391 749
392 749
393 749
394 749
395 749
396 749
397 749
398 749
399 749
400 749
401 749
402 749
403 749
404 749
405 749
406 749
407 749
408 749
409 749
410 749
411 749
412 749
413 749
414 749
415 749
416 749
417 749
418 749
419 749
420 749
421 749
422 749
423 749
424 749
425 749
426 749
427 749
428 749
429 749
430 749
431 749
432 749
433 749
434 749
435 749
436 749
437 749
438 749
439 749
440 749
441 749
442 749
443 749
444 749
445 749
446 749
447 749
448 749
449 749
450 749
451 749
452 749
453 749
454 749
455 749
456 749
457 749
458 749
459 749
460 749
461 749
462 749
463 749
464 749
465 749
466 749
467 749
468 749
469 749
470 749
471 749
472 749
473 749
474 749
475 749
476 749
477 749
478 749
479 749
480 749
481 749
482 749
483 749
484 749
485 749
486 749
487 749
488 749
489 749
490 749
491 749
492 749
493 749
494 749
495 749
496 749
497 749
498 749
499 749
500 749
501 749
502 749
503 749
504 749
505 749
506 749
507 749
508 749
509 749
510 749
511 749
512 749
513 749
514 749
515 749
516 749
517 749
518 749
519 749
520 749
521 749
522 749
523 749
524 749
525 749
526 749
527 749
528 749
529 749
530 749
531 749
532 749
533 749
534 749
535 749
536 749
537 749
538 749
539 749
540 749
541 749
542 749
543 749
544 749
545 749
546 749
547 749
548 749
549 749
550 749
551 749
552 749
553 749
554 749
555 749
556 749
557 749
558 749
559 749
560 749
561 749
562 749
563 749
564 749
565 749
566 749
567 749
568 749
569 749
570 749
571 749
572 749
573 749
574 749
575 749
576 749
577 749
578 749
579 749
580 749
581 749
582 749
583 749
584 749
585 749
586 749
587 749
588 749
589 749
590 749
591 749
592 749
593 749
594 749
595 749
596 749
597 749
598 749
599 749
600 749
601 749
602 749
603 749
604 749
605 749
606 749
607 749
608 749
609 749
610 749
611 749
612 749
613 749
614 749
615 749
616 749
617 749
618 749
619 749
620 749
621 749
622 749
623 749
624 749
625 749
626 749
627 749
628 749
629 749
630 749
631 749
632 749
633 749
634 749
635 749
636 749
637 749
638 749
639 749
640 749
641 749
642 749
643 749
644 749
645 749
646 749
647 749
648 749
649 749
650 749
651 749
652 749
653 749
654 749
655 749
656 749
657 749
658 749
659 749
660 749
661 749
662 749
663 749
664 749
665 749
666 749
667 749
668 749
669 749
670 749
671 749
672 749
673 749
674 749
675 749
676 749
677 749
678 749
679 749
680 749
681 749
682 749
683 749
684 749
685 749
686 749
687 749
688 749
689 749
690 749
691 749
692 749
693 749
694 749
695 749
696 749
697 749
698 749
699 749
700 749
701 749
702 749
703 749
704 749
705 749
706 749
707 749
708 749
709 749
710 749
711 749
712 749
713 749
714 749
715 749
716 749
717 749
718 749
719 749
720 749
721 749
722 749
723 749
724 749
725 749
726 749
727 749
728 749
729 749
730 749
731 749
732 749
733 749
734 749
735 749
736 749
737 749
738 749
739 749
740 749
741 749
742 749
743 749
744 749
745 749
746 749
747 749
748 749
749 750
