968
967
1 967
2 967
3 967
4 967
5 967
6 967
7 967
8 967
9 967
10 967
11 967
12 967
13 967
14 967
15 967
16 967
17 967
18 967
19 967
20 967
21 967
22 967
23 967
24 967
25 967
26 967
27 967
28 967
29 967
30 967
31 967
32 967
33 967
34 967
35 967
36 967
37 967
38 967
39 967
40 967
41 967
42 967
43 967
44 967
45 967
46 967
47 967
48 967
49 967
50 967
51 967
52 967
53 967
54 967
55 967
56 967
57 967
58 967
59 967
60 967
61 967
62 967
63 967
64 967
65 967
66 967
67 967
68 967
69 967
70 967
71 967
72 967
73 967
74 967
75 967
76 967
77 967
78 967
79 967
80 967
81 967
82 967
83 967
84 967
85 967
86 967
87 967
88 967
89 967
90 967
91 967
92 967
93 967
94 967
95 967
96 967
97 967
98 967
99 967
100 967
101 967
102 967
103 967
104 967
105 967
106 967
107 967
108 967
109 967
110 967
111 967
112 967
113 967
114 967
115 967
116 967
117 967
118 967
119 967
120 967
121 967
122 967
123 967
124 967
125 967
126 967
127 967
128 967
129 967
130 967
131 967
132 967
133 967
134 967
135 967
136 967
137 967
138 967
139 967
140 967
141 967
142 967
143 967
144 967
145 967
146 967
147 967
148 967
149 967
150 967
151 967
152 967
153 967
154 967
155 967
156 967
157 967
158 967
159 967
160 967
161 967
162 967
163 967
164 967
165 967
166 967
167 967
168 967
169 967
170 967
171 967
172 967
173 967
174 967
175 967
176 967
177 967
178 967
179 967
180 967
181 967
182 967
183 967
184 967
185 967
186 967
187 967
188 967
189 967
190 967
191 967
192 967
193 967
194 967
195 967
196 967
197 967
198 967
199 967
200 967
201 967
202 967
203 967
204 967
205 967
206 967
207 967
208 967
209 967
210 967
211 967
212 967
213 967
214 967
215 967
216 967
217 967
218 967
219 967
220 967
221 967
222 967
223 967
224 967
225 967
226 967
227 967
228 967
229 967
230 967
231 967
232 967
233 967
234 967
235 967
236 967
237 967
238 967
239 967
240 967
241 967
242 967
243 967
244 967
245 967
246 967
247 967
248 967
249 967
250 967
251 967
252 967
253 967
254 967
255 967
256 967
257 967
258 967
259 967
260 967
261 967
262 967
263 967
264 967
265 967
266 967
267 967
268 967
269 967
270 967
271 967
272 967
273 967
274 967
275 967
276 967
277 967
278 967
279 967
280 967
281 967
282 967
283 967
284 967
285 967
286 967
287 967
288 967
289 967
290 967
291 967
292 967
293 967
294 967
295 967
296 967
297 967
298 967
299 967
300 967
301 967
302 967
303 967
304 967
305 967
306 967
307 967
308 967
309 967
310 967
311 967
312 967
313 967
314 967
315 967
316 967
317 967
318 967
319 967
320 967
321 967
322 967
323 967
324 967
325 967
326 967
327 967
328 967
329 967
330 967
331 967
332 967
333 967
334 967
335 967
336 967
337 967
338 967
339 967
340 967
341 967
342 967
343 967
344 967
345 967
346 967
347 967
348 967
349 967
350 967
351 967
352 967
353 967
354 967
355 967
356 967
357 967
358 967
359 967
360 967
361 967
362 967
363 967
364 967
365 967
366 967
367 967
368 967
369 967
370 967
371 967
372 967
373 967
374 967
375 967
376 967
377 967
378 967
379 967
380 967
381 967
382 967
383 967
384 967
385 967
386 967
387 967
388 967
389 967
390 967
391 967
392 967
393 967
394 967
395 967
396 967
397 967
398 967
399 967
400 967
401 967
402 967
403 967
404 967
405 967
406 967
407 967
408 967
409 967
410 967
411 967
412 967
413 967
414 967
415 967
416 967
417 967
418 967
419 967
420 967
421 967
422 967
423 967
424 967
425 967
426 967
427 967
428 967
429 967
430 967
431 967
432 967
433 967
434 967
435 967
436 967
437 967
438 967
439 967
440 967
441 967
442 967
443 967
444 967
445 967
446 967
447 967
448 967
449 967
450 967
451 967
452 967
453 967
454 967
455 967
456 967
457 967
458 967
459 967
460 967
461 967
462 967
463 967
464 967
465 967
466 967
467 967
468 967
469 967
470 967
471 967
472 967
473 967
474 967
475 967
476 967
477 967
478 967
479 967
480 967
481 967
482 967
483 967
484 967
485 967
486 967
487 967
488 967
489 967
490 967
491 967
492 967
493 967
494 967
495 967
496 967
497 967
498 967
499 967
500 967
501 967
502 967
503 967
504 967
505 967
506 967
507 967
508 967
509 967
510 967
511 967
512 967
513 967
514 967
515 967
516 967
517 967
518 967
519 967
520 967
521 967
522 967
523 967
524 967
525 967
526 967
527 967
528 967
529 967
530 967
531 967
532 967
533 967
534 967
535 967
536 967
537 967
538 967
539 967
540 967
541 967
542 967
543 967
544 967
545 967
546 967
547 967
548 967
549 967
550 967
551 967
552 967
553 967
554 967
555 967
556 967
557 967
558 967
559 967
560 967
561 967
562 967
563 967
564 967
565 967
566 967
567 967
568 967
569 967
570 967
571 967
572 967
573 967
574 967
575 967
576 967
577 967
578 967
579 967
580 967
581 967
582 967
583 967
584 967
585 967
586 967
587 967
588 967
589 967
590 967
591 967
592 967
593 967
594 967
595 967
596 967
597 967
598 967
599 967
600 967
601 967
602 967
603 967
604 967
605 967
606 967
607 967
608 967
609 967
610 967
611 967
612 967
613 967
614 967
615 967
616 967
617 967
618 967
619 967
620 967
621 967
622 967
623 967
624 967
625 967
626 967
627 967
628 967
629 967
630 967
631 967
632 967
633 967
634 967
635 967
636 967
637 967
638 967
639 967
640 967
641 967
642 967
643 967
644 967
645 967
646 967
647 967
648 967
649 967
650 967
651 967
652 967
653 967
654 967
655 967
656 967
657 967
658 967
659 967
660 967
661 967
662 967
663 967
664 967
665 967
666 967
667 967
668 967
669 967
670 967
671 967
672 967
673 967
674 967
675 967
676 967
677 967
678 967
679 967
680 967
681 967
682 967
683 967
684 967
685 967
686 967
687 967
688 967
689 967
690 967
691 967
692 967
693 967
694 967
695 967
696 967
697 967
698 967
699 967
700 967
701 967
702 967
703 967
704 967
705 967
706 967
707 967
708 967
709 967
710 967
711 967
712 967
713 967
714 967
715 967
716 967
717 967
718 967
719 967
720 967
721 967
722 967
723 967
724 967
725 967
726 967
727 967
728 967
729 967
730 967
731 967
732 967
733 967
734 967
735 967
736 967
737 967
738 967
739 967
740 967
741 967
742 967
743 967
744 967
745 967
746 967
747 967
748 967
749 967
750 967
751 967
752 967
753 967
754 967
755 967
756 967
757 967
758 967
759 967
760 967
761 967
762 967
763 967
764 967
765 967
766 967
767 967
768 967
769 967
770 967
771 967
772 967
773 967
774 967
775 967
776 967
777 967
778 967
779 967
780 967
781 967
782 967
783 967
784 967
785 967
786 967
787 967
788 967
789 967
790 967
791 967
792 967
793 967
794 967
795 967
796 967
797 967
798 967
799 967
800 967
801 967
802 967
803 967
804 967
805 967
806 967
807 967
808 967
809 967
810 967
811 967
812 967
813 967
814 967
815 967
816 967
817 967
818 967
819 967
820 967
821 967
822 967
823 967
824 967
825 967
826 967
827 967
828 967
829 967
830 967
831 967
832 967
833 967
834 967
835 967
836 967
837 967
838 967
839 967
840 967
841 967
842 967
843 967
844 967
845 967
846 967
847 967
848 967
849 967
850 967
851 967
852 967
853 967
854 967
855 967
856 967
857 967
858 967
859 967
860 967
861 967
862 967
863 967
864 967
865 967
866 967
867 967
868 967
869 967
870 967
871 967
872 967
873 967
874 967
875 967
876 967
877 967
878 967
879 967
880 967
881 967
882 967
883 967
884 967
885 967
886 967
887 967
888 967
889 967
890 967
891 967
892 967
893 967
894 967
895 967
896 967
897 967
898 967
899 967
900 967
901 967
902 967
903 967
904 967
905 967
906 967
907 967
908 967
909 967
910 967
911 967
912 967
913 967
914 967
915 967
916 967
917 967
918 967
919 967
920 967
921 967
922 967
923 967
924 967
925 967
926 967
927 967
928 967
929 967
930 967
931 967
932 967
933 967
934 967
935 967
936 967
937 967
938 967
939 967
940 967
941 967
942 967
943 967
944 967
945 967
946 967
947 967
948 967
949 967
950 967
951 967
952 967
953 967
954 967
955 967
956 967
957 967
958 967
959 967
960 967
961 967
962 967
963 967
964 967
965 967
966 967
967 968
