604
603
1 603
2 603
3 603
4 603
5 603
6 603
7 603
8 603
9 603
10 603
11 603
12 603
13 603
14 603
15 603
16 603
17 603
18 603
19 603
20 603
21 603
22 603
23 603
24 603
25 603
26 603
27 603
28 603
29 603
30 603
31 603
32 603
33 603
34 603
35 603
36 603
37 603
38 603
39 603
40 603
41 603
42 603
43 603
44 603
45 603
46 603
47 603
48 603
49 603
50 603
51 603
52 603
53 603
54 603
55 603
56 603
57 603
58 603
59 603
60 603
61 603
62 603
63 603
64 603
65 603
66 603
67 603
68 603
69 603
70 603
71 603
72 603
73 603
74 603
75 603
76 603
77 603
78 603
79 603
80 603
81 603
82 603
83 603
84 603
85 603
86 603
87 603
88 603
89 603
90 603
91 603
92 603
93 603
94 603
95 603
96 603
97 603
98 603
99 603
100 603
101 603
102 603
103 603
104 603
105 603
106 603
107 603
108 603
109 603
110 603
111 603
112 603
113 603
114 603
115 603
116 603
117 603
118 603
119 603
120 603
121 603
122 603
123 603
124 603
125 603
126 603
127 603
128 603
129 603
130 603
131 603
132 603
133 603
134 603
135 603
136 603
137 603
138 603
139 603
140 603
141 603
142 603
143 603
144 603
145 603
146 603
147 603
148 603
149 603
150 603
151 603
152 603
153 603
154 603
155 603
156 603
157 603
158 603
159 603
160 603
161 603
162 603
163 603
164 603
165 603
166 603
167 603
168 603
169 603
170 603
171 603
172 603
173 603
174 603
175 603
176 603
177 603
178 603
179 603
180 603
181 603
182 603
183 603
184 603
185 603
186 603
187 603
188 603
189 603
190 603
191 603
192 603
193 603
194 603
195 603
196 603
197 603
198 603
199 603
200 603
201 603
202 603
203 603
204 603
205 603
206 603
207 603
208 603
209 603
210 603
211 603
212 603
213 603
214 603
215 603
216 603
217 603
218 603
219 603
220 603
221 603
222 603
223 603
224 603
225 603
226 603
227 603
228 603
229 603
230 603
231 603
232 603
233 603
234 603
235 603
236 603
237 603
238 603
239 603
240 603
241 603
242 603
243 603
244 603
245 603
246 603
247 603
248 603
249 603
250 603
251 603
252 603
253 603
254 603
255 603
256 603
257 603
258 603
259 603
260 603
261 603
262 603
263 603
264 603
265 603
266 603
267 603
268 603
269 603
270 603
271 603
272 603
273 603
274 603
275 603
276 603
277 603
278 603
279 603
280 603
281 603
282 603
283 603
284 603
285 603
286 603
287 603
288 603
289 603
290 603
291 603
292 603
293 603
294 603
295 603
296 603
297 603
298 603
299 603
300 603
301 603
302 603
303 603
304 603
305 603
306 603
307 603
308 603
309 603
310 603
311 603
312 603
313 603
314 603
315 603
316 603
317 603
318 603
319 603
320 603
321 603
322 603
323 603
324 603
325 603
326 603
327 603
328 603
329 603
330 603
331 603
332 603
333 603
334 603
335 603
336 603
337 603
338 603
339 603
340 603
341 603
342 603
343 603
344 603
345 603
346 603
347 603
348 603
349 603
350 603
351 603
352 603
353 603
354 603
355 603
356 603
357 603
358 603
359 603
360 603
361 603
362 603
363 603
364 603
365 603
366 603
367 603
368 603
369 603
370 603
371 603
372 603
373 603
374 603
375 603
376 603
377 603
378 603
379 603
380 603
381 603
382 603
383 603
384 603
385 603
386 603
387 603
388 603
389 603
390 603
391 603
392 603
393 603
394 603
395 603
396 603
397 603
398 603
399 603
400 603
401 603
402 603
403 603
404 603
405 603
406 603
407 603
408 603
409 603
410 603
411 603
412 603
413 603
414 603
415 603
416 603
417 603
418 603
419 603
420 603
421 603
422 603
423 603
424 603
425 603
426 603
427 603
428 603
429 603
430 603
431 603
432 603
433 603
434 603
435 603
436 603
437 603
438 603
439 603
440 603
441 603
442 603
443 603
444 603
445 603
446 603
447 603
448 603
449 603
450 603
451 603
452 603
453 603
454 603
455 603
456 603
457 603
458 603
459 603
460 603
461 603
462 603
463 603
464 603
465 603
466 603
467 603
468 603
469 603
470 603
471 603
472 603
473 603
474 603
475 603
476 603
477 603
478 603
479 603
480 603
481 603
482 603
483 603
484 603
485 603
486 603
487 603
488 603
489 603
490 603
491 603
492 603
493 603
494 603
495 603
496 603
497 603
498 603
499 603
500 603
501 603
502 603
503 603
504 603
505 603
506 603
507 603
508 603
509 603
510 603
511 603
512 603
513 603
514 603
515 603
516 603
517 603
518 603
519 603
520 603
521 603
522 603
523 603
524 603
525 603
526 603
527 603
528 603
529 603
530 603
531 603
532 603
533 603
534 603
535 603
536 603
537 603
538 603
539 603
540 603
541 603
542 603
543 603
544 603
545 603
546 603
547 603
548 603
549 603
550 603
551 603
552 603
553 603
554 603
555 603
556 603
557 603
558 603
559 603
560 603
561 603
562 603
563 603
564 603
565 603
566 603
567 603
568 603
569 603
570 603
571 603
572 603
573 603
574 603
575 603
576 603
577 603
578 603
579 603
580 603
581 603
582 603
583 603
584 603
585 603
586 603
587 603
588 603
589 603
590 603
591 603
592 603
593 603
594 603
595 603
596 603
597 603
598 603
599 603
600 603
601 603
602 603
603 604
