730
729
1 729
2 729
3 729
4 729
5 729
6 729
7 729
8 729
9 729
10 729
11 729
12 729
13 729
14 729
15 729
16 729
17 729
18 729
19 729
20 729
21 729
22 729
23 729
24 729
25 729
26 729
27 729
28 729
29 729
30 729
31 729
32 729
33 729
34 729
35 729
36 729
37 729
38 729
39 729
40 729
41 729
42 729
43 729
44 729
45 729
46 729
47 729
48 729
49 729
50 729
51 729
52 729
53 729
54 729
55 729
56 729
57 729
58 729
59 729
60 729
61 729
62 729
63 729
64 729
65 729
66 729
67 729
68 729
69 729
70 729
71 729
72 729
73 729
74 729
75 729
76 729
77 729
78 729
79 729
80 729
81 729
82 729
83 729
84 729
85 729
86 729
87 729
88 729
89 729
90 729
91 729
92 729
93 729
94 729
95 729
96 729
97 729
98 729
99 729
100 729
101 729
102 729
103 729
104 729
105 729
106 729
107 729
108 729
109 729
110 729
111 729
112 729
113 729
114 729
115 729
116 729
117 729
118 729
119 729
120 729
121 729
122 729
123 729
124 729
125 729
126 729
127 729
128 729
129 729
130 729
131 729
132 729
133 729
134 729
135 729
136 729
137 729
138 729
139 729
140 729
141 729
142 729
143 729
144 729
145 729
146 729
147 729
148 729
149 729
150 729
151 729
152 729
153 729
154 729
155 729
156 729
157 729
158 729
159 729
160 729
161 729
162 729
163 729
164 729
165 729
166 729
167 729
168 729
169 729
170 729
171 729
172 729
173 729
174 729
175 729
176 729
177 729
178 729
179 729
180 729
181 729
182 729
183 729
184 729
185 729
186 729
187 729
188 729
189 729
190 729
191 729
192 729
193 729
194 729
195 729
196 729
197 729
198 729
199 729
200 729
201 729
202 729
203 729
204 729
205 729
206 729
207 729
208 729
209 729
210 729
211 729
212 729
213 729
214 729
215 729
216 729
217 729
218 729
219 729
220 729
221 729
222 729
223 729
224 729
225 729
226 729
227 729
228 729
229 729
230 729
231 729
232 729
233 729
234 729
235 729
236 729
237 729
238 729
239 729
240 729
241 729
242 729
243 729
244 729
245 729
246 729
247 729
248 729
249 729
250 729
251 729
252 729
253 729
254 729
255 729
256 729
257 729
258 729
259 729
260 729
261 729
262 729
263 729
264 729
265 729
266 729
267 729
268 729
269 729
270 729
271 729
272 729
273 729
274 729
275 729
276 729
277 729
278 729
279 729
280 729
281 729
282 729
283 729
284 729
285 729
286 729
287 729
288 729
289 729
290 729
291 729
292 729
293 729
294 729
295 729
296 729
297 729
298 729
299 729
300 729
301 729
302 729
303 729
304 729
305 729
306 729
307 729
308 729
309 729
310 729
311 729
312 729
313 729
314 729
315 729
316 729
317 729
318 729
319 729
320 729
321 729
322 729
323 729
324 729
325 729
326 729
327 729
328 729
329 729
330 729
331 729
332 729
333 729
334 729
335 729
336 729
337 729
338 729
339 729
340 729
341 729
342 729
343 729
344 729
345 729
346 729
347 729
348 729
349 729
350 729
351 729
352 729
353 729
354 729
355 729
356 729
357 729
358 729
359 729
360 729
361 729
362 729
363 729
364 729
365 729
366 729
367 729
368 729
369 729
370 729
371 729
372 729
373 729
374 729
375 729
376 729
377 729
378 729
379 729
380 729
381 729
382 729
383 729
384 729
385 729
386 729
387 729
388 729
389 729
390 729
391 729
392 729
393 729
394 729
395 729
396 729
397 729
398 729
399 729
400 729
401 729
402 729
403 729
404 729
405 729
406 729
407 729
408 729
409 729
410 729
411 729
412 729
413 729
414 729
415 729
416 729
417 729
418 729
419 729
420 729
421 729
422 729
423 729
424 729
425 729
426 729
427 729
428 729
429 729
430 729
431 729
432 729
433 729
434 729
435 729
436 729
437 729
438 729
439 729
440 729
441 729
442 729
443 729
444 729
445 729
446 729
447 729
448 729
449 729
450 729
451 729
452 729
453 729
454 729
455 729
456 729
457 729
458 729
459 729
460 729
461 729
462 729
463 729
464 729
465 729
466 729
467 729
468 729
469 729
470 729
471 729
472 729
473 729
474 729
475 729
476 729
477 729
478 729
479 729
480 729
481 729
482 729
483 729
484 729
485 729
486 729
487 729
488 729
489 729
490 729
491 729
492 729
493 729
494 729
495 729
496 729
497 729
498 729
499 729
500 729
501 729
502 729
503 729
504 729
505 729
506 729
507 729
508 729
509 729
510 729
511 729
512 729
513 729
514 729
515 729
516 729
517 729
518 729
519 729
520 729
521 729
522 729
523 729
524 729
525 729
526 729
527 729
528 729
529 729
530 729
531 729
532 729
533 729
534 729
535 729
536 729
537 729
538 729
539 729
540 729
541 729
542 729
543 729
544 729
545 729
546 729
547 729
548 729
549 729
550 729
551 729
552 729
553 729
554 729
555 729
556 729
557 729
558 729
559 729
560 729
561 729
562 729
563 729
564 729
565 729
566 729
567 729
568 729
569 729
570 729
571 729
572 729
573 729
574 729
575 729
576 729
577 729
578 729
579 729
580 729
581 729
582 729
583 729
584 729
585 729
586 729
587 729
588 729
589 729
590 729
591 729
592 729
593 729
594 729
595 729
596 729
597 729
598 729
599 729
600 729
601 729
602 729
603 729
604 729
605 729
606 729
607 729
608 729
609 729
610 729
611 729
612 729
613 729
614 729
615 729
616 729
617 729
618 729
619 729
620 729
621 729
622 729
623 729
624 729
625 729
626 729
627 729
628 729
629 729
630 729
631 729
632 729
633 729
634 729
635 729
636 729
637 729
638 729
639 729
640 729
641 729
642 729
643 729
644 729
645 729
646 729
647 729
648 729
649 729
650 729
651 729
652 729
653 729
654 729
655 729
656 729
657 729
658 729
659 729
660 729
661 729
662 729
663 729
664 729
665 729
666 729
667 729
668 729
669 729
670 729
671 729
672 729
673 729
674 729
675 729
676 729
677 729
678 729
679 729
680 729
681 729
682 729
683 729
684 729
685 729
686 729
687 729
688 729
689 729
690 729
691 729
692 729
693 729
694 729
695 729
696 729
697 729
698 729
699 729
700 729
701 729
702 729
703 729
704 729
705 729
706 729
707 729
708 729
709 729
710 729
711 729
712 729
713 729
714 729
715 729
716 729
717 729
718 729
719 729
720 729
721 729
722 729
723 729
724 729
725 729
726 729
727 729
728 729
729 730
