123
122
1 122
2 122
3 122
4 122
5 122
6 122
7 122
8 122
9 122
10 122
11 122
12 122
13 122
14 122
15 122
16 122
17 122
18 122
19 122
20 122
21 122
22 122
23 122
24 122
25 122
26 122
27 122
28 122
29 122
30 122
31 122
32 122
33 122
34 122
35 122
36 122
37 122
38 122
39 122
40 122
41 122
42 122
43 122
44 122
45 122
46 122
47 122
48 122
49 122
50 122
51 122
52 122
53 122
54 122
55 122
56 122
57 122
58 122
59 122
60 122
61 122
62 122
63 122
64 122
65 122
66 122
67 122
68 122
69 122
70 122
71 122
72 122
73 122
74 122
75 122
76 122
77 122
78 122
79 122
80 122
81 122
82 122
83 122
84 122
85 122
86 122
87 122
88 122
89 122
90 122
91 122
92 122
93 122
94 122
95 122
96 122
97 122
98 122
99 122
100 122
101 122
102 122
103 122
104 122
105 122
106 122
107 122
108 122
109 122
110 122
111 122
112 122
113 122
114 122
115 122
116 122
117 122
118 122
119 122
120 122
121 122
122 123
