756
755
1 755
2 755
3 755
4 755
5 755
6 755
7 755
8 755
9 755
10 755
11 755
12 755
13 755
14 755
15 755
16 755
17 755
18 755
19 755
20 755
21 755
22 755
23 755
24 755
25 755
26 755
27 755
28 755
29 755
30 755
31 755
32 755
33 755
34 755
35 755
36 755
37 755
38 755
39 755
40 755
41 755
42 755
43 755
44 755
45 755
46 755
47 755
48 755
49 755
50 755
51 755
52 755
53 755
54 755
55 755
56 755
57 755
58 755
59 755
60 755
61 755
62 755
63 755
64 755
65 755
66 755
67 755
68 755
69 755
70 755
71 755
72 755
73 755
74 755
75 755
76 755
77 755
78 755
79 755
80 755
81 755
82 755
83 755
84 755
85 755
86 755
87 755
88 755
89 755
90 755
91 755
92 755
93 755
94 755
95 755
96 755
97 755
98 755
99 755
100 755
101 755
102 755
103 755
104 755
105 755
106 755
107 755
108 755
109 755
110 755
111 755
112 755
113 755
114 755
115 755
116 755
117 755
118 755
119 755
120 755
121 755
122 755
123 755
124 755
125 755
126 755
127 755
128 755
129 755
130 755
131 755
132 755
133 755
134 755
135 755
136 755
137 755
138 755
139 755
140 755
141 755
142 755
143 755
144 755
145 755
146 755
147 755
148 755
149 755
150 755
151 755
152 755
153 755
154 755
155 755
156 755
157 755
158 755
159 755
160 755
161 755
162 755
163 755
164 755
165 755
166 755
167 755
168 755
169 755
170 755
171 755
172 755
173 755
174 755
175 755
176 755
177 755
178 755
179 755
180 755
181 755
182 755
183 755
184 755
185 755
186 755
187 755
188 755
189 755
190 755
191 755
192 755
193 755
194 755
195 755
196 755
197 755
198 755
199 755
200 755
201 755
202 755
203 755
204 755
205 755
206 755
207 755
208 755
209 755
210 755
211 755
212 755
213 755
214 755
215 755
216 755
217 755
218 755
219 755
220 755
221 755
222 755
223 755
224 755
225 755
226 755
227 755
228 755
229 755
230 755
231 755
232 755
233 755
234 755
235 755
236 755
237 755
238 755
239 755
240 755
241 755
242 755
243 755
244 755
245 755
246 755
247 755
248 755
249 755
250 755
251 755
252 755
253 755
254 755
255 755
256 755
257 755
258 755
259 755
260 755
261 755
262 755
263 755
264 755
265 755
266 755
267 755
268 755
269 755
270 755
271 755
272 755
273 755
274 755
275 755
276 755
277 755
278 755
279 755
280 755
281 755
282 755
283 755
284 755
285 755
286 755
287 755
288 755
289 755
290 755
291 755
292 755
293 755
294 755
295 755
296 755
297 755
298 755
299 755
300 755
301 755
302 755
303 755
304 755
305 755
306 755
307 755
308 755
309 755
310 755
311 755
312 755
313 755
314 755
315 755
316 755
317 755
318 755
319 755
320 755
321 755
322 755
323 755
324 755
325 755
326 755
327 755
328 755
329 755
330 755
331 755
332 755
333 755
334 755
335 755
336 755
337 755
338 755
339 755
340 755
341 755
342 755
343 755
344 755
345 755
346 755
347 755
348 755
349 755
350 755
351 755
352 755
353 755
354 755
355 755
356 755
357 755
358 755
359 755
360 755
361 755
362 755
363 755
364 755
365 755
366 755
367 755
368 755
369 755
370 755
371 755
372 755
373 755
374 755
375 755
376 755
377 755
378 755
379 755
380 755
381 755
382 755
383 755
384 755
385 755
386 755
387 755
388 755
389 755
390 755
391 755
392 755
393 755
394 755
395 755
396 755
397 755
398 755
399 755
400 755
401 755
402 755
403 755
404 755
405 755
406 755
407 755
408 755
409 755
410 755
411 755
412 755
413 755
414 755
415 755
416 755
417 755
418 755
419 755
420 755
421 755
422 755
423 755
424 755
425 755
426 755
427 755
428 755
429 755
430 755
431 755
432 755
433 755
434 755
435 755
436 755
437 755
438 755
439 755
440 755
441 755
442 755
443 755
444 755
445 755
446 755
447 755
448 755
449 755
450 755
451 755
452 755
453 755
454 755
455 755
456 755
457 755
458 755
459 755
460 755
461 755
462 755
463 755
464 755
465 755
466 755
467 755
468 755
469 755
470 755
471 755
472 755
473 755
474 755
475 755
476 755
477 755
478 755
479 755
480 755
481 755
482 755
483 755
484 755
485 755
486 755
487 755
488 755
489 755
490 755
491 755
492 755
493 755
494 755
495 755
496 755
497 755
498 755
499 755
500 755
501 755
502 755
503 755
504 755
505 755
506 755
507 755
508 755
509 755
510 755
511 755
512 755
513 755
514 755
515 755
516 755
517 755
518 755
519 755
520 755
521 755
522 755
523 755
524 755
525 755
526 755
527 755
528 755
529 755
530 755
531 755
532 755
533 755
534 755
535 755
536 755
537 755
538 755
539 755
540 755
541 755
542 755
543 755
544 755
545 755
546 755
547 755
548 755
549 755
550 755
551 755
552 755
553 755
554 755
555 755
556 755
557 755
558 755
559 755
560 755
561 755
562 755
563 755
564 755
565 755
566 755
567 755
568 755
569 755
570 755
571 755
572 755
573 755
574 755
575 755
576 755
577 755
578 755
579 755
580 755
581 755
582 755
583 755
584 755
585 755
586 755
587 755
588 755
589 755
590 755
591 755
592 755
593 755
594 755
595 755
596 755
597 755
598 755
599 755
600 755
601 755
602 755
603 755
604 755
605 755
606 755
607 755
608 755
609 755
610 755
611 755
612 755
613 755
614 755
615 755
616 755
617 755
618 755
619 755
620 755
621 755
622 755
623 755
624 755
625 755
626 755
627 755
628 755
629 755
630 755
631 755
632 755
633 755
634 755
635 755
636 755
637 755
638 755
639 755
640 755
641 755
642 755
643 755
644 755
645 755
646 755
647 755
648 755
649 755
650 755
651 755
652 755
653 755
654 755
655 755
656 755
657 755
658 755
659 755
660 755
661 755
662 755
663 755
664 755
665 755
666 755
667 755
668 755
669 755
670 755
671 755
672 755
673 755
674 755
675 755
676 755
677 755
678 755
679 755
680 755
681 755
682 755
683 755
684 755
685 755
686 755
687 755
688 755
689 755
690 755
691 755
692 755
693 755
694 755
695 755
696 755
697 755
698 755
699 755
700 755
701 755
702 755
703 755
704 755
705 755
706 755
707 755
708 755
709 755
710 755
711 755
712 755
713 755
714 755
715 755
716 755
717 755
718 755
719 755
720 755
721 755
722 755
723 755
724 755
725 755
726 755
727 755
728 755
729 755
730 755
731 755
732 755
733 755
734 755
735 755
736 755
737 755
738 755
739 755
740 755
741 755
742 755
743 755
744 755
745 755
746 755
747 755
748 755
749 755
750 755
751 755
752 755
753 755
754 755
755 756
