744
743
1 743
2 743
3 743
4 743
5 743
6 743
7 743
8 743
9 743
10 743
11 743
12 743
13 743
14 743
15 743
16 743
17 743
18 743
19 743
20 743
21 743
22 743
23 743
24 743
25 743
26 743
27 743
28 743
29 743
30 743
31 743
32 743
33 743
34 743
35 743
36 743
37 743
38 743
39 743
40 743
41 743
42 743
43 743
44 743
45 743
46 743
47 743
48 743
49 743
50 743
51 743
52 743
53 743
54 743
55 743
56 743
57 743
58 743
59 743
60 743
61 743
62 743
63 743
64 743
65 743
66 743
67 743
68 743
69 743
70 743
71 743
72 743
73 743
74 743
75 743
76 743
77 743
78 743
79 743
80 743
81 743
82 743
83 743
84 743
85 743
86 743
87 743
88 743
89 743
90 743
91 743
92 743
93 743
94 743
95 743
96 743
97 743
98 743
99 743
100 743
101 743
102 743
103 743
104 743
105 743
106 743
107 743
108 743
109 743
110 743
111 743
112 743
113 743
114 743
115 743
116 743
117 743
118 743
119 743
120 743
121 743
122 743
123 743
124 743
125 743
126 743
127 743
128 743
129 743
130 743
131 743
132 743
133 743
134 743
135 743
136 743
137 743
138 743
139 743
140 743
141 743
142 743
143 743
144 743
145 743
146 743
147 743
148 743
149 743
150 743
151 743
152 743
153 743
154 743
155 743
156 743
157 743
158 743
159 743
160 743
161 743
162 743
163 743
164 743
165 743
166 743
167 743
168 743
169 743
170 743
171 743
172 743
173 743
174 743
175 743
176 743
177 743
178 743
179 743
180 743
181 743
182 743
183 743
184 743
185 743
186 743
187 743
188 743
189 743
190 743
191 743
192 743
193 743
194 743
195 743
196 743
197 743
198 743
199 743
200 743
201 743
202 743
203 743
204 743
205 743
206 743
207 743
208 743
209 743
210 743
211 743
212 743
213 743
214 743
215 743
216 743
217 743
218 743
219 743
220 743
221 743
222 743
223 743
224 743
225 743
226 743
227 743
228 743
229 743
230 743
231 743
232 743
233 743
234 743
235 743
236 743
237 743
238 743
239 743
240 743
241 743
242 743
243 743
244 743
245 743
246 743
247 743
248 743
249 743
250 743
251 743
252 743
253 743
254 743
255 743
256 743
257 743
258 743
259 743
260 743
261 743
262 743
263 743
264 743
265 743
266 743
267 743
268 743
269 743
270 743
271 743
272 743
273 743
274 743
275 743
276 743
277 743
278 743
279 743
280 743
281 743
282 743
283 743
284 743
285 743
286 743
287 743
288 743
289 743
290 743
291 743
292 743
293 743
294 743
295 743
296 743
297 743
298 743
299 743
300 743
301 743
302 743
303 743
304 743
305 743
306 743
307 743
308 743
309 743
310 743
311 743
312 743
313 743
314 743
315 743
316 743
317 743
318 743
319 743
320 743
321 743
322 743
323 743
324 743
325 743
326 743
327 743
328 743
329 743
330 743
331 743
332 743
333 743
334 743
335 743
336 743
337 743
338 743
339 743
340 743
341 743
342 743
343 743
344 743
345 743
346 743
347 743
348 743
349 743
350 743
351 743
352 743
353 743
354 743
355 743
356 743
357 743
358 743
359 743
360 743
361 743
362 743
363 743
364 743
365 743
366 743
367 743
368 743
369 743
370 743
371 743
372 743
373 743
374 743
375 743
376 743
377 743
378 743
379 743
380 743
381 743
382 743
383 743
384 743
385 743
386 743
387 743
388 743
389 743
390 743
391 743
392 743
393 743
394 743
395 743
396 743
397 743
398 743
399 743
400 743
401 743
402 743
403 743
404 743
405 743
406 743
407 743
408 743
409 743
410 743
411 743
412 743
413 743
414 743
415 743
416 743
417 743
418 743
419 743
420 743
421 743
422 743
423 743
424 743
425 743
426 743
427 743
428 743
429 743
430 743
431 743
432 743
433 743
434 743
435 743
436 743
437 743
438 743
439 743
440 743
441 743
442 743
443 743
444 743
445 743
446 743
447 743
448 743
449 743
450 743
451 743
452 743
453 743
454 743
455 743
456 743
457 743
458 743
459 743
460 743
461 743
462 743
463 743
464 743
465 743
466 743
467 743
468 743
469 743
470 743
471 743
472 743
473 743
474 743
475 743
476 743
477 743
478 743
479 743
480 743
481 743
482 743
483 743
484 743
485 743
486 743
487 743
488 743
489 743
490 743
491 743
492 743
493 743
494 743
495 743
496 743
497 743
498 743
499 743
500 743
501 743
502 743
503 743
504 743
505 743
506 743
507 743
508 743
509 743
510 743
511 743
512 743
513 743
514 743
515 743
516 743
517 743
518 743
519 743
520 743
521 743
522 743
523 743
524 743
525 743
526 743
527 743
528 743
529 743
530 743
531 743
532 743
533 743
534 743
535 743
536 743
537 743
538 743
539 743
540 743
541 743
542 743
543 743
544 743
545 743
546 743
547 743
548 743
549 743
550 743
551 743
552 743
553 743
554 743
555 743
556 743
557 743
558 743
559 743
560 743
561 743
562 743
563 743
564 743
565 743
566 743
567 743
568 743
569 743
570 743
571 743
572 743
573 743
574 743
575 743
576 743
577 743
578 743
579 743
580 743
581 743
582 743
583 743
584 743
585 743
586 743
587 743
588 743
589 743
590 743
591 743
592 743
593 743
594 743
595 743
596 743
597 743
598 743
599 743
600 743
601 743
602 743
603 743
604 743
605 743
606 743
607 743
608 743
609 743
610 743
611 743
612 743
613 743
614 743
615 743
616 743
617 743
618 743
619 743
620 743
621 743
622 743
623 743
624 743
625 743
626 743
627 743
628 743
629 743
630 743
631 743
632 743
633 743
634 743
635 743
636 743
637 743
638 743
639 743
640 743
641 743
642 743
643 743
644 743
645 743
646 743
647 743
648 743
649 743
650 743
651 743
652 743
653 743
654 743
655 743
656 743
657 743
658 743
659 743
660 743
661 743
662 743
663 743
664 743
665 743
666 743
667 743
668 743
669 743
670 743
671 743
672 743
673 743
674 743
675 743
676 743
677 743
678 743
679 743
680 743
681 743
682 743
683 743
684 743
685 743
686 743
687 743
688 743
689 743
690 743
691 743
692 743
693 743
694 743
695 743
696 743
697 743
698 743
699 743
700 743
701 743
702 743
703 743
704 743
705 743
706 743
707 743
708 743
709 743
710 743
711 743
712 743
713 743
714 743
715 743
716 743
717 743
718 743
719 743
720 743
721 743
722 743
723 743
724 743
725 743
726 743
727 743
728 743
729 743
730 743
731 743
732 743
733 743
734 743
735 743
736 743
737 743
738 743
739 743
740 743
741 743
742 743
743 744
