601
10700
1 500
2 500
3 500
4 500
5 500
6 500
7 500
8 500
9 500
10 500
11 500
12 500
13 500
14 500
15 500
16 500
17 500
18 500
19 500
20 500
21 500
22 500
23 500
24 500
25 500
26 500
27 500
28 500
29 500
30 500
31 500
32 500
33 500
34 500
35 500
36 500
37 500
38 500
39 500
40 500
41 500
42 500
43 500
44 500
45 500
46 500
47 500
48 500
49 500
50 500
51 500
52 500
53 500
54 500
55 500
56 500
57 500
58 500
59 500
60 500
61 500
62 500
63 500
64 500
65 500
66 500
67 500
68 500
69 500
70 500
71 500
72 500
73 500
74 500
75 500
76 500
77 500
78 500
79 500
80 500
81 500
82 500
83 500
84 500
85 500
86 500
87 500
88 500
89 500
90 500
91 500
92 500
93 500
94 500
95 500
96 500
97 500
98 500
99 500
100 500
101 500
102 500
103 500
104 500
105 500
106 500
107 500
108 500
109 500
110 500
111 500
112 500
113 500
114 500
115 500
116 500
117 500
118 500
119 500
120 500
121 500
122 500
123 500
124 500
125 500
126 500
127 500
128 500
129 500
130 500
131 500
132 500
133 500
134 500
135 500
136 500
137 500
138 500
139 500
140 500
141 500
142 500
143 500
144 500
145 500
146 500
147 500
148 500
149 500
150 500
151 500
152 500
153 500
154 500
155 500
156 500
157 500
158 500
159 500
160 500
161 500
162 500
163 500
164 500
165 500
166 500
167 500
168 500
169 500
170 500
171 500
172 500
173 500
174 500
175 500
176 500
177 500
178 500
179 500
180 500
181 500
182 500
183 500
184 500
185 500
186 500
187 500
188 500
189 500
190 500
191 500
192 500
193 500
194 500
195 500
196 500
197 500
198 500
199 500
200 500
201 500
202 500
203 500
204 500
205 500
206 500
207 500
208 500
209 500
210 500
211 500
212 500
213 500
214 500
215 500
216 500
217 500
218 500
219 500
220 500
221 500
222 500
223 500
224 500
225 500
226 500
227 500
228 500
229 500
230 500
231 500
232 500
233 500
234 500
235 500
236 500
237 500
238 500
239 500
240 500
241 500
242 500
243 500
244 500
245 500
246 500
247 500
248 500
249 500
250 500
251 500
252 500
253 500
254 500
255 500
256 500
257 500
258 500
259 500
260 500
261 500
262 500
263 500
264 500
265 500
266 500
267 500
268 500
269 500
270 500
271 500
272 500
273 500
274 500
275 500
276 500
277 500
278 500
279 500
280 500
281 500
282 500
283 500
284 500
285 500
286 500
287 500
288 500
289 500
290 500
291 500
292 500
293 500
294 500
295 500
296 500
297 500
298 500
299 500
300 500
301 500
302 500
303 500
304 500
305 500
306 500
307 500
308 500
309 500
310 500
311 500
312 500
313 500
314 500
315 500
316 500
317 500
318 500
319 500
320 500
321 500
322 500
323 500
324 500
325 500
326 500
327 500
328 500
329 500
330 500
331 500
332 500
333 500
334 500
335 500
336 500
337 500
338 500
339 500
340 500
341 500
342 500
343 500
344 500
345 500
346 500
347 500
348 500
349 500
350 500
351 500
352 500
353 500
354 500
355 500
356 500
357 500
358 500
359 500
360 500
361 500
362 500
363 500
364 500
365 500
366 500
367 500
368 500
369 500
370 500
371 500
372 500
373 500
374 500
375 500
376 500
377 500
378 500
379 500
380 500
381 500
382 500
383 500
384 500
385 500
386 500
387 500
388 500
389 500
390 500
391 500
392 500
393 500
394 500
395 500
396 500
397 500
398 500
399 500
400 500
401 500
402 500
403 500
404 500
405 500
406 500
407 500
408 500
409 500
410 500
411 500
412 500
413 500
414 500
415 500
416 500
417 500
418 500
419 500
420 500
421 500
422 500
423 500
424 500
425 500
426 500
427 500
428 500
429 500
430 500
431 500
432 500
433 500
434 500
435 500
436 500
437 500
438 500
439 500
440 500
441 500
442 500
443 500
444 500
445 500
446 500
447 500
448 500
449 500
450 500
451 500
452 500
453 500
454 500
455 500
456 500
457 500
458 500
459 500
460 500
461 500
462 500
463 500
464 500
465 500
466 500
467 500
468 500
469 500
470 500
471 500
472 500
473 500
474 500
475 500
476 500
477 500
478 500
479 500
480 500
481 500
482 500
483 500
484 500
485 500
486 500
487 500
488 500
489 500
490 500
491 500
492 500
493 500
494 500
495 500
496 500
497 500
498 500
499 500
500 501
500 502
500 503
500 504
500 505
500 506
500 507
500 508
500 509
500 510
500 511
500 512
500 513
500 514
500 515
500 516
500 517
500 518
500 519
500 520
500 521
500 522
500 523
500 524
500 525
500 526
500 527
500 528
500 529
500 530
500 531
500 532
500 533
500 534
500 535
500 536
500 537
500 538
500 539
500 540
500 541
500 542
500 543
500 544
500 545
500 546
500 547
500 548
500 549
500 550
500 551
500 552
500 553
500 554
500 555
500 556
500 557
500 558
500 559
500 560
500 561
500 562
500 563
500 564
500 565
500 566
500 567
500 568
500 569
500 570
500 571
500 572
500 573
500 574
500 575
500 576
500 577
500 578
500 579
500 580
500 581
500 582
500 583
500 584
500 585
500 586
500 587
500 588
500 589
500 590
500 591
500 592
500 593
500 594
500 595
500 596
500 597
500 598
500 599
500 600
500 601
501 502
501 503
501 504
501 505
501 506
501 507
501 508
501 509
501 510
501 511
501 512
501 513
501 514
501 515
501 516
501 517
501 518
501 519
501 520
501 521
501 522
501 523
501 524
501 525
501 526
501 527
501 528
501 529
501 530
501 531
501 532
501 533
501 534
501 535
501 536
501 537
501 538
501 539
501 540
501 541
501 542
501 543
501 544
501 545
501 546
501 547
501 548
501 549
501 550
501 551
501 552
501 553
501 554
501 555
501 556
501 557
501 558
501 559
501 560
501 561
501 562
501 563
501 564
501 565
501 566
501 567
501 568
501 569
501 570
501 571
501 572
501 573
501 574
501 575
501 576
501 577
501 578
501 579
501 580
501 581
501 582
501 583
501 584
501 585
501 586
501 587
501 588
501 589
501 590
501 591
501 592
501 593
501 594
501 595
501 596
501 597
501 598
501 599
501 600
501 601
502 501
502 503
502 504
502 505
502 506
502 507
502 508
502 509
502 510
502 511
502 512
502 513
502 514
502 515
502 516
502 517
502 518
502 519
502 520
502 521
502 522
502 523
502 524
502 525
502 526
502 527
502 528
502 529
502 530
502 531
502 532
502 533
502 534
502 535
502 536
502 537
502 538
502 539
502 540
502 541
502 542
502 543
502 544
502 545
502 546
502 547
502 548
502 549
502 550
502 551
502 552
502 553
502 554
502 555
502 556
502 557
502 558
502 559
502 560
502 561
502 562
502 563
502 564
502 565
502 566
502 567
502 568
502 569
502 570
502 571
502 572
502 573
502 574
502 575
502 576
502 577
502 578
502 579
502 580
502 581
502 582
502 583
502 584
502 585
502 586
502 587
502 588
502 589
502 590
502 591
502 592
502 593
502 594
502 595
502 596
502 597
502 598
502 599
502 600
502 601
503 501
503 502
503 504
503 505
503 506
503 507
503 508
503 509
503 510
503 511
503 512
503 513
503 514
503 515
503 516
503 517
503 518
503 519
503 520
503 521
503 522
503 523
503 524
503 525
503 526
503 527
503 528
503 529
503 530
503 531
503 532
503 533
503 534
503 535
503 536
503 537
503 538
503 539
503 540
503 541
503 542
503 543
503 544
503 545
503 546
503 547
503 548
503 549
503 550
503 551
503 552
503 553
503 554
503 555
503 556
503 557
503 558
503 559
503 560
503 561
503 562
503 563
503 564
503 565
503 566
503 567
503 568
503 569
503 570
503 571
503 572
503 573
503 574
503 575
503 576
503 577
503 578
503 579
503 580
503 581
503 582
503 583
503 584
503 585
503 586
503 587
503 588
503 589
503 590
503 591
503 592
503 593
503 594
503 595
503 596
503 597
503 598
503 599
503 600
503 601
504 501
504 502
504 503
504 505
504 506
504 507
504 508
504 509
504 510
504 511
504 512
504 513
504 514
504 515
504 516
504 517
504 518
504 519
504 520
504 521
504 522
504 523
504 524
504 525
504 526
504 527
504 528
504 529
504 530
504 531
504 532
504 533
504 534
504 535
504 536
504 537
504 538
504 539
504 540
504 541
504 542
504 543
504 544
504 545
504 546
504 547
504 548
504 549
504 550
504 551
504 552
504 553
504 554
504 555
504 556
504 557
504 558
504 559
504 560
504 561
504 562
504 563
504 564
504 565
504 566
504 567
504 568
504 569
504 570
504 571
504 572
504 573
504 574
504 575
504 576
504 577
504 578
504 579
504 580
504 581
504 582
504 583
504 584
504 585
504 586
504 587
504 588
504 589
504 590
504 591
504 592
504 593
504 594
504 595
504 596
504 597
504 598
504 599
504 600
504 601
505 501
505 502
505 503
505 504
505 506
505 507
505 508
505 509
505 510
505 511
505 512
505 513
505 514
505 515
505 516
505 517
505 518
505 519
505 520
505 521
505 522
505 523
505 524
505 525
505 526
505 527
505 528
505 529
505 530
505 531
505 532
505 533
505 534
505 535
505 536
505 537
505 538
505 539
505 540
505 541
505 542
505 543
505 544
505 545
505 546
505 547
505 548
505 549
505 550
505 551
505 552
505 553
505 554
505 555
505 556
505 557
505 558
505 559
505 560
505 561
505 562
505 563
505 564
505 565
505 566
505 567
505 568
505 569
505 570
505 571
505 572
505 573
505 574
505 575
505 576
505 577
505 578
505 579
505 580
505 581
505 582
505 583
505 584
505 585
505 586
505 587
505 588
505 589
505 590
505 591
505 592
505 593
505 594
505 595
505 596
505 597
505 598
505 599
505 600
505 601
506 501
506 502
506 503
506 504
506 505
506 507
506 508
506 509
506 510
506 511
506 512
506 513
506 514
506 515
506 516
506 517
506 518
506 519
506 520
506 521
506 522
506 523
506 524
506 525
506 526
506 527
506 528
506 529
506 530
506 531
506 532
506 533
506 534
506 535
506 536
506 537
506 538
506 539
506 540
506 541
506 542
506 543
506 544
506 545
506 546
506 547
506 548
506 549
506 550
506 551
506 552
506 553
506 554
506 555
506 556
506 557
506 558
506 559
506 560
506 561
506 562
506 563
506 564
506 565
506 566
506 567
506 568
506 569
506 570
506 571
506 572
506 573
506 574
506 575
506 576
506 577
506 578
506 579
506 580
506 581
506 582
506 583
506 584
506 585
506 586
506 587
506 588
506 589
506 590
506 591
506 592
506 593
506 594
506 595
506 596
506 597
506 598
506 599
506 600
506 601
507 501
507 502
507 503
507 504
507 505
507 506
507 508
507 509
507 510
507 511
507 512
507 513
507 514
507 515
507 516
507 517
507 518
507 519
507 520
507 521
507 522
507 523
507 524
507 525
507 526
507 527
507 528
507 529
507 530
507 531
507 532
507 533
507 534
507 535
507 536
507 537
507 538
507 539
507 540
507 541
507 542
507 543
507 544
507 545
507 546
507 547
507 548
507 549
507 550
507 551
507 552
507 553
507 554
507 555
507 556
507 557
507 558
507 559
507 560
507 561
507 562
507 563
507 564
507 565
507 566
507 567
507 568
507 569
507 570
507 571
507 572
507 573
507 574
507 575
507 576
507 577
507 578
507 579
507 580
507 581
507 582
507 583
507 584
507 585
507 586
507 587
507 588
507 589
507 590
507 591
507 592
507 593
507 594
507 595
507 596
507 597
507 598
507 599
507 600
507 601
508 501
508 502
508 503
508 504
508 505
508 506
508 507
508 509
508 510
508 511
508 512
508 513
508 514
508 515
508 516
508 517
508 518
508 519
508 520
508 521
508 522
508 523
508 524
508 525
508 526
508 527
508 528
508 529
508 530
508 531
508 532
508 533
508 534
508 535
508 536
508 537
508 538
508 539
508 540
508 541
508 542
508 543
508 544
508 545
508 546
508 547
508 548
508 549
508 550
508 551
508 552
508 553
508 554
508 555
508 556
508 557
508 558
508 559
508 560
508 561
508 562
508 563
508 564
508 565
508 566
508 567
508 568
508 569
508 570
508 571
508 572
508 573
508 574
508 575
508 576
508 577
508 578
508 579
508 580
508 581
508 582
508 583
508 584
508 585
508 586
508 587
508 588
508 589
508 590
508 591
508 592
508 593
508 594
508 595
508 596
508 597
508 598
508 599
508 600
508 601
509 501
509 502
509 503
509 504
509 505
509 506
509 507
509 508
509 510
509 511
509 512
509 513
509 514
509 515
509 516
509 517
509 518
509 519
509 520
509 521
509 522
509 523
509 524
509 525
509 526
509 527
509 528
509 529
509 530
509 531
509 532
509 533
509 534
509 535
509 536
509 537
509 538
509 539
509 540
509 541
509 542
509 543
509 544
509 545
509 546
509 547
509 548
509 549
509 550
509 551
509 552
509 553
509 554
509 555
509 556
509 557
509 558
509 559
509 560
509 561
509 562
509 563
509 564
509 565
509 566
509 567
509 568
509 569
509 570
509 571
509 572
509 573
509 574
509 575
509 576
509 577
509 578
509 579
509 580
509 581
509 582
509 583
509 584
509 585
509 586
509 587
509 588
509 589
509 590
509 591
509 592
509 593
509 594
509 595
509 596
509 597
509 598
509 599
509 600
509 601
510 501
510 502
510 503
510 504
510 505
510 506
510 507
510 508
510 509
510 511
510 512
510 513
510 514
510 515
510 516
510 517
510 518
510 519
510 520
510 521
510 522
510 523
510 524
510 525
510 526
510 527
510 528
510 529
510 530
510 531
510 532
510 533
510 534
510 535
510 536
510 537
510 538
510 539
510 540
510 541
510 542
510 543
510 544
510 545
510 546
510 547
510 548
510 549
510 550
510 551
510 552
510 553
510 554
510 555
510 556
510 557
510 558
510 559
510 560
510 561
510 562
510 563
510 564
510 565
510 566
510 567
510 568
510 569
510 570
510 571
510 572
510 573
510 574
510 575
510 576
510 577
510 578
510 579
510 580
510 581
510 582
510 583
510 584
510 585
510 586
510 587
510 588
510 589
510 590
510 591
510 592
510 593
510 594
510 595
510 596
510 597
510 598
510 599
510 600
510 601
511 501
511 502
511 503
511 504
511 505
511 506
511 507
511 508
511 509
511 510
511 512
511 513
511 514
511 515
511 516
511 517
511 518
511 519
511 520
511 521
511 522
511 523
511 524
511 525
511 526
511 527
511 528
511 529
511 530
511 531
511 532
511 533
511 534
511 535
511 536
511 537
511 538
511 539
511 540
511 541
511 542
511 543
511 544
511 545
511 546
511 547
511 548
511 549
511 550
511 551
511 552
511 553
511 554
511 555
511 556
511 557
511 558
511 559
511 560
511 561
511 562
511 563
511 564
511 565
511 566
511 567
511 568
511 569
511 570
511 571
511 572
511 573
511 574
511 575
511 576
511 577
511 578
511 579
511 580
511 581
511 582
511 583
511 584
511 585
511 586
511 587
511 588
511 589
511 590
511 591
511 592
511 593
511 594
511 595
511 596
511 597
511 598
511 599
511 600
511 601
512 501
512 502
512 503
512 504
512 505
512 506
512 507
512 508
512 509
512 510
512 511
512 513
512 514
512 515
512 516
512 517
512 518
512 519
512 520
512 521
512 522
512 523
512 524
512 525
512 526
512 527
512 528
512 529
512 530
512 531
512 532
512 533
512 534
512 535
512 536
512 537
512 538
512 539
512 540
512 541
512 542
512 543
512 544
512 545
512 546
512 547
512 548
512 549
512 550
512 551
512 552
512 553
512 554
512 555
512 556
512 557
512 558
512 559
512 560
512 561
512 562
512 563
512 564
512 565
512 566
512 567
512 568
512 569
512 570
512 571
512 572
512 573
512 574
512 575
512 576
512 577
512 578
512 579
512 580
512 581
512 582
512 583
512 584
512 585
512 586
512 587
512 588
512 589
512 590
512 591
512 592
512 593
512 594
512 595
512 596
512 597
512 598
512 599
512 600
512 601
513 501
513 502
513 503
513 504
513 505
513 506
513 507
513 508
513 509
513 510
513 511
513 512
513 514
513 515
513 516
513 517
513 518
513 519
513 520
513 521
513 522
513 523
513 524
513 525
513 526
513 527
513 528
513 529
513 530
513 531
513 532
513 533
513 534
513 535
513 536
513 537
513 538
513 539
513 540
513 541
513 542
513 543
513 544
513 545
513 546
513 547
513 548
513 549
513 550
513 551
513 552
513 553
513 554
513 555
513 556
513 557
513 558
513 559
513 560
513 561
513 562
513 563
513 564
513 565
513 566
513 567
513 568
513 569
513 570
513 571
513 572
513 573
513 574
513 575
513 576
513 577
513 578
513 579
513 580
513 581
513 582
513 583
513 584
513 585
513 586
513 587
513 588
513 589
513 590
513 591
513 592
513 593
513 594
513 595
513 596
513 597
513 598
513 599
513 600
513 601
514 501
514 502
514 503
514 504
514 505
514 506
514 507
514 508
514 509
514 510
514 511
514 512
514 513
514 515
514 516
514 517
514 518
514 519
514 520
514 521
514 522
514 523
514 524
514 525
514 526
514 527
514 528
514 529
514 530
514 531
514 532
514 533
514 534
514 535
514 536
514 537
514 538
514 539
514 540
514 541
514 542
514 543
514 544
514 545
514 546
514 547
514 548
514 549
514 550
514 551
514 552
514 553
514 554
514 555
514 556
514 557
514 558
514 559
514 560
514 561
514 562
514 563
514 564
514 565
514 566
514 567
514 568
514 569
514 570
514 571
514 572
514 573
514 574
514 575
514 576
514 577
514 578
514 579
514 580
514 581
514 582
514 583
514 584
514 585
514 586
514 587
514 588
514 589
514 590
514 591
514 592
514 593
514 594
514 595
514 596
514 597
514 598
514 599
514 600
514 601
515 501
515 502
515 503
515 504
515 505
515 506
515 507
515 508
515 509
515 510
515 511
515 512
515 513
515 514
515 516
515 517
515 518
515 519
515 520
515 521
515 522
515 523
515 524
515 525
515 526
515 527
515 528
515 529
515 530
515 531
515 532
515 533
515 534
515 535
515 536
515 537
515 538
515 539
515 540
515 541
515 542
515 543
515 544
515 545
515 546
515 547
515 548
515 549
515 550
515 551
515 552
515 553
515 554
515 555
515 556
515 557
515 558
515 559
515 560
515 561
515 562
515 563
515 564
515 565
515 566
515 567
515 568
515 569
515 570
515 571
515 572
515 573
515 574
515 575
515 576
515 577
515 578
515 579
515 580
515 581
515 582
515 583
515 584
515 585
515 586
515 587
515 588
515 589
515 590
515 591
515 592
515 593
515 594
515 595
515 596
515 597
515 598
515 599
515 600
515 601
516 501
516 502
516 503
516 504
516 505
516 506
516 507
516 508
516 509
516 510
516 511
516 512
516 513
516 514
516 515
516 517
516 518
516 519
516 520
516 521
516 522
516 523
516 524
516 525
516 526
516 527
516 528
516 529
516 530
516 531
516 532
516 533
516 534
516 535
516 536
516 537
516 538
516 539
516 540
516 541
516 542
516 543
516 544
516 545
516 546
516 547
516 548
516 549
516 550
516 551
516 552
516 553
516 554
516 555
516 556
516 557
516 558
516 559
516 560
516 561
516 562
516 563
516 564
516 565
516 566
516 567
516 568
516 569
516 570
516 571
516 572
516 573
516 574
516 575
516 576
516 577
516 578
516 579
516 580
516 581
516 582
516 583
516 584
516 585
516 586
516 587
516 588
516 589
516 590
516 591
516 592
516 593
516 594
516 595
516 596
516 597
516 598
516 599
516 600
516 601
517 501
517 502
517 503
517 504
517 505
517 506
517 507
517 508
517 509
517 510
517 511
517 512
517 513
517 514
517 515
517 516
517 518
517 519
517 520
517 521
517 522
517 523
517 524
517 525
517 526
517 527
517 528
517 529
517 530
517 531
517 532
517 533
517 534
517 535
517 536
517 537
517 538
517 539
517 540
517 541
517 542
517 543
517 544
517 545
517 546
517 547
517 548
517 549
517 550
517 551
517 552
517 553
517 554
517 555
517 556
517 557
517 558
517 559
517 560
517 561
517 562
517 563
517 564
517 565
517 566
517 567
517 568
517 569
517 570
517 571
517 572
517 573
517 574
517 575
517 576
517 577
517 578
517 579
517 580
517 581
517 582
517 583
517 584
517 585
517 586
517 587
517 588
517 589
517 590
517 591
517 592
517 593
517 594
517 595
517 596
517 597
517 598
517 599
517 600
517 601
518 501
518 502
518 503
518 504
518 505
518 506
518 507
518 508
518 509
518 510
518 511
518 512
518 513
518 514
518 515
518 516
518 517
518 519
518 520
518 521
518 522
518 523
518 524
518 525
518 526
518 527
518 528
518 529
518 530
518 531
518 532
518 533
518 534
518 535
518 536
518 537
518 538
518 539
518 540
518 541
518 542
518 543
518 544
518 545
518 546
518 547
518 548
518 549
518 550
518 551
518 552
518 553
518 554
518 555
518 556
518 557
518 558
518 559
518 560
518 561
518 562
518 563
518 564
518 565
518 566
518 567
518 568
518 569
518 570
518 571
518 572
518 573
518 574
518 575
518 576
518 577
518 578
518 579
518 580
518 581
518 582
518 583
518 584
518 585
518 586
518 587
518 588
518 589
518 590
518 591
518 592
518 593
518 594
518 595
518 596
518 597
518 598
518 599
518 600
518 601
519 501
519 502
519 503
519 504
519 505
519 506
519 507
519 508
519 509
519 510
519 511
519 512
519 513
519 514
519 515
519 516
519 517
519 518
519 520
519 521
519 522
519 523
519 524
519 525
519 526
519 527
519 528
519 529
519 530
519 531
519 532
519 533
519 534
519 535
519 536
519 537
519 538
519 539
519 540
519 541
519 542
519 543
519 544
519 545
519 546
519 547
519 548
519 549
519 550
519 551
519 552
519 553
519 554
519 555
519 556
519 557
519 558
519 559
519 560
519 561
519 562
519 563
519 564
519 565
519 566
519 567
519 568
519 569
519 570
519 571
519 572
519 573
519 574
519 575
519 576
519 577
519 578
519 579
519 580
519 581
519 582
519 583
519 584
519 585
519 586
519 587
519 588
519 589
519 590
519 591
519 592
519 593
519 594
519 595
519 596
519 597
519 598
519 599
519 600
519 601
520 501
520 502
520 503
520 504
520 505
520 506
520 507
520 508
520 509
520 510
520 511
520 512
520 513
520 514
520 515
520 516
520 517
520 518
520 519
520 521
520 522
520 523
520 524
520 525
520 526
520 527
520 528
520 529
520 530
520 531
520 532
520 533
520 534
520 535
520 536
520 537
520 538
520 539
520 540
520 541
520 542
520 543
520 544
520 545
520 546
520 547
520 548
520 549
520 550
520 551
520 552
520 553
520 554
520 555
520 556
520 557
520 558
520 559
520 560
520 561
520 562
520 563
520 564
520 565
520 566
520 567
520 568
520 569
520 570
520 571
520 572
520 573
520 574
520 575
520 576
520 577
520 578
520 579
520 580
520 581
520 582
520 583
520 584
520 585
520 586
520 587
520 588
520 589
520 590
520 591
520 592
520 593
520 594
520 595
520 596
520 597
520 598
520 599
520 600
520 601
521 501
521 502
521 503
521 504
521 505
521 506
521 507
521 508
521 509
521 510
521 511
521 512
521 513
521 514
521 515
521 516
521 517
521 518
521 519
521 520
521 522
521 523
521 524
521 525
521 526
521 527
521 528
521 529
521 530
521 531
521 532
521 533
521 534
521 535
521 536
521 537
521 538
521 539
521 540
521 541
521 542
521 543
521 544
521 545
521 546
521 547
521 548
521 549
521 550
521 551
521 552
521 553
521 554
521 555
521 556
521 557
521 558
521 559
521 560
521 561
521 562
521 563
521 564
521 565
521 566
521 567
521 568
521 569
521 570
521 571
521 572
521 573
521 574
521 575
521 576
521 577
521 578
521 579
521 580
521 581
521 582
521 583
521 584
521 585
521 586
521 587
521 588
521 589
521 590
521 591
521 592
521 593
521 594
521 595
521 596
521 597
521 598
521 599
521 600
521 601
522 501
522 502
522 503
522 504
522 505
522 506
522 507
522 508
522 509
522 510
522 511
522 512
522 513
522 514
522 515
522 516
522 517
522 518
522 519
522 520
522 521
522 523
522 524
522 525
522 526
522 527
522 528
522 529
522 530
522 531
522 532
522 533
522 534
522 535
522 536
522 537
522 538
522 539
522 540
522 541
522 542
522 543
522 544
522 545
522 546
522 547
522 548
522 549
522 550
522 551
522 552
522 553
522 554
522 555
522 556
522 557
522 558
522 559
522 560
522 561
522 562
522 563
522 564
522 565
522 566
522 567
522 568
522 569
522 570
522 571
522 572
522 573
522 574
522 575
522 576
522 577
522 578
522 579
522 580
522 581
522 582
522 583
522 584
522 585
522 586
522 587
522 588
522 589
522 590
522 591
522 592
522 593
522 594
522 595
522 596
522 597
522 598
522 599
522 600
522 601
523 501
523 502
523 503
523 504
523 505
523 506
523 507
523 508
523 509
523 510
523 511
523 512
523 513
523 514
523 515
523 516
523 517
523 518
523 519
523 520
523 521
523 522
523 524
523 525
523 526
523 527
523 528
523 529
523 530
523 531
523 532
523 533
523 534
523 535
523 536
523 537
523 538
523 539
523 540
523 541
523 542
523 543
523 544
523 545
523 546
523 547
523 548
523 549
523 550
523 551
523 552
523 553
523 554
523 555
523 556
523 557
523 558
523 559
523 560
523 561
523 562
523 563
523 564
523 565
523 566
523 567
523 568
523 569
523 570
523 571
523 572
523 573
523 574
523 575
523 576
523 577
523 578
523 579
523 580
523 581
523 582
523 583
523 584
523 585
523 586
523 587
523 588
523 589
523 590
523 591
523 592
523 593
523 594
523 595
523 596
523 597
523 598
523 599
523 600
523 601
524 501
524 502
524 503
524 504
524 505
524 506
524 507
524 508
524 509
524 510
524 511
524 512
524 513
524 514
524 515
524 516
524 517
524 518
524 519
524 520
524 521
524 522
524 523
524 525
524 526
524 527
524 528
524 529
524 530
524 531
524 532
524 533
524 534
524 535
524 536
524 537
524 538
524 539
524 540
524 541
524 542
524 543
524 544
524 545
524 546
524 547
524 548
524 549
524 550
524 551
524 552
524 553
524 554
524 555
524 556
524 557
524 558
524 559
524 560
524 561
524 562
524 563
524 564
524 565
524 566
524 567
524 568
524 569
524 570
524 571
524 572
524 573
524 574
524 575
524 576
524 577
524 578
524 579
524 580
524 581
524 582
524 583
524 584
524 585
524 586
524 587
524 588
524 589
524 590
524 591
524 592
524 593
524 594
524 595
524 596
524 597
524 598
524 599
524 600
524 601
525 501
525 502
525 503
525 504
525 505
525 506
525 507
525 508
525 509
525 510
525 511
525 512
525 513
525 514
525 515
525 516
525 517
525 518
525 519
525 520
525 521
525 522
525 523
525 524
525 526
525 527
525 528
525 529
525 530
525 531
525 532
525 533
525 534
525 535
525 536
525 537
525 538
525 539
525 540
525 541
525 542
525 543
525 544
525 545
525 546
525 547
525 548
525 549
525 550
525 551
525 552
525 553
525 554
525 555
525 556
525 557
525 558
525 559
525 560
525 561
525 562
525 563
525 564
525 565
525 566
525 567
525 568
525 569
525 570
525 571
525 572
525 573
525 574
525 575
525 576
525 577
525 578
525 579
525 580
525 581
525 582
525 583
525 584
525 585
525 586
525 587
525 588
525 589
525 590
525 591
525 592
525 593
525 594
525 595
525 596
525 597
525 598
525 599
525 600
525 601
526 501
526 502
526 503
526 504
526 505
526 506
526 507
526 508
526 509
526 510
526 511
526 512
526 513
526 514
526 515
526 516
526 517
526 518
526 519
526 520
526 521
526 522
526 523
526 524
526 525
526 527
526 528
526 529
526 530
526 531
526 532
526 533
526 534
526 535
526 536
526 537
526 538
526 539
526 540
526 541
526 542
526 543
526 544
526 545
526 546
526 547
526 548
526 549
526 550
526 551
526 552
526 553
526 554
526 555
526 556
526 557
526 558
526 559
526 560
526 561
526 562
526 563
526 564
526 565
526 566
526 567
526 568
526 569
526 570
526 571
526 572
526 573
526 574
526 575
526 576
526 577
526 578
526 579
526 580
526 581
526 582
526 583
526 584
526 585
526 586
526 587
526 588
526 589
526 590
526 591
526 592
526 593
526 594
526 595
526 596
526 597
526 598
526 599
526 600
526 601
527 501
527 502
527 503
527 504
527 505
527 506
527 507
527 508
527 509
527 510
527 511
527 512
527 513
527 514
527 515
527 516
527 517
527 518
527 519
527 520
527 521
527 522
527 523
527 524
527 525
527 526
527 528
527 529
527 530
527 531
527 532
527 533
527 534
527 535
527 536
527 537
527 538
527 539
527 540
527 541
527 542
527 543
527 544
527 545
527 546
527 547
527 548
527 549
527 550
527 551
527 552
527 553
527 554
527 555
527 556
527 557
527 558
527 559
527 560
527 561
527 562
527 563
527 564
527 565
527 566
527 567
527 568
527 569
527 570
527 571
527 572
527 573
527 574
527 575
527 576
527 577
527 578
527 579
527 580
527 581
527 582
527 583
527 584
527 585
527 586
527 587
527 588
527 589
527 590
527 591
527 592
527 593
527 594
527 595
527 596
527 597
527 598
527 599
527 600
527 601
528 501
528 502
528 503
528 504
528 505
528 506
528 507
528 508
528 509
528 510
528 511
528 512
528 513
528 514
528 515
528 516
528 517
528 518
528 519
528 520
528 521
528 522
528 523
528 524
528 525
528 526
528 527
528 529
528 530
528 531
528 532
528 533
528 534
528 535
528 536
528 537
528 538
528 539
528 540
528 541
528 542
528 543
528 544
528 545
528 546
528 547
528 548
528 549
528 550
528 551
528 552
528 553
528 554
528 555
528 556
528 557
528 558
528 559
528 560
528 561
528 562
528 563
528 564
528 565
528 566
528 567
528 568
528 569
528 570
528 571
528 572
528 573
528 574
528 575
528 576
528 577
528 578
528 579
528 580
528 581
528 582
528 583
528 584
528 585
528 586
528 587
528 588
528 589
528 590
528 591
528 592
528 593
528 594
528 595
528 596
528 597
528 598
528 599
528 600
528 601
529 501
529 502
529 503
529 504
529 505
529 506
529 507
529 508
529 509
529 510
529 511
529 512
529 513
529 514
529 515
529 516
529 517
529 518
529 519
529 520
529 521
529 522
529 523
529 524
529 525
529 526
529 527
529 528
529 530
529 531
529 532
529 533
529 534
529 535
529 536
529 537
529 538
529 539
529 540
529 541
529 542
529 543
529 544
529 545
529 546
529 547
529 548
529 549
529 550
529 551
529 552
529 553
529 554
529 555
529 556
529 557
529 558
529 559
529 560
529 561
529 562
529 563
529 564
529 565
529 566
529 567
529 568
529 569
529 570
529 571
529 572
529 573
529 574
529 575
529 576
529 577
529 578
529 579
529 580
529 581
529 582
529 583
529 584
529 585
529 586
529 587
529 588
529 589
529 590
529 591
529 592
529 593
529 594
529 595
529 596
529 597
529 598
529 599
529 600
529 601
530 501
530 502
530 503
530 504
530 505
530 506
530 507
530 508
530 509
530 510
530 511
530 512
530 513
530 514
530 515
530 516
530 517
530 518
530 519
530 520
530 521
530 522
530 523
530 524
530 525
530 526
530 527
530 528
530 529
530 531
530 532
530 533
530 534
530 535
530 536
530 537
530 538
530 539
530 540
530 541
530 542
530 543
530 544
530 545
530 546
530 547
530 548
530 549
530 550
530 551
530 552
530 553
530 554
530 555
530 556
530 557
530 558
530 559
530 560
530 561
530 562
530 563
530 564
530 565
530 566
530 567
530 568
530 569
530 570
530 571
530 572
530 573
530 574
530 575
530 576
530 577
530 578
530 579
530 580
530 581
530 582
530 583
530 584
530 585
530 586
530 587
530 588
530 589
530 590
530 591
530 592
530 593
530 594
530 595
530 596
530 597
530 598
530 599
530 600
530 601
531 501
531 502
531 503
531 504
531 505
531 506
531 507
531 508
531 509
531 510
531 511
531 512
531 513
531 514
531 515
531 516
531 517
531 518
531 519
531 520
531 521
531 522
531 523
531 524
531 525
531 526
531 527
531 528
531 529
531 530
531 532
531 533
531 534
531 535
531 536
531 537
531 538
531 539
531 540
531 541
531 542
531 543
531 544
531 545
531 546
531 547
531 548
531 549
531 550
531 551
531 552
531 553
531 554
531 555
531 556
531 557
531 558
531 559
531 560
531 561
531 562
531 563
531 564
531 565
531 566
531 567
531 568
531 569
531 570
531 571
531 572
531 573
531 574
531 575
531 576
531 577
531 578
531 579
531 580
531 581
531 582
531 583
531 584
531 585
531 586
531 587
531 588
531 589
531 590
531 591
531 592
531 593
531 594
531 595
531 596
531 597
531 598
531 599
531 600
531 601
532 501
532 502
532 503
532 504
532 505
532 506
532 507
532 508
532 509
532 510
532 511
532 512
532 513
532 514
532 515
532 516
532 517
532 518
532 519
532 520
532 521
532 522
532 523
532 524
532 525
532 526
532 527
532 528
532 529
532 530
532 531
532 533
532 534
532 535
532 536
532 537
532 538
532 539
532 540
532 541
532 542
532 543
532 544
532 545
532 546
532 547
532 548
532 549
532 550
532 551
532 552
532 553
532 554
532 555
532 556
532 557
532 558
532 559
532 560
532 561
532 562
532 563
532 564
532 565
532 566
532 567
532 568
532 569
532 570
532 571
532 572
532 573
532 574
532 575
532 576
532 577
532 578
532 579
532 580
532 581
532 582
532 583
532 584
532 585
532 586
532 587
532 588
532 589
532 590
532 591
532 592
532 593
532 594
532 595
532 596
532 597
532 598
532 599
532 600
532 601
533 501
533 502
533 503
533 504
533 505
533 506
533 507
533 508
533 509
533 510
533 511
533 512
533 513
533 514
533 515
533 516
533 517
533 518
533 519
533 520
533 521
533 522
533 523
533 524
533 525
533 526
533 527
533 528
533 529
533 530
533 531
533 532
533 534
533 535
533 536
533 537
533 538
533 539
533 540
533 541
533 542
533 543
533 544
533 545
533 546
533 547
533 548
533 549
533 550
533 551
533 552
533 553
533 554
533 555
533 556
533 557
533 558
533 559
533 560
533 561
533 562
533 563
533 564
533 565
533 566
533 567
533 568
533 569
533 570
533 571
533 572
533 573
533 574
533 575
533 576
533 577
533 578
533 579
533 580
533 581
533 582
533 583
533 584
533 585
533 586
533 587
533 588
533 589
533 590
533 591
533 592
533 593
533 594
533 595
533 596
533 597
533 598
533 599
533 600
533 601
534 501
534 502
534 503
534 504
534 505
534 506
534 507
534 508
534 509
534 510
534 511
534 512
534 513
534 514
534 515
534 516
534 517
534 518
534 519
534 520
534 521
534 522
534 523
534 524
534 525
534 526
534 527
534 528
534 529
534 530
534 531
534 532
534 533
534 535
534 536
534 537
534 538
534 539
534 540
534 541
534 542
534 543
534 544
534 545
534 546
534 547
534 548
534 549
534 550
534 551
534 552
534 553
534 554
534 555
534 556
534 557
534 558
534 559
534 560
534 561
534 562
534 563
534 564
534 565
534 566
534 567
534 568
534 569
534 570
534 571
534 572
534 573
534 574
534 575
534 576
534 577
534 578
534 579
534 580
534 581
534 582
534 583
534 584
534 585
534 586
534 587
534 588
534 589
534 590
534 591
534 592
534 593
534 594
534 595
534 596
534 597
534 598
534 599
534 600
534 601
535 501
535 502
535 503
535 504
535 505
535 506
535 507
535 508
535 509
535 510
535 511
535 512
535 513
535 514
535 515
535 516
535 517
535 518
535 519
535 520
535 521
535 522
535 523
535 524
535 525
535 526
535 527
535 528
535 529
535 530
535 531
535 532
535 533
535 534
535 536
535 537
535 538
535 539
535 540
535 541
535 542
535 543
535 544
535 545
535 546
535 547
535 548
535 549
535 550
535 551
535 552
535 553
535 554
535 555
535 556
535 557
535 558
535 559
535 560
535 561
535 562
535 563
535 564
535 565
535 566
535 567
535 568
535 569
535 570
535 571
535 572
535 573
535 574
535 575
535 576
535 577
535 578
535 579
535 580
535 581
535 582
535 583
535 584
535 585
535 586
535 587
535 588
535 589
535 590
535 591
535 592
535 593
535 594
535 595
535 596
535 597
535 598
535 599
535 600
535 601
536 501
536 502
536 503
536 504
536 505
536 506
536 507
536 508
536 509
536 510
536 511
536 512
536 513
536 514
536 515
536 516
536 517
536 518
536 519
536 520
536 521
536 522
536 523
536 524
536 525
536 526
536 527
536 528
536 529
536 530
536 531
536 532
536 533
536 534
536 535
536 537
536 538
536 539
536 540
536 541
536 542
536 543
536 544
536 545
536 546
536 547
536 548
536 549
536 550
536 551
536 552
536 553
536 554
536 555
536 556
536 557
536 558
536 559
536 560
536 561
536 562
536 563
536 564
536 565
536 566
536 567
536 568
536 569
536 570
536 571
536 572
536 573
536 574
536 575
536 576
536 577
536 578
536 579
536 580
536 581
536 582
536 583
536 584
536 585
536 586
536 587
536 588
536 589
536 590
536 591
536 592
536 593
536 594
536 595
536 596
536 597
536 598
536 599
536 600
536 601
537 501
537 502
537 503
537 504
537 505
537 506
537 507
537 508
537 509
537 510
537 511
537 512
537 513
537 514
537 515
537 516
537 517
537 518
537 519
537 520
537 521
537 522
537 523
537 524
537 525
537 526
537 527
537 528
537 529
537 530
537 531
537 532
537 533
537 534
537 535
537 536
537 538
537 539
537 540
537 541
537 542
537 543
537 544
537 545
537 546
537 547
537 548
537 549
537 550
537 551
537 552
537 553
537 554
537 555
537 556
537 557
537 558
537 559
537 560
537 561
537 562
537 563
537 564
537 565
537 566
537 567
537 568
537 569
537 570
537 571
537 572
537 573
537 574
537 575
537 576
537 577
537 578
537 579
537 580
537 581
537 582
537 583
537 584
537 585
537 586
537 587
537 588
537 589
537 590
537 591
537 592
537 593
537 594
537 595
537 596
537 597
537 598
537 599
537 600
537 601
538 501
538 502
538 503
538 504
538 505
538 506
538 507
538 508
538 509
538 510
538 511
538 512
538 513
538 514
538 515
538 516
538 517
538 518
538 519
538 520
538 521
538 522
538 523
538 524
538 525
538 526
538 527
538 528
538 529
538 530
538 531
538 532
538 533
538 534
538 535
538 536
538 537
538 539
538 540
538 541
538 542
538 543
538 544
538 545
538 546
538 547
538 548
538 549
538 550
538 551
538 552
538 553
538 554
538 555
538 556
538 557
538 558
538 559
538 560
538 561
538 562
538 563
538 564
538 565
538 566
538 567
538 568
538 569
538 570
538 571
538 572
538 573
538 574
538 575
538 576
538 577
538 578
538 579
538 580
538 581
538 582
538 583
538 584
538 585
538 586
538 587
538 588
538 589
538 590
538 591
538 592
538 593
538 594
538 595
538 596
538 597
538 598
538 599
538 600
538 601
539 501
539 502
539 503
539 504
539 505
539 506
539 507
539 508
539 509
539 510
539 511
539 512
539 513
539 514
539 515
539 516
539 517
539 518
539 519
539 520
539 521
539 522
539 523
539 524
539 525
539 526
539 527
539 528
539 529
539 530
539 531
539 532
539 533
539 534
539 535
539 536
539 537
539 538
539 540
539 541
539 542
539 543
539 544
539 545
539 546
539 547
539 548
539 549
539 550
539 551
539 552
539 553
539 554
539 555
539 556
539 557
539 558
539 559
539 560
539 561
539 562
539 563
539 564
539 565
539 566
539 567
539 568
539 569
539 570
539 571
539 572
539 573
539 574
539 575
539 576
539 577
539 578
539 579
539 580
539 581
539 582
539 583
539 584
539 585
539 586
539 587
539 588
539 589
539 590
539 591
539 592
539 593
539 594
539 595
539 596
539 597
539 598
539 599
539 600
539 601
540 501
540 502
540 503
540 504
540 505
540 506
540 507
540 508
540 509
540 510
540 511
540 512
540 513
540 514
540 515
540 516
540 517
540 518
540 519
540 520
540 521
540 522
540 523
540 524
540 525
540 526
540 527
540 528
540 529
540 530
540 531
540 532
540 533
540 534
540 535
540 536
540 537
540 538
540 539
540 541
540 542
540 543
540 544
540 545
540 546
540 547
540 548
540 549
540 550
540 551
540 552
540 553
540 554
540 555
540 556
540 557
540 558
540 559
540 560
540 561
540 562
540 563
540 564
540 565
540 566
540 567
540 568
540 569
540 570
540 571
540 572
540 573
540 574
540 575
540 576
540 577
540 578
540 579
540 580
540 581
540 582
540 583
540 584
540 585
540 586
540 587
540 588
540 589
540 590
540 591
540 592
540 593
540 594
540 595
540 596
540 597
540 598
540 599
540 600
540 601
541 501
541 502
541 503
541 504
541 505
541 506
541 507
541 508
541 509
541 510
541 511
541 512
541 513
541 514
541 515
541 516
541 517
541 518
541 519
541 520
541 521
541 522
541 523
541 524
541 525
541 526
541 527
541 528
541 529
541 530
541 531
541 532
541 533
541 534
541 535
541 536
541 537
541 538
541 539
541 540
541 542
541 543
541 544
541 545
541 546
541 547
541 548
541 549
541 550
541 551
541 552
541 553
541 554
541 555
541 556
541 557
541 558
541 559
541 560
541 561
541 562
541 563
541 564
541 565
541 566
541 567
541 568
541 569
541 570
541 571
541 572
541 573
541 574
541 575
541 576
541 577
541 578
541 579
541 580
541 581
541 582
541 583
541 584
541 585
541 586
541 587
541 588
541 589
541 590
541 591
541 592
541 593
541 594
541 595
541 596
541 597
541 598
541 599
541 600
541 601
542 501
542 502
542 503
542 504
542 505
542 506
542 507
542 508
542 509
542 510
542 511
542 512
542 513
542 514
542 515
542 516
542 517
542 518
542 519
542 520
542 521
542 522
542 523
542 524
542 525
542 526
542 527
542 528
542 529
542 530
542 531
542 532
542 533
542 534
542 535
542 536
542 537
542 538
542 539
542 540
542 541
542 543
542 544
542 545
542 546
542 547
542 548
542 549
542 550
542 551
542 552
542 553
542 554
542 555
542 556
542 557
542 558
542 559
542 560
542 561
542 562
542 563
542 564
542 565
542 566
542 567
542 568
542 569
542 570
542 571
542 572
542 573
542 574
542 575
542 576
542 577
542 578
542 579
542 580
542 581
542 582
542 583
542 584
542 585
542 586
542 587
542 588
542 589
542 590
542 591
542 592
542 593
542 594
542 595
542 596
542 597
542 598
542 599
542 600
542 601
543 501
543 502
543 503
543 504
543 505
543 506
543 507
543 508
543 509
543 510
543 511
543 512
543 513
543 514
543 515
543 516
543 517
543 518
543 519
543 520
543 521
543 522
543 523
543 524
543 525
543 526
543 527
543 528
543 529
543 530
543 531
543 532
543 533
543 534
543 535
543 536
543 537
543 538
543 539
543 540
543 541
543 542
543 544
543 545
543 546
543 547
543 548
543 549
543 550
543 551
543 552
543 553
543 554
543 555
543 556
543 557
543 558
543 559
543 560
543 561
543 562
543 563
543 564
543 565
543 566
543 567
543 568
543 569
543 570
543 571
543 572
543 573
543 574
543 575
543 576
543 577
543 578
543 579
543 580
543 581
543 582
543 583
543 584
543 585
543 586
543 587
543 588
543 589
543 590
543 591
543 592
543 593
543 594
543 595
543 596
543 597
543 598
543 599
543 600
543 601
544 501
544 502
544 503
544 504
544 505
544 506
544 507
544 508
544 509
544 510
544 511
544 512
544 513
544 514
544 515
544 516
544 517
544 518
544 519
544 520
544 521
544 522
544 523
544 524
544 525
544 526
544 527
544 528
544 529
544 530
544 531
544 532
544 533
544 534
544 535
544 536
544 537
544 538
544 539
544 540
544 541
544 542
544 543
544 545
544 546
544 547
544 548
544 549
544 550
544 551
544 552
544 553
544 554
544 555
544 556
544 557
544 558
544 559
544 560
544 561
544 562
544 563
544 564
544 565
544 566
544 567
544 568
544 569
544 570
544 571
544 572
544 573
544 574
544 575
544 576
544 577
544 578
544 579
544 580
544 581
544 582
544 583
544 584
544 585
544 586
544 587
544 588
544 589
544 590
544 591
544 592
544 593
544 594
544 595
544 596
544 597
544 598
544 599
544 600
544 601
545 501
545 502
545 503
545 504
545 505
545 506
545 507
545 508
545 509
545 510
545 511
545 512
545 513
545 514
545 515
545 516
545 517
545 518
545 519
545 520
545 521
545 522
545 523
545 524
545 525
545 526
545 527
545 528
545 529
545 530
545 531
545 532
545 533
545 534
545 535
545 536
545 537
545 538
545 539
545 540
545 541
545 542
545 543
545 544
545 546
545 547
545 548
545 549
545 550
545 551
545 552
545 553
545 554
545 555
545 556
545 557
545 558
545 559
545 560
545 561
545 562
545 563
545 564
545 565
545 566
545 567
545 568
545 569
545 570
545 571
545 572
545 573
545 574
545 575
545 576
545 577
545 578
545 579
545 580
545 581
545 582
545 583
545 584
545 585
545 586
545 587
545 588
545 589
545 590
545 591
545 592
545 593
545 594
545 595
545 596
545 597
545 598
545 599
545 600
545 601
546 501
546 502
546 503
546 504
546 505
546 506
546 507
546 508
546 509
546 510
546 511
546 512
546 513
546 514
546 515
546 516
546 517
546 518
546 519
546 520
546 521
546 522
546 523
546 524
546 525
546 526
546 527
546 528
546 529
546 530
546 531
546 532
546 533
546 534
546 535
546 536
546 537
546 538
546 539
546 540
546 541
546 542
546 543
546 544
546 545
546 547
546 548
546 549
546 550
546 551
546 552
546 553
546 554
546 555
546 556
546 557
546 558
546 559
546 560
546 561
546 562
546 563
546 564
546 565
546 566
546 567
546 568
546 569
546 570
546 571
546 572
546 573
546 574
546 575
546 576
546 577
546 578
546 579
546 580
546 581
546 582
546 583
546 584
546 585
546 586
546 587
546 588
546 589
546 590
546 591
546 592
546 593
546 594
546 595
546 596
546 597
546 598
546 599
546 600
546 601
547 501
547 502
547 503
547 504
547 505
547 506
547 507
547 508
547 509
547 510
547 511
547 512
547 513
547 514
547 515
547 516
547 517
547 518
547 519
547 520
547 521
547 522
547 523
547 524
547 525
547 526
547 527
547 528
547 529
547 530
547 531
547 532
547 533
547 534
547 535
547 536
547 537
547 538
547 539
547 540
547 541
547 542
547 543
547 544
547 545
547 546
547 548
547 549
547 550
547 551
547 552
547 553
547 554
547 555
547 556
547 557
547 558
547 559
547 560
547 561
547 562
547 563
547 564
547 565
547 566
547 567
547 568
547 569
547 570
547 571
547 572
547 573
547 574
547 575
547 576
547 577
547 578
547 579
547 580
547 581
547 582
547 583
547 584
547 585
547 586
547 587
547 588
547 589
547 590
547 591
547 592
547 593
547 594
547 595
547 596
547 597
547 598
547 599
547 600
547 601
548 501
548 502
548 503
548 504
548 505
548 506
548 507
548 508
548 509
548 510
548 511
548 512
548 513
548 514
548 515
548 516
548 517
548 518
548 519
548 520
548 521
548 522
548 523
548 524
548 525
548 526
548 527
548 528
548 529
548 530
548 531
548 532
548 533
548 534
548 535
548 536
548 537
548 538
548 539
548 540
548 541
548 542
548 543
548 544
548 545
548 546
548 547
548 549
548 550
548 551
548 552
548 553
548 554
548 555
548 556
548 557
548 558
548 559
548 560
548 561
548 562
548 563
548 564
548 565
548 566
548 567
548 568
548 569
548 570
548 571
548 572
548 573
548 574
548 575
548 576
548 577
548 578
548 579
548 580
548 581
548 582
548 583
548 584
548 585
548 586
548 587
548 588
548 589
548 590
548 591
548 592
548 593
548 594
548 595
548 596
548 597
548 598
548 599
548 600
548 601
549 501
549 502
549 503
549 504
549 505
549 506
549 507
549 508
549 509
549 510
549 511
549 512
549 513
549 514
549 515
549 516
549 517
549 518
549 519
549 520
549 521
549 522
549 523
549 524
549 525
549 526
549 527
549 528
549 529
549 530
549 531
549 532
549 533
549 534
549 535
549 536
549 537
549 538
549 539
549 540
549 541
549 542
549 543
549 544
549 545
549 546
549 547
549 548
549 550
549 551
549 552
549 553
549 554
549 555
549 556
549 557
549 558
549 559
549 560
549 561
549 562
549 563
549 564
549 565
549 566
549 567
549 568
549 569
549 570
549 571
549 572
549 573
549 574
549 575
549 576
549 577
549 578
549 579
549 580
549 581
549 582
549 583
549 584
549 585
549 586
549 587
549 588
549 589
549 590
549 591
549 592
549 593
549 594
549 595
549 596
549 597
549 598
549 599
549 600
549 601
550 501
550 502
550 503
550 504
550 505
550 506
550 507
550 508
550 509
550 510
550 511
550 512
550 513
550 514
550 515
550 516
550 517
550 518
550 519
550 520
550 521
550 522
550 523
550 524
550 525
550 526
550 527
550 528
550 529
550 530
550 531
550 532
550 533
550 534
550 535
550 536
550 537
550 538
550 539
550 540
550 541
550 542
550 543
550 544
550 545
550 546
550 547
550 548
550 549
550 551
550 552
550 553
550 554
550 555
550 556
550 557
550 558
550 559
550 560
550 561
550 562
550 563
550 564
550 565
550 566
550 567
550 568
550 569
550 570
550 571
550 572
550 573
550 574
550 575
550 576
550 577
550 578
550 579
550 580
550 581
550 582
550 583
550 584
550 585
550 586
550 587
550 588
550 589
550 590
550 591
550 592
550 593
550 594
550 595
550 596
550 597
550 598
550 599
550 600
550 601
551 501
551 502
551 503
551 504
551 505
551 506
551 507
551 508
551 509
551 510
551 511
551 512
551 513
551 514
551 515
551 516
551 517
551 518
551 519
551 520
551 521
551 522
551 523
551 524
551 525
551 526
551 527
551 528
551 529
551 530
551 531
551 532
551 533
551 534
551 535
551 536
551 537
551 538
551 539
551 540
551 541
551 542
551 543
551 544
551 545
551 546
551 547
551 548
551 549
551 550
551 552
551 553
551 554
551 555
551 556
551 557
551 558
551 559
551 560
551 561
551 562
551 563
551 564
551 565
551 566
551 567
551 568
551 569
551 570
551 571
551 572
551 573
551 574
551 575
551 576
551 577
551 578
551 579
551 580
551 581
551 582
551 583
551 584
551 585
551 586
551 587
551 588
551 589
551 590
551 591
551 592
551 593
551 594
551 595
551 596
551 597
551 598
551 599
551 600
551 601
552 501
552 502
552 503
552 504
552 505
552 506
552 507
552 508
552 509
552 510
552 511
552 512
552 513
552 514
552 515
552 516
552 517
552 518
552 519
552 520
552 521
552 522
552 523
552 524
552 525
552 526
552 527
552 528
552 529
552 530
552 531
552 532
552 533
552 534
552 535
552 536
552 537
552 538
552 539
552 540
552 541
552 542
552 543
552 544
552 545
552 546
552 547
552 548
552 549
552 550
552 551
552 553
552 554
552 555
552 556
552 557
552 558
552 559
552 560
552 561
552 562
552 563
552 564
552 565
552 566
552 567
552 568
552 569
552 570
552 571
552 572
552 573
552 574
552 575
552 576
552 577
552 578
552 579
552 580
552 581
552 582
552 583
552 584
552 585
552 586
552 587
552 588
552 589
552 590
552 591
552 592
552 593
552 594
552 595
552 596
552 597
552 598
552 599
552 600
552 601
553 501
553 502
553 503
553 504
553 505
553 506
553 507
553 508
553 509
553 510
553 511
553 512
553 513
553 514
553 515
553 516
553 517
553 518
553 519
553 520
553 521
553 522
553 523
553 524
553 525
553 526
553 527
553 528
553 529
553 530
553 531
553 532
553 533
553 534
553 535
553 536
553 537
553 538
553 539
553 540
553 541
553 542
553 543
553 544
553 545
553 546
553 547
553 548
553 549
553 550
553 551
553 552
553 554
553 555
553 556
553 557
553 558
553 559
553 560
553 561
553 562
553 563
553 564
553 565
553 566
553 567
553 568
553 569
553 570
553 571
553 572
553 573
553 574
553 575
553 576
553 577
553 578
553 579
553 580
553 581
553 582
553 583
553 584
553 585
553 586
553 587
553 588
553 589
553 590
553 591
553 592
553 593
553 594
553 595
553 596
553 597
553 598
553 599
553 600
553 601
554 501
554 502
554 503
554 504
554 505
554 506
554 507
554 508
554 509
554 510
554 511
554 512
554 513
554 514
554 515
554 516
554 517
554 518
554 519
554 520
554 521
554 522
554 523
554 524
554 525
554 526
554 527
554 528
554 529
554 530
554 531
554 532
554 533
554 534
554 535
554 536
554 537
554 538
554 539
554 540
554 541
554 542
554 543
554 544
554 545
554 546
554 547
554 548
554 549
554 550
554 551
554 552
554 553
554 555
554 556
554 557
554 558
554 559
554 560
554 561
554 562
554 563
554 564
554 565
554 566
554 567
554 568
554 569
554 570
554 571
554 572
554 573
554 574
554 575
554 576
554 577
554 578
554 579
554 580
554 581
554 582
554 583
554 584
554 585
554 586
554 587
554 588
554 589
554 590
554 591
554 592
554 593
554 594
554 595
554 596
554 597
554 598
554 599
554 600
554 601
555 501
555 502
555 503
555 504
555 505
555 506
555 507
555 508
555 509
555 510
555 511
555 512
555 513
555 514
555 515
555 516
555 517
555 518
555 519
555 520
555 521
555 522
555 523
555 524
555 525
555 526
555 527
555 528
555 529
555 530
555 531
555 532
555 533
555 534
555 535
555 536
555 537
555 538
555 539
555 540
555 541
555 542
555 543
555 544
555 545
555 546
555 547
555 548
555 549
555 550
555 551
555 552
555 553
555 554
555 556
555 557
555 558
555 559
555 560
555 561
555 562
555 563
555 564
555 565
555 566
555 567
555 568
555 569
555 570
555 571
555 572
555 573
555 574
555 575
555 576
555 577
555 578
555 579
555 580
555 581
555 582
555 583
555 584
555 585
555 586
555 587
555 588
555 589
555 590
555 591
555 592
555 593
555 594
555 595
555 596
555 597
555 598
555 599
555 600
555 601
556 501
556 502
556 503
556 504
556 505
556 506
556 507
556 508
556 509
556 510
556 511
556 512
556 513
556 514
556 515
556 516
556 517
556 518
556 519
556 520
556 521
556 522
556 523
556 524
556 525
556 526
556 527
556 528
556 529
556 530
556 531
556 532
556 533
556 534
556 535
556 536
556 537
556 538
556 539
556 540
556 541
556 542
556 543
556 544
556 545
556 546
556 547
556 548
556 549
556 550
556 551
556 552
556 553
556 554
556 555
556 557
556 558
556 559
556 560
556 561
556 562
556 563
556 564
556 565
556 566
556 567
556 568
556 569
556 570
556 571
556 572
556 573
556 574
556 575
556 576
556 577
556 578
556 579
556 580
556 581
556 582
556 583
556 584
556 585
556 586
556 587
556 588
556 589
556 590
556 591
556 592
556 593
556 594
556 595
556 596
556 597
556 598
556 599
556 600
556 601
557 501
557 502
557 503
557 504
557 505
557 506
557 507
557 508
557 509
557 510
557 511
557 512
557 513
557 514
557 515
557 516
557 517
557 518
557 519
557 520
557 521
557 522
557 523
557 524
557 525
557 526
557 527
557 528
557 529
557 530
557 531
557 532
557 533
557 534
557 535
557 536
557 537
557 538
557 539
557 540
557 541
557 542
557 543
557 544
557 545
557 546
557 547
557 548
557 549
557 550
557 551
557 552
557 553
557 554
557 555
557 556
557 558
557 559
557 560
557 561
557 562
557 563
557 564
557 565
557 566
557 567
557 568
557 569
557 570
557 571
557 572
557 573
557 574
557 575
557 576
557 577
557 578
557 579
557 580
557 581
557 582
557 583
557 584
557 585
557 586
557 587
557 588
557 589
557 590
557 591
557 592
557 593
557 594
557 595
557 596
557 597
557 598
557 599
557 600
557 601
558 501
558 502
558 503
558 504
558 505
558 506
558 507
558 508
558 509
558 510
558 511
558 512
558 513
558 514
558 515
558 516
558 517
558 518
558 519
558 520
558 521
558 522
558 523
558 524
558 525
558 526
558 527
558 528
558 529
558 530
558 531
558 532
558 533
558 534
558 535
558 536
558 537
558 538
558 539
558 540
558 541
558 542
558 543
558 544
558 545
558 546
558 547
558 548
558 549
558 550
558 551
558 552
558 553
558 554
558 555
558 556
558 557
558 559
558 560
558 561
558 562
558 563
558 564
558 565
558 566
558 567
558 568
558 569
558 570
558 571
558 572
558 573
558 574
558 575
558 576
558 577
558 578
558 579
558 580
558 581
558 582
558 583
558 584
558 585
558 586
558 587
558 588
558 589
558 590
558 591
558 592
558 593
558 594
558 595
558 596
558 597
558 598
558 599
558 600
558 601
559 501
559 502
559 503
559 504
559 505
559 506
559 507
559 508
559 509
559 510
559 511
559 512
559 513
559 514
559 515
559 516
559 517
559 518
559 519
559 520
559 521
559 522
559 523
559 524
559 525
559 526
559 527
559 528
559 529
559 530
559 531
559 532
559 533
559 534
559 535
559 536
559 537
559 538
559 539
559 540
559 541
559 542
559 543
559 544
559 545
559 546
559 547
559 548
559 549
559 550
559 551
559 552
559 553
559 554
559 555
559 556
559 557
559 558
559 560
559 561
559 562
559 563
559 564
559 565
559 566
559 567
559 568
559 569
559 570
559 571
559 572
559 573
559 574
559 575
559 576
559 577
559 578
559 579
559 580
559 581
559 582
559 583
559 584
559 585
559 586
559 587
559 588
559 589
559 590
559 591
559 592
559 593
559 594
559 595
559 596
559 597
559 598
559 599
559 600
559 601
560 501
560 502
560 503
560 504
560 505
560 506
560 507
560 508
560 509
560 510
560 511
560 512
560 513
560 514
560 515
560 516
560 517
560 518
560 519
560 520
560 521
560 522
560 523
560 524
560 525
560 526
560 527
560 528
560 529
560 530
560 531
560 532
560 533
560 534
560 535
560 536
560 537
560 538
560 539
560 540
560 541
560 542
560 543
560 544
560 545
560 546
560 547
560 548
560 549
560 550
560 551
560 552
560 553
560 554
560 555
560 556
560 557
560 558
560 559
560 561
560 562
560 563
560 564
560 565
560 566
560 567
560 568
560 569
560 570
560 571
560 572
560 573
560 574
560 575
560 576
560 577
560 578
560 579
560 580
560 581
560 582
560 583
560 584
560 585
560 586
560 587
560 588
560 589
560 590
560 591
560 592
560 593
560 594
560 595
560 596
560 597
560 598
560 599
560 600
560 601
561 501
561 502
561 503
561 504
561 505
561 506
561 507
561 508
561 509
561 510
561 511
561 512
561 513
561 514
561 515
561 516
561 517
561 518
561 519
561 520
561 521
561 522
561 523
561 524
561 525
561 526
561 527
561 528
561 529
561 530
561 531
561 532
561 533
561 534
561 535
561 536
561 537
561 538
561 539
561 540
561 541
561 542
561 543
561 544
561 545
561 546
561 547
561 548
561 549
561 550
561 551
561 552
561 553
561 554
561 555
561 556
561 557
561 558
561 559
561 560
561 562
561 563
561 564
561 565
561 566
561 567
561 568
561 569
561 570
561 571
561 572
561 573
561 574
561 575
561 576
561 577
561 578
561 579
561 580
561 581
561 582
561 583
561 584
561 585
561 586
561 587
561 588
561 589
561 590
561 591
561 592
561 593
561 594
561 595
561 596
561 597
561 598
561 599
561 600
561 601
562 501
562 502
562 503
562 504
562 505
562 506
562 507
562 508
562 509
562 510
562 511
562 512
562 513
562 514
562 515
562 516
562 517
562 518
562 519
562 520
562 521
562 522
562 523
562 524
562 525
562 526
562 527
562 528
562 529
562 530
562 531
562 532
562 533
562 534
562 535
562 536
562 537
562 538
562 539
562 540
562 541
562 542
562 543
562 544
562 545
562 546
562 547
562 548
562 549
562 550
562 551
562 552
562 553
562 554
562 555
562 556
562 557
562 558
562 559
562 560
562 561
562 563
562 564
562 565
562 566
562 567
562 568
562 569
562 570
562 571
562 572
562 573
562 574
562 575
562 576
562 577
562 578
562 579
562 580
562 581
562 582
562 583
562 584
562 585
562 586
562 587
562 588
562 589
562 590
562 591
562 592
562 593
562 594
562 595
562 596
562 597
562 598
562 599
562 600
562 601
563 501
563 502
563 503
563 504
563 505
563 506
563 507
563 508
563 509
563 510
563 511
563 512
563 513
563 514
563 515
563 516
563 517
563 518
563 519
563 520
563 521
563 522
563 523
563 524
563 525
563 526
563 527
563 528
563 529
563 530
563 531
563 532
563 533
563 534
563 535
563 536
563 537
563 538
563 539
563 540
563 541
563 542
563 543
563 544
563 545
563 546
563 547
563 548
563 549
563 550
563 551
563 552
563 553
563 554
563 555
563 556
563 557
563 558
563 559
563 560
563 561
563 562
563 564
563 565
563 566
563 567
563 568
563 569
563 570
563 571
563 572
563 573
563 574
563 575
563 576
563 577
563 578
563 579
563 580
563 581
563 582
563 583
563 584
563 585
563 586
563 587
563 588
563 589
563 590
563 591
563 592
563 593
563 594
563 595
563 596
563 597
563 598
563 599
563 600
563 601
564 501
564 502
564 503
564 504
564 505
564 506
564 507
564 508
564 509
564 510
564 511
564 512
564 513
564 514
564 515
564 516
564 517
564 518
564 519
564 520
564 521
564 522
564 523
564 524
564 525
564 526
564 527
564 528
564 529
564 530
564 531
564 532
564 533
564 534
564 535
564 536
564 537
564 538
564 539
564 540
564 541
564 542
564 543
564 544
564 545
564 546
564 547
564 548
564 549
564 550
564 551
564 552
564 553
564 554
564 555
564 556
564 557
564 558
564 559
564 560
564 561
564 562
564 563
564 565
564 566
564 567
564 568
564 569
564 570
564 571
564 572
564 573
564 574
564 575
564 576
564 577
564 578
564 579
564 580
564 581
564 582
564 583
564 584
564 585
564 586
564 587
564 588
564 589
564 590
564 591
564 592
564 593
564 594
564 595
564 596
564 597
564 598
564 599
564 600
564 601
565 501
565 502
565 503
565 504
565 505
565 506
565 507
565 508
565 509
565 510
565 511
565 512
565 513
565 514
565 515
565 516
565 517
565 518
565 519
565 520
565 521
565 522
565 523
565 524
565 525
565 526
565 527
565 528
565 529
565 530
565 531
565 532
565 533
565 534
565 535
565 536
565 537
565 538
565 539
565 540
565 541
565 542
565 543
565 544
565 545
565 546
565 547
565 548
565 549
565 550
565 551
565 552
565 553
565 554
565 555
565 556
565 557
565 558
565 559
565 560
565 561
565 562
565 563
565 564
565 566
565 567
565 568
565 569
565 570
565 571
565 572
565 573
565 574
565 575
565 576
565 577
565 578
565 579
565 580
565 581
565 582
565 583
565 584
565 585
565 586
565 587
565 588
565 589
565 590
565 591
565 592
565 593
565 594
565 595
565 596
565 597
565 598
565 599
565 600
565 601
566 501
566 502
566 503
566 504
566 505
566 506
566 507
566 508
566 509
566 510
566 511
566 512
566 513
566 514
566 515
566 516
566 517
566 518
566 519
566 520
566 521
566 522
566 523
566 524
566 525
566 526
566 527
566 528
566 529
566 530
566 531
566 532
566 533
566 534
566 535
566 536
566 537
566 538
566 539
566 540
566 541
566 542
566 543
566 544
566 545
566 546
566 547
566 548
566 549
566 550
566 551
566 552
566 553
566 554
566 555
566 556
566 557
566 558
566 559
566 560
566 561
566 562
566 563
566 564
566 565
566 567
566 568
566 569
566 570
566 571
566 572
566 573
566 574
566 575
566 576
566 577
566 578
566 579
566 580
566 581
566 582
566 583
566 584
566 585
566 586
566 587
566 588
566 589
566 590
566 591
566 592
566 593
566 594
566 595
566 596
566 597
566 598
566 599
566 600
566 601
567 501
567 502
567 503
567 504
567 505
567 506
567 507
567 508
567 509
567 510
567 511
567 512
567 513
567 514
567 515
567 516
567 517
567 518
567 519
567 520
567 521
567 522
567 523
567 524
567 525
567 526
567 527
567 528
567 529
567 530
567 531
567 532
567 533
567 534
567 535
567 536
567 537
567 538
567 539
567 540
567 541
567 542
567 543
567 544
567 545
567 546
567 547
567 548
567 549
567 550
567 551
567 552
567 553
567 554
567 555
567 556
567 557
567 558
567 559
567 560
567 561
567 562
567 563
567 564
567 565
567 566
567 568
567 569
567 570
567 571
567 572
567 573
567 574
567 575
567 576
567 577
567 578
567 579
567 580
567 581
567 582
567 583
567 584
567 585
567 586
567 587
567 588
567 589
567 590
567 591
567 592
567 593
567 594
567 595
567 596
567 597
567 598
567 599
567 600
567 601
568 501
568 502
568 503
568 504
568 505
568 506
568 507
568 508
568 509
568 510
568 511
568 512
568 513
568 514
568 515
568 516
568 517
568 518
568 519
568 520
568 521
568 522
568 523
568 524
568 525
568 526
568 527
568 528
568 529
568 530
568 531
568 532
568 533
568 534
568 535
568 536
568 537
568 538
568 539
568 540
568 541
568 542
568 543
568 544
568 545
568 546
568 547
568 548
568 549
568 550
568 551
568 552
568 553
568 554
568 555
568 556
568 557
568 558
568 559
568 560
568 561
568 562
568 563
568 564
568 565
568 566
568 567
568 569
568 570
568 571
568 572
568 573
568 574
568 575
568 576
568 577
568 578
568 579
568 580
568 581
568 582
568 583
568 584
568 585
568 586
568 587
568 588
568 589
568 590
568 591
568 592
568 593
568 594
568 595
568 596
568 597
568 598
568 599
568 600
568 601
569 501
569 502
569 503
569 504
569 505
569 506
569 507
569 508
569 509
569 510
569 511
569 512
569 513
569 514
569 515
569 516
569 517
569 518
569 519
569 520
569 521
569 522
569 523
569 524
569 525
569 526
569 527
569 528
569 529
569 530
569 531
569 532
569 533
569 534
569 535
569 536
569 537
569 538
569 539
569 540
569 541
569 542
569 543
569 544
569 545
569 546
569 547
569 548
569 549
569 550
569 551
569 552
569 553
569 554
569 555
569 556
569 557
569 558
569 559
569 560
569 561
569 562
569 563
569 564
569 565
569 566
569 567
569 568
569 570
569 571
569 572
569 573
569 574
569 575
569 576
569 577
569 578
569 579
569 580
569 581
569 582
569 583
569 584
569 585
569 586
569 587
569 588
569 589
569 590
569 591
569 592
569 593
569 594
569 595
569 596
569 597
569 598
569 599
569 600
569 601
570 501
570 502
570 503
570 504
570 505
570 506
570 507
570 508
570 509
570 510
570 511
570 512
570 513
570 514
570 515
570 516
570 517
570 518
570 519
570 520
570 521
570 522
570 523
570 524
570 525
570 526
570 527
570 528
570 529
570 530
570 531
570 532
570 533
570 534
570 535
570 536
570 537
570 538
570 539
570 540
570 541
570 542
570 543
570 544
570 545
570 546
570 547
570 548
570 549
570 550
570 551
570 552
570 553
570 554
570 555
570 556
570 557
570 558
570 559
570 560
570 561
570 562
570 563
570 564
570 565
570 566
570 567
570 568
570 569
570 571
570 572
570 573
570 574
570 575
570 576
570 577
570 578
570 579
570 580
570 581
570 582
570 583
570 584
570 585
570 586
570 587
570 588
570 589
570 590
570 591
570 592
570 593
570 594
570 595
570 596
570 597
570 598
570 599
570 600
570 601
571 501
571 502
571 503
571 504
571 505
571 506
571 507
571 508
571 509
571 510
571 511
571 512
571 513
571 514
571 515
571 516
571 517
571 518
571 519
571 520
571 521
571 522
571 523
571 524
571 525
571 526
571 527
571 528
571 529
571 530
571 531
571 532
571 533
571 534
571 535
571 536
571 537
571 538
571 539
571 540
571 541
571 542
571 543
571 544
571 545
571 546
571 547
571 548
571 549
571 550
571 551
571 552
571 553
571 554
571 555
571 556
571 557
571 558
571 559
571 560
571 561
571 562
571 563
571 564
571 565
571 566
571 567
571 568
571 569
571 570
571 572
571 573
571 574
571 575
571 576
571 577
571 578
571 579
571 580
571 581
571 582
571 583
571 584
571 585
571 586
571 587
571 588
571 589
571 590
571 591
571 592
571 593
571 594
571 595
571 596
571 597
571 598
571 599
571 600
571 601
572 501
572 502
572 503
572 504
572 505
572 506
572 507
572 508
572 509
572 510
572 511
572 512
572 513
572 514
572 515
572 516
572 517
572 518
572 519
572 520
572 521
572 522
572 523
572 524
572 525
572 526
572 527
572 528
572 529
572 530
572 531
572 532
572 533
572 534
572 535
572 536
572 537
572 538
572 539
572 540
572 541
572 542
572 543
572 544
572 545
572 546
572 547
572 548
572 549
572 550
572 551
572 552
572 553
572 554
572 555
572 556
572 557
572 558
572 559
572 560
572 561
572 562
572 563
572 564
572 565
572 566
572 567
572 568
572 569
572 570
572 571
572 573
572 574
572 575
572 576
572 577
572 578
572 579
572 580
572 581
572 582
572 583
572 584
572 585
572 586
572 587
572 588
572 589
572 590
572 591
572 592
572 593
572 594
572 595
572 596
572 597
572 598
572 599
572 600
572 601
573 501
573 502
573 503
573 504
573 505
573 506
573 507
573 508
573 509
573 510
573 511
573 512
573 513
573 514
573 515
573 516
573 517
573 518
573 519
573 520
573 521
573 522
573 523
573 524
573 525
573 526
573 527
573 528
573 529
573 530
573 531
573 532
573 533
573 534
573 535
573 536
573 537
573 538
573 539
573 540
573 541
573 542
573 543
573 544
573 545
573 546
573 547
573 548
573 549
573 550
573 551
573 552
573 553
573 554
573 555
573 556
573 557
573 558
573 559
573 560
573 561
573 562
573 563
573 564
573 565
573 566
573 567
573 568
573 569
573 570
573 571
573 572
573 574
573 575
573 576
573 577
573 578
573 579
573 580
573 581
573 582
573 583
573 584
573 585
573 586
573 587
573 588
573 589
573 590
573 591
573 592
573 593
573 594
573 595
573 596
573 597
573 598
573 599
573 600
573 601
574 501
574 502
574 503
574 504
574 505
574 506
574 507
574 508
574 509
574 510
574 511
574 512
574 513
574 514
574 515
574 516
574 517
574 518
574 519
574 520
574 521
574 522
574 523
574 524
574 525
574 526
574 527
574 528
574 529
574 530
574 531
574 532
574 533
574 534
574 535
574 536
574 537
574 538
574 539
574 540
574 541
574 542
574 543
574 544
574 545
574 546
574 547
574 548
574 549
574 550
574 551
574 552
574 553
574 554
574 555
574 556
574 557
574 558
574 559
574 560
574 561
574 562
574 563
574 564
574 565
574 566
574 567
574 568
574 569
574 570
574 571
574 572
574 573
574 575
574 576
574 577
574 578
574 579
574 580
574 581
574 582
574 583
574 584
574 585
574 586
574 587
574 588
574 589
574 590
574 591
574 592
574 593
574 594
574 595
574 596
574 597
574 598
574 599
574 600
574 601
575 501
575 502
575 503
575 504
575 505
575 506
575 507
575 508
575 509
575 510
575 511
575 512
575 513
575 514
575 515
575 516
575 517
575 518
575 519
575 520
575 521
575 522
575 523
575 524
575 525
575 526
575 527
575 528
575 529
575 530
575 531
575 532
575 533
575 534
575 535
575 536
575 537
575 538
575 539
575 540
575 541
575 542
575 543
575 544
575 545
575 546
575 547
575 548
575 549
575 550
575 551
575 552
575 553
575 554
575 555
575 556
575 557
575 558
575 559
575 560
575 561
575 562
575 563
575 564
575 565
575 566
575 567
575 568
575 569
575 570
575 571
575 572
575 573
575 574
575 576
575 577
575 578
575 579
575 580
575 581
575 582
575 583
575 584
575 585
575 586
575 587
575 588
575 589
575 590
575 591
575 592
575 593
575 594
575 595
575 596
575 597
575 598
575 599
575 600
575 601
576 501
576 502
576 503
576 504
576 505
576 506
576 507
576 508
576 509
576 510
576 511
576 512
576 513
576 514
576 515
576 516
576 517
576 518
576 519
576 520
576 521
576 522
576 523
576 524
576 525
576 526
576 527
576 528
576 529
576 530
576 531
576 532
576 533
576 534
576 535
576 536
576 537
576 538
576 539
576 540
576 541
576 542
576 543
576 544
576 545
576 546
576 547
576 548
576 549
576 550
576 551
576 552
576 553
576 554
576 555
576 556
576 557
576 558
576 559
576 560
576 561
576 562
576 563
576 564
576 565
576 566
576 567
576 568
576 569
576 570
576 571
576 572
576 573
576 574
576 575
576 577
576 578
576 579
576 580
576 581
576 582
576 583
576 584
576 585
576 586
576 587
576 588
576 589
576 590
576 591
576 592
576 593
576 594
576 595
576 596
576 597
576 598
576 599
576 600
576 601
577 501
577 502
577 503
577 504
577 505
577 506
577 507
577 508
577 509
577 510
577 511
577 512
577 513
577 514
577 515
577 516
577 517
577 518
577 519
577 520
577 521
577 522
577 523
577 524
577 525
577 526
577 527
577 528
577 529
577 530
577 531
577 532
577 533
577 534
577 535
577 536
577 537
577 538
577 539
577 540
577 541
577 542
577 543
577 544
577 545
577 546
577 547
577 548
577 549
577 550
577 551
577 552
577 553
577 554
577 555
577 556
577 557
577 558
577 559
577 560
577 561
577 562
577 563
577 564
577 565
577 566
577 567
577 568
577 569
577 570
577 571
577 572
577 573
577 574
577 575
577 576
577 578
577 579
577 580
577 581
577 582
577 583
577 584
577 585
577 586
577 587
577 588
577 589
577 590
577 591
577 592
577 593
577 594
577 595
577 596
577 597
577 598
577 599
577 600
577 601
578 501
578 502
578 503
578 504
578 505
578 506
578 507
578 508
578 509
578 510
578 511
578 512
578 513
578 514
578 515
578 516
578 517
578 518
578 519
578 520
578 521
578 522
578 523
578 524
578 525
578 526
578 527
578 528
578 529
578 530
578 531
578 532
578 533
578 534
578 535
578 536
578 537
578 538
578 539
578 540
578 541
578 542
578 543
578 544
578 545
578 546
578 547
578 548
578 549
578 550
578 551
578 552
578 553
578 554
578 555
578 556
578 557
578 558
578 559
578 560
578 561
578 562
578 563
578 564
578 565
578 566
578 567
578 568
578 569
578 570
578 571
578 572
578 573
578 574
578 575
578 576
578 577
578 579
578 580
578 581
578 582
578 583
578 584
578 585
578 586
578 587
578 588
578 589
578 590
578 591
578 592
578 593
578 594
578 595
578 596
578 597
578 598
578 599
578 600
578 601
579 501
579 502
579 503
579 504
579 505
579 506
579 507
579 508
579 509
579 510
579 511
579 512
579 513
579 514
579 515
579 516
579 517
579 518
579 519
579 520
579 521
579 522
579 523
579 524
579 525
579 526
579 527
579 528
579 529
579 530
579 531
579 532
579 533
579 534
579 535
579 536
579 537
579 538
579 539
579 540
579 541
579 542
579 543
579 544
579 545
579 546
579 547
579 548
579 549
579 550
579 551
579 552
579 553
579 554
579 555
579 556
579 557
579 558
579 559
579 560
579 561
579 562
579 563
579 564
579 565
579 566
579 567
579 568
579 569
579 570
579 571
579 572
579 573
579 574
579 575
579 576
579 577
579 578
579 580
579 581
579 582
579 583
579 584
579 585
579 586
579 587
579 588
579 589
579 590
579 591
579 592
579 593
579 594
579 595
579 596
579 597
579 598
579 599
579 600
579 601
580 501
580 502
580 503
580 504
580 505
580 506
580 507
580 508
580 509
580 510
580 511
580 512
580 513
580 514
580 515
580 516
580 517
580 518
580 519
580 520
580 521
580 522
580 523
580 524
580 525
580 526
580 527
580 528
580 529
580 530
580 531
580 532
580 533
580 534
580 535
580 536
580 537
580 538
580 539
580 540
580 541
580 542
580 543
580 544
580 545
580 546
580 547
580 548
580 549
580 550
580 551
580 552
580 553
580 554
580 555
580 556
580 557
580 558
580 559
580 560
580 561
580 562
580 563
580 564
580 565
580 566
580 567
580 568
580 569
580 570
580 571
580 572
580 573
580 574
580 575
580 576
580 577
580 578
580 579
580 581
580 582
580 583
580 584
580 585
580 586
580 587
580 588
580 589
580 590
580 591
580 592
580 593
580 594
580 595
580 596
580 597
580 598
580 599
580 600
580 601
581 501
581 502
581 503
581 504
581 505
581 506
581 507
581 508
581 509
581 510
581 511
581 512
581 513
581 514
581 515
581 516
581 517
581 518
581 519
581 520
581 521
581 522
581 523
581 524
581 525
581 526
581 527
581 528
581 529
581 530
581 531
581 532
581 533
581 534
581 535
581 536
581 537
581 538
581 539
581 540
581 541
581 542
581 543
581 544
581 545
581 546
581 547
581 548
581 549
581 550
581 551
581 552
581 553
581 554
581 555
581 556
581 557
581 558
581 559
581 560
581 561
581 562
581 563
581 564
581 565
581 566
581 567
581 568
581 569
581 570
581 571
581 572
581 573
581 574
581 575
581 576
581 577
581 578
581 579
581 580
581 582
581 583
581 584
581 585
581 586
581 587
581 588
581 589
581 590
581 591
581 592
581 593
581 594
581 595
581 596
581 597
581 598
581 599
581 600
581 601
582 501
582 502
582 503
582 504
582 505
582 506
582 507
582 508
582 509
582 510
582 511
582 512
582 513
582 514
582 515
582 516
582 517
582 518
582 519
582 520
582 521
582 522
582 523
582 524
582 525
582 526
582 527
582 528
582 529
582 530
582 531
582 532
582 533
582 534
582 535
582 536
582 537
582 538
582 539
582 540
582 541
582 542
582 543
582 544
582 545
582 546
582 547
582 548
582 549
582 550
582 551
582 552
582 553
582 554
582 555
582 556
582 557
582 558
582 559
582 560
582 561
582 562
582 563
582 564
582 565
582 566
582 567
582 568
582 569
582 570
582 571
582 572
582 573
582 574
582 575
582 576
582 577
582 578
582 579
582 580
582 581
582 583
582 584
582 585
582 586
582 587
582 588
582 589
582 590
582 591
582 592
582 593
582 594
582 595
582 596
582 597
582 598
582 599
582 600
582 601
583 501
583 502
583 503
583 504
583 505
583 506
583 507
583 508
583 509
583 510
583 511
583 512
583 513
583 514
583 515
583 516
583 517
583 518
583 519
583 520
583 521
583 522
583 523
583 524
583 525
583 526
583 527
583 528
583 529
583 530
583 531
583 532
583 533
583 534
583 535
583 536
583 537
583 538
583 539
583 540
583 541
583 542
583 543
583 544
583 545
583 546
583 547
583 548
583 549
583 550
583 551
583 552
583 553
583 554
583 555
583 556
583 557
583 558
583 559
583 560
583 561
583 562
583 563
583 564
583 565
583 566
583 567
583 568
583 569
583 570
583 571
583 572
583 573
583 574
583 575
583 576
583 577
583 578
583 579
583 580
583 581
583 582
583 584
583 585
583 586
583 587
583 588
583 589
583 590
583 591
583 592
583 593
583 594
583 595
583 596
583 597
583 598
583 599
583 600
583 601
584 501
584 502
584 503
584 504
584 505
584 506
584 507
584 508
584 509
584 510
584 511
584 512
584 513
584 514
584 515
584 516
584 517
584 518
584 519
584 520
584 521
584 522
584 523
584 524
584 525
584 526
584 527
584 528
584 529
584 530
584 531
584 532
584 533
584 534
584 535
584 536
584 537
584 538
584 539
584 540
584 541
584 542
584 543
584 544
584 545
584 546
584 547
584 548
584 549
584 550
584 551
584 552
584 553
584 554
584 555
584 556
584 557
584 558
584 559
584 560
584 561
584 562
584 563
584 564
584 565
584 566
584 567
584 568
584 569
584 570
584 571
584 572
584 573
584 574
584 575
584 576
584 577
584 578
584 579
584 580
584 581
584 582
584 583
584 585
584 586
584 587
584 588
584 589
584 590
584 591
584 592
584 593
584 594
584 595
584 596
584 597
584 598
584 599
584 600
584 601
585 501
585 502
585 503
585 504
585 505
585 506
585 507
585 508
585 509
585 510
585 511
585 512
585 513
585 514
585 515
585 516
585 517
585 518
585 519
585 520
585 521
585 522
585 523
585 524
585 525
585 526
585 527
585 528
585 529
585 530
585 531
585 532
585 533
585 534
585 535
585 536
585 537
585 538
585 539
585 540
585 541
585 542
585 543
585 544
585 545
585 546
585 547
585 548
585 549
585 550
585 551
585 552
585 553
585 554
585 555
585 556
585 557
585 558
585 559
585 560
585 561
585 562
585 563
585 564
585 565
585 566
585 567
585 568
585 569
585 570
585 571
585 572
585 573
585 574
585 575
585 576
585 577
585 578
585 579
585 580
585 581
585 582
585 583
585 584
585 586
585 587
585 588
585 589
585 590
585 591
585 592
585 593
585 594
585 595
585 596
585 597
585 598
585 599
585 600
585 601
586 501
586 502
586 503
586 504
586 505
586 506
586 507
586 508
586 509
586 510
586 511
586 512
586 513
586 514
586 515
586 516
586 517
586 518
586 519
586 520
586 521
586 522
586 523
586 524
586 525
586 526
586 527
586 528
586 529
586 530
586 531
586 532
586 533
586 534
586 535
586 536
586 537
586 538
586 539
586 540
586 541
586 542
586 543
586 544
586 545
586 546
586 547
586 548
586 549
586 550
586 551
586 552
586 553
586 554
586 555
586 556
586 557
586 558
586 559
586 560
586 561
586 562
586 563
586 564
586 565
586 566
586 567
586 568
586 569
586 570
586 571
586 572
586 573
586 574
586 575
586 576
586 577
586 578
586 579
586 580
586 581
586 582
586 583
586 584
586 585
586 587
586 588
586 589
586 590
586 591
586 592
586 593
586 594
586 595
586 596
586 597
586 598
586 599
586 600
586 601
587 501
587 502
587 503
587 504
587 505
587 506
587 507
587 508
587 509
587 510
587 511
587 512
587 513
587 514
587 515
587 516
587 517
587 518
587 519
587 520
587 521
587 522
587 523
587 524
587 525
587 526
587 527
587 528
587 529
587 530
587 531
587 532
587 533
587 534
587 535
587 536
587 537
587 538
587 539
587 540
587 541
587 542
587 543
587 544
587 545
587 546
587 547
587 548
587 549
587 550
587 551
587 552
587 553
587 554
587 555
587 556
587 557
587 558
587 559
587 560
587 561
587 562
587 563
587 564
587 565
587 566
587 567
587 568
587 569
587 570
587 571
587 572
587 573
587 574
587 575
587 576
587 577
587 578
587 579
587 580
587 581
587 582
587 583
587 584
587 585
587 586
587 588
587 589
587 590
587 591
587 592
587 593
587 594
587 595
587 596
587 597
587 598
587 599
587 600
587 601
588 501
588 502
588 503
588 504
588 505
588 506
588 507
588 508
588 509
588 510
588 511
588 512
588 513
588 514
588 515
588 516
588 517
588 518
588 519
588 520
588 521
588 522
588 523
588 524
588 525
588 526
588 527
588 528
588 529
588 530
588 531
588 532
588 533
588 534
588 535
588 536
588 537
588 538
588 539
588 540
588 541
588 542
588 543
588 544
588 545
588 546
588 547
588 548
588 549
588 550
588 551
588 552
588 553
588 554
588 555
588 556
588 557
588 558
588 559
588 560
588 561
588 562
588 563
588 564
588 565
588 566
588 567
588 568
588 569
588 570
588 571
588 572
588 573
588 574
588 575
588 576
588 577
588 578
588 579
588 580
588 581
588 582
588 583
588 584
588 585
588 586
588 587
588 589
588 590
588 591
588 592
588 593
588 594
588 595
588 596
588 597
588 598
588 599
588 600
588 601
589 501
589 502
589 503
589 504
589 505
589 506
589 507
589 508
589 509
589 510
589 511
589 512
589 513
589 514
589 515
589 516
589 517
589 518
589 519
589 520
589 521
589 522
589 523
589 524
589 525
589 526
589 527
589 528
589 529
589 530
589 531
589 532
589 533
589 534
589 535
589 536
589 537
589 538
589 539
589 540
589 541
589 542
589 543
589 544
589 545
589 546
589 547
589 548
589 549
589 550
589 551
589 552
589 553
589 554
589 555
589 556
589 557
589 558
589 559
589 560
589 561
589 562
589 563
589 564
589 565
589 566
589 567
589 568
589 569
589 570
589 571
589 572
589 573
589 574
589 575
589 576
589 577
589 578
589 579
589 580
589 581
589 582
589 583
589 584
589 585
589 586
589 587
589 588
589 590
589 591
589 592
589 593
589 594
589 595
589 596
589 597
589 598
589 599
589 600
589 601
590 501
590 502
590 503
590 504
590 505
590 506
590 507
590 508
590 509
590 510
590 511
590 512
590 513
590 514
590 515
590 516
590 517
590 518
590 519
590 520
590 521
590 522
590 523
590 524
590 525
590 526
590 527
590 528
590 529
590 530
590 531
590 532
590 533
590 534
590 535
590 536
590 537
590 538
590 539
590 540
590 541
590 542
590 543
590 544
590 545
590 546
590 547
590 548
590 549
590 550
590 551
590 552
590 553
590 554
590 555
590 556
590 557
590 558
590 559
590 560
590 561
590 562
590 563
590 564
590 565
590 566
590 567
590 568
590 569
590 570
590 571
590 572
590 573
590 574
590 575
590 576
590 577
590 578
590 579
590 580
590 581
590 582
590 583
590 584
590 585
590 586
590 587
590 588
590 589
590 591
590 592
590 593
590 594
590 595
590 596
590 597
590 598
590 599
590 600
590 601
591 501
591 502
591 503
591 504
591 505
591 506
591 507
591 508
591 509
591 510
591 511
591 512
591 513
591 514
591 515
591 516
591 517
591 518
591 519
591 520
591 521
591 522
591 523
591 524
591 525
591 526
591 527
591 528
591 529
591 530
591 531
591 532
591 533
591 534
591 535
591 536
591 537
591 538
591 539
591 540
591 541
591 542
591 543
591 544
591 545
591 546
591 547
591 548
591 549
591 550
591 551
591 552
591 553
591 554
591 555
591 556
591 557
591 558
591 559
591 560
591 561
591 562
591 563
591 564
591 565
591 566
591 567
591 568
591 569
591 570
591 571
591 572
591 573
591 574
591 575
591 576
591 577
591 578
591 579
591 580
591 581
591 582
591 583
591 584
591 585
591 586
591 587
591 588
591 589
591 590
591 592
591 593
591 594
591 595
591 596
591 597
591 598
591 599
591 600
591 601
592 501
592 502
592 503
592 504
592 505
592 506
592 507
592 508
592 509
592 510
592 511
592 512
592 513
592 514
592 515
592 516
592 517
592 518
592 519
592 520
592 521
592 522
592 523
592 524
592 525
592 526
592 527
592 528
592 529
592 530
592 531
592 532
592 533
592 534
592 535
592 536
592 537
592 538
592 539
592 540
592 541
592 542
592 543
592 544
592 545
592 546
592 547
592 548
592 549
592 550
592 551
592 552
592 553
592 554
592 555
592 556
592 557
592 558
592 559
592 560
592 561
592 562
592 563
592 564
592 565
592 566
592 567
592 568
592 569
592 570
592 571
592 572
592 573
592 574
592 575
592 576
592 577
592 578
592 579
592 580
592 581
592 582
592 583
592 584
592 585
592 586
592 587
592 588
592 589
592 590
592 591
592 593
592 594
592 595
592 596
592 597
592 598
592 599
592 600
592 601
593 501
593 502
593 503
593 504
593 505
593 506
593 507
593 508
593 509
593 510
593 511
593 512
593 513
593 514
593 515
593 516
593 517
593 518
593 519
593 520
593 521
593 522
593 523
593 524
593 525
593 526
593 527
593 528
593 529
593 530
593 531
593 532
593 533
593 534
593 535
593 536
593 537
593 538
593 539
593 540
593 541
593 542
593 543
593 544
593 545
593 546
593 547
593 548
593 549
593 550
593 551
593 552
593 553
593 554
593 555
593 556
593 557
593 558
593 559
593 560
593 561
593 562
593 563
593 564
593 565
593 566
593 567
593 568
593 569
593 570
593 571
593 572
593 573
593 574
593 575
593 576
593 577
593 578
593 579
593 580
593 581
593 582
593 583
593 584
593 585
593 586
593 587
593 588
593 589
593 590
593 591
593 592
593 594
593 595
593 596
593 597
593 598
593 599
593 600
593 601
594 501
594 502
594 503
594 504
594 505
594 506
594 507
594 508
594 509
594 510
594 511
594 512
594 513
594 514
594 515
594 516
594 517
594 518
594 519
594 520
594 521
594 522
594 523
594 524
594 525
594 526
594 527
594 528
594 529
594 530
594 531
594 532
594 533
594 534
594 535
594 536
594 537
594 538
594 539
594 540
594 541
594 542
594 543
594 544
594 545
594 546
594 547
594 548
594 549
594 550
594 551
594 552
594 553
594 554
594 555
594 556
594 557
594 558
594 559
594 560
594 561
594 562
594 563
594 564
594 565
594 566
594 567
594 568
594 569
594 570
594 571
594 572
594 573
594 574
594 575
594 576
594 577
594 578
594 579
594 580
594 581
594 582
594 583
594 584
594 585
594 586
594 587
594 588
594 589
594 590
594 591
594 592
594 593
594 595
594 596
594 597
594 598
594 599
594 600
594 601
595 501
595 502
595 503
595 504
595 505
595 506
595 507
595 508
595 509
595 510
595 511
595 512
595 513
595 514
595 515
595 516
595 517
595 518
595 519
595 520
595 521
595 522
595 523
595 524
595 525
595 526
595 527
595 528
595 529
595 530
595 531
595 532
595 533
595 534
595 535
595 536
595 537
595 538
595 539
595 540
595 541
595 542
595 543
595 544
595 545
595 546
595 547
595 548
595 549
595 550
595 551
595 552
595 553
595 554
595 555
595 556
595 557
595 558
595 559
595 560
595 561
595 562
595 563
595 564
595 565
595 566
595 567
595 568
595 569
595 570
595 571
595 572
595 573
595 574
595 575
595 576
595 577
595 578
595 579
595 580
595 581
595 582
595 583
595 584
595 585
595 586
595 587
595 588
595 589
595 590
595 591
595 592
595 593
595 594
595 596
595 597
595 598
595 599
595 600
595 601
596 501
596 502
596 503
596 504
596 505
596 506
596 507
596 508
596 509
596 510
596 511
596 512
596 513
596 514
596 515
596 516
596 517
596 518
596 519
596 520
596 521
596 522
596 523
596 524
596 525
596 526
596 527
596 528
596 529
596 530
596 531
596 532
596 533
596 534
596 535
596 536
596 537
596 538
596 539
596 540
596 541
596 542
596 543
596 544
596 545
596 546
596 547
596 548
596 549
596 550
596 551
596 552
596 553
596 554
596 555
596 556
596 557
596 558
596 559
596 560
596 561
596 562
596 563
596 564
596 565
596 566
596 567
596 568
596 569
596 570
596 571
596 572
596 573
596 574
596 575
596 576
596 577
596 578
596 579
596 580
596 581
596 582
596 583
596 584
596 585
596 586
596 587
596 588
596 589
596 590
596 591
596 592
596 593
596 594
596 595
596 597
596 598
596 599
596 600
596 601
597 501
597 502
597 503
597 504
597 505
597 506
597 507
597 508
597 509
597 510
597 511
597 512
597 513
597 514
597 515
597 516
597 517
597 518
597 519
597 520
597 521
597 522
597 523
597 524
597 525
597 526
597 527
597 528
597 529
597 530
597 531
597 532
597 533
597 534
597 535
597 536
597 537
597 538
597 539
597 540
597 541
597 542
597 543
597 544
597 545
597 546
597 547
597 548
597 549
597 550
597 551
597 552
597 553
597 554
597 555
597 556
597 557
597 558
597 559
597 560
597 561
597 562
597 563
597 564
597 565
597 566
597 567
597 568
597 569
597 570
597 571
597 572
597 573
597 574
597 575
597 576
597 577
597 578
597 579
597 580
597 581
597 582
597 583
597 584
597 585
597 586
597 587
597 588
597 589
597 590
597 591
597 592
597 593
597 594
597 595
597 596
597 598
597 599
597 600
597 601
598 501
598 502
598 503
598 504
598 505
598 506
598 507
598 508
598 509
598 510
598 511
598 512
598 513
598 514
598 515
598 516
598 517
598 518
598 519
598 520
598 521
598 522
598 523
598 524
598 525
598 526
598 527
598 528
598 529
598 530
598 531
598 532
598 533
598 534
598 535
598 536
598 537
598 538
598 539
598 540
598 541
598 542
598 543
598 544
598 545
598 546
598 547
598 548
598 549
598 550
598 551
598 552
598 553
598 554
598 555
598 556
598 557
598 558
598 559
598 560
598 561
598 562
598 563
598 564
598 565
598 566
598 567
598 568
598 569
598 570
598 571
598 572
598 573
598 574
598 575
598 576
598 577
598 578
598 579
598 580
598 581
598 582
598 583
598 584
598 585
598 586
598 587
598 588
598 589
598 590
598 591
598 592
598 593
598 594
598 595
598 596
598 597
598 599
598 600
598 601
599 501
599 502
599 503
599 504
599 505
599 506
599 507
599 508
599 509
599 510
599 511
599 512
599 513
599 514
599 515
599 516
599 517
599 518
599 519
599 520
599 521
599 522
599 523
599 524
599 525
599 526
599 527
599 528
599 529
599 530
599 531
599 532
599 533
599 534
599 535
599 536
599 537
599 538
599 539
599 540
599 541
599 542
599 543
599 544
599 545
599 546
599 547
599 548
599 549
599 550
599 551
599 552
599 553
599 554
599 555
599 556
599 557
599 558
599 559
599 560
599 561
599 562
599 563
599 564
599 565
599 566
599 567
599 568
599 569
599 570
599 571
599 572
599 573
599 574
599 575
599 576
599 577
599 578
599 579
599 580
599 581
599 582
599 583
599 584
599 585
599 586
599 587
599 588
599 589
599 590
599 591
599 592
599 593
599 594
599 595
599 596
599 597
599 598
599 600
599 601
600 501
600 502
600 503
600 504
600 505
600 506
600 507
600 508
600 509
600 510
600 511
600 512
600 513
600 514
600 515
600 516
600 517
600 518
600 519
600 520
600 521
600 522
600 523
600 524
600 525
600 526
600 527
600 528
600 529
600 530
600 531
600 532
600 533
600 534
600 535
600 536
600 537
600 538
600 539
600 540
600 541
600 542
600 543
600 544
600 545
600 546
600 547
600 548
600 549
600 550
600 551
600 552
600 553
600 554
600 555
600 556
600 557
600 558
600 559
600 560
600 561
600 562
600 563
600 564
600 565
600 566
600 567
600 568
600 569
600 570
600 571
600 572
600 573
600 574
600 575
600 576
600 577
600 578
600 579
600 580
600 581
600 582
600 583
600 584
600 585
600 586
600 587
600 588
600 589
600 590
600 591
600 592
600 593
600 594
600 595
600 596
600 597
600 598
600 599
600 601
601 501
601 502
601 503
601 504
601 505
601 506
601 507
601 508
601 509
601 510
601 511
601 512
601 513
601 514
601 515
601 516
601 517
601 518
601 519
601 520
601 521
601 522
601 523
601 524
601 525
601 526
601 527
601 528
601 529
601 530
601 531
601 532
601 533
601 534
601 535
601 536
601 537
601 538
601 539
601 540
601 541
601 542
601 543
601 544
601 545
601 546
601 547
601 548
601 549
601 550
601 551
601 552
601 553
601 554
601 555
601 556
601 557
601 558
601 559
601 560
601 561
601 562
601 563
601 564
601 565
601 566
601 567
601 568
601 569
601 570
601 571
601 572
601 573
601 574
601 575
601 576
601 577
601 578
601 579
601 580
601 581
601 582
601 583
601 584
601 585
601 586
601 587
601 588
601 589
601 590
601 591
601 592
601 593
601 594
601 595
601 596
601 597
601 598
601 599
601 600
