545
2524
1 500
2 500
3 500
4 500
5 500
6 500
7 500
8 500
9 500
10 500
11 500
12 500
13 500
14 500
15 500
16 500
17 500
18 500
19 500
20 500
21 500
22 500
23 500
24 500
25 500
26 500
27 500
28 500
29 500
30 500
31 500
32 500
33 500
34 500
35 500
36 500
37 500
38 500
39 500
40 500
41 500
42 500
43 500
44 500
45 500
46 500
47 500
48 500
49 500
50 500
51 500
52 500
53 500
54 500
55 500
56 500
57 500
58 500
59 500
60 500
61 500
62 500
63 500
64 500
65 500
66 500
67 500
68 500
69 500
70 500
71 500
72 500
73 500
74 500
75 500
76 500
77 500
78 500
79 500
80 500
81 500
82 500
83 500
84 500
85 500
86 500
87 500
88 500
89 500
90 500
91 500
92 500
93 500
94 500
95 500
96 500
97 500
98 500
99 500
100 500
101 500
102 500
103 500
104 500
105 500
106 500
107 500
108 500
109 500
110 500
111 500
112 500
113 500
114 500
115 500
116 500
117 500
118 500
119 500
120 500
121 500
122 500
123 500
124 500
125 500
126 500
127 500
128 500
129 500
130 500
131 500
132 500
133 500
134 500
135 500
136 500
137 500
138 500
139 500
140 500
141 500
142 500
143 500
144 500
145 500
146 500
147 500
148 500
149 500
150 500
151 500
152 500
153 500
154 500
155 500
156 500
157 500
158 500
159 500
160 500
161 500
162 500
163 500
164 500
165 500
166 500
167 500
168 500
169 500
170 500
171 500
172 500
173 500
174 500
175 500
176 500
177 500
178 500
179 500
180 500
181 500
182 500
183 500
184 500
185 500
186 500
187 500
188 500
189 500
190 500
191 500
192 500
193 500
194 500
195 500
196 500
197 500
198 500
199 500
200 500
201 500
202 500
203 500
204 500
205 500
206 500
207 500
208 500
209 500
210 500
211 500
212 500
213 500
214 500
215 500
216 500
217 500
218 500
219 500
220 500
221 500
222 500
223 500
224 500
225 500
226 500
227 500
228 500
229 500
230 500
231 500
232 500
233 500
234 500
235 500
236 500
237 500
238 500
239 500
240 500
241 500
242 500
243 500
244 500
245 500
246 500
247 500
248 500
249 500
250 500
251 500
252 500
253 500
254 500
255 500
256 500
257 500
258 500
259 500
260 500
261 500
262 500
263 500
264 500
265 500
266 500
267 500
268 500
269 500
270 500
271 500
272 500
273 500
274 500
275 500
276 500
277 500
278 500
279 500
280 500
281 500
282 500
283 500
284 500
285 500
286 500
287 500
288 500
289 500
290 500
291 500
292 500
293 500
294 500
295 500
296 500
297 500
298 500
299 500
300 500
301 500
302 500
303 500
304 500
305 500
306 500
307 500
308 500
309 500
310 500
311 500
312 500
313 500
314 500
315 500
316 500
317 500
318 500
319 500
320 500
321 500
322 500
323 500
324 500
325 500
326 500
327 500
328 500
329 500
330 500
331 500
332 500
333 500
334 500
335 500
336 500
337 500
338 500
339 500
340 500
341 500
342 500
343 500
344 500
345 500
346 500
347 500
348 500
349 500
350 500
351 500
352 500
353 500
354 500
355 500
356 500
357 500
358 500
359 500
360 500
361 500
362 500
363 500
364 500
365 500
366 500
367 500
368 500
369 500
370 500
371 500
372 500
373 500
374 500
375 500
376 500
377 500
378 500
379 500
380 500
381 500
382 500
383 500
384 500
385 500
386 500
387 500
388 500
389 500
390 500
391 500
392 500
393 500
394 500
395 500
396 500
397 500
398 500
399 500
400 500
401 500
402 500
403 500
404 500
405 500
406 500
407 500
408 500
409 500
410 500
411 500
412 500
413 500
414 500
415 500
416 500
417 500
418 500
419 500
420 500
421 500
422 500
423 500
424 500
425 500
426 500
427 500
428 500
429 500
430 500
431 500
432 500
433 500
434 500
435 500
436 500
437 500
438 500
439 500
440 500
441 500
442 500
443 500
444 500
445 500
446 500
447 500
448 500
449 500
450 500
451 500
452 500
453 500
454 500
455 500
456 500
457 500
458 500
459 500
460 500
461 500
462 500
463 500
464 500
465 500
466 500
467 500
468 500
469 500
470 500
471 500
472 500
473 500
474 500
475 500
476 500
477 500
478 500
479 500
480 500
481 500
482 500
483 500
484 500
485 500
486 500
487 500
488 500
489 500
490 500
491 500
492 500
493 500
494 500
495 500
496 500
497 500
498 500
499 500
500 501
500 502
500 503
500 504
500 505
500 506
500 507
500 508
500 509
500 510
500 511
500 512
500 513
500 514
500 515
500 516
500 517
500 518
500 519
500 520
500 521
500 522
500 523
500 524
500 525
500 526
500 527
500 528
500 529
500 530
500 531
500 532
500 533
500 534
500 535
500 536
500 537
500 538
500 539
500 540
500 541
500 542
500 543
500 544
500 545
501 502
501 503
501 504
501 505
501 506
501 507
501 508
501 509
501 510
501 511
501 512
501 513
501 514
501 515
501 516
501 517
501 518
501 519
501 520
501 521
501 522
501 523
501 524
501 525
501 526
501 527
501 528
501 529
501 530
501 531
501 532
501 533
501 534
501 535
501 536
501 537
501 538
501 539
501 540
501 541
501 542
501 543
501 544
501 545
502 501
502 503
502 504
502 505
502 506
502 507
502 508
502 509
502 510
502 511
502 512
502 513
502 514
502 515
502 516
502 517
502 518
502 519
502 520
502 521
502 522
502 523
502 524
502 525
502 526
502 527
502 528
502 529
502 530
502 531
502 532
502 533
502 534
502 535
502 536
502 537
502 538
502 539
502 540
502 541
502 542
502 543
502 544
502 545
503 501
503 502
503 504
503 505
503 506
503 507
503 508
503 509
503 510
503 511
503 512
503 513
503 514
503 515
503 516
503 517
503 518
503 519
503 520
503 521
503 522
503 523
503 524
503 525
503 526
503 527
503 528
503 529
503 530
503 531
503 532
503 533
503 534
503 535
503 536
503 537
503 538
503 539
503 540
503 541
503 542
503 543
503 544
503 545
504 501
504 502
504 503
504 505
504 506
504 507
504 508
504 509
504 510
504 511
504 512
504 513
504 514
504 515
504 516
504 517
504 518
504 519
504 520
504 521
504 522
504 523
504 524
504 525
504 526
504 527
504 528
504 529
504 530
504 531
504 532
504 533
504 534
504 535
504 536
504 537
504 538
504 539
504 540
504 541
504 542
504 543
504 544
504 545
505 501
505 502
505 503
505 504
505 506
505 507
505 508
505 509
505 510
505 511
505 512
505 513
505 514
505 515
505 516
505 517
505 518
505 519
505 520
505 521
505 522
505 523
505 524
505 525
505 526
505 527
505 528
505 529
505 530
505 531
505 532
505 533
505 534
505 535
505 536
505 537
505 538
505 539
505 540
505 541
505 542
505 543
505 544
505 545
506 501
506 502
506 503
506 504
506 505
506 507
506 508
506 509
506 510
506 511
506 512
506 513
506 514
506 515
506 516
506 517
506 518
506 519
506 520
506 521
506 522
506 523
506 524
506 525
506 526
506 527
506 528
506 529
506 530
506 531
506 532
506 533
506 534
506 535
506 536
506 537
506 538
506 539
506 540
506 541
506 542
506 543
506 544
506 545
507 501
507 502
507 503
507 504
507 505
507 506
507 508
507 509
507 510
507 511
507 512
507 513
507 514
507 515
507 516
507 517
507 518
507 519
507 520
507 521
507 522
507 523
507 524
507 525
507 526
507 527
507 528
507 529
507 530
507 531
507 532
507 533
507 534
507 535
507 536
507 537
507 538
507 539
507 540
507 541
507 542
507 543
507 544
507 545
508 501
508 502
508 503
508 504
508 505
508 506
508 507
508 509
508 510
508 511
508 512
508 513
508 514
508 515
508 516
508 517
508 518
508 519
508 520
508 521
508 522
508 523
508 524
508 525
508 526
508 527
508 528
508 529
508 530
508 531
508 532
508 533
508 534
508 535
508 536
508 537
508 538
508 539
508 540
508 541
508 542
508 543
508 544
508 545
509 501
509 502
509 503
509 504
509 505
509 506
509 507
509 508
509 510
509 511
509 512
509 513
509 514
509 515
509 516
509 517
509 518
509 519
509 520
509 521
509 522
509 523
509 524
509 525
509 526
509 527
509 528
509 529
509 530
509 531
509 532
509 533
509 534
509 535
509 536
509 537
509 538
509 539
509 540
509 541
509 542
509 543
509 544
509 545
510 501
510 502
510 503
510 504
510 505
510 506
510 507
510 508
510 509
510 511
510 512
510 513
510 514
510 515
510 516
510 517
510 518
510 519
510 520
510 521
510 522
510 523
510 524
510 525
510 526
510 527
510 528
510 529
510 530
510 531
510 532
510 533
510 534
510 535
510 536
510 537
510 538
510 539
510 540
510 541
510 542
510 543
510 544
510 545
511 501
511 502
511 503
511 504
511 505
511 506
511 507
511 508
511 509
511 510
511 512
511 513
511 514
511 515
511 516
511 517
511 518
511 519
511 520
511 521
511 522
511 523
511 524
511 525
511 526
511 527
511 528
511 529
511 530
511 531
511 532
511 533
511 534
511 535
511 536
511 537
511 538
511 539
511 540
511 541
511 542
511 543
511 544
511 545
512 501
512 502
512 503
512 504
512 505
512 506
512 507
512 508
512 509
512 510
512 511
512 513
512 514
512 515
512 516
512 517
512 518
512 519
512 520
512 521
512 522
512 523
512 524
512 525
512 526
512 527
512 528
512 529
512 530
512 531
512 532
512 533
512 534
512 535
512 536
512 537
512 538
512 539
512 540
512 541
512 542
512 543
512 544
512 545
513 501
513 502
513 503
513 504
513 505
513 506
513 507
513 508
513 509
513 510
513 511
513 512
513 514
513 515
513 516
513 517
513 518
513 519
513 520
513 521
513 522
513 523
513 524
513 525
513 526
513 527
513 528
513 529
513 530
513 531
513 532
513 533
513 534
513 535
513 536
513 537
513 538
513 539
513 540
513 541
513 542
513 543
513 544
513 545
514 501
514 502
514 503
514 504
514 505
514 506
514 507
514 508
514 509
514 510
514 511
514 512
514 513
514 515
514 516
514 517
514 518
514 519
514 520
514 521
514 522
514 523
514 524
514 525
514 526
514 527
514 528
514 529
514 530
514 531
514 532
514 533
514 534
514 535
514 536
514 537
514 538
514 539
514 540
514 541
514 542
514 543
514 544
514 545
515 501
515 502
515 503
515 504
515 505
515 506
515 507
515 508
515 509
515 510
515 511
515 512
515 513
515 514
515 516
515 517
515 518
515 519
515 520
515 521
515 522
515 523
515 524
515 525
515 526
515 527
515 528
515 529
515 530
515 531
515 532
515 533
515 534
515 535
515 536
515 537
515 538
515 539
515 540
515 541
515 542
515 543
515 544
515 545
516 501
516 502
516 503
516 504
516 505
516 506
516 507
516 508
516 509
516 510
516 511
516 512
516 513
516 514
516 515
516 517
516 518
516 519
516 520
516 521
516 522
516 523
516 524
516 525
516 526
516 527
516 528
516 529
516 530
516 531
516 532
516 533
516 534
516 535
516 536
516 537
516 538
516 539
516 540
516 541
516 542
516 543
516 544
516 545
517 501
517 502
517 503
517 504
517 505
517 506
517 507
517 508
517 509
517 510
517 511
517 512
517 513
517 514
517 515
517 516
517 518
517 519
517 520
517 521
517 522
517 523
517 524
517 525
517 526
517 527
517 528
517 529
517 530
517 531
517 532
517 533
517 534
517 535
517 536
517 537
517 538
517 539
517 540
517 541
517 542
517 543
517 544
517 545
518 501
518 502
518 503
518 504
518 505
518 506
518 507
518 508
518 509
518 510
518 511
518 512
518 513
518 514
518 515
518 516
518 517
518 519
518 520
518 521
518 522
518 523
518 524
518 525
518 526
518 527
518 528
518 529
518 530
518 531
518 532
518 533
518 534
518 535
518 536
518 537
518 538
518 539
518 540
518 541
518 542
518 543
518 544
518 545
519 501
519 502
519 503
519 504
519 505
519 506
519 507
519 508
519 509
519 510
519 511
519 512
519 513
519 514
519 515
519 516
519 517
519 518
519 520
519 521
519 522
519 523
519 524
519 525
519 526
519 527
519 528
519 529
519 530
519 531
519 532
519 533
519 534
519 535
519 536
519 537
519 538
519 539
519 540
519 541
519 542
519 543
519 544
519 545
520 501
520 502
520 503
520 504
520 505
520 506
520 507
520 508
520 509
520 510
520 511
520 512
520 513
520 514
520 515
520 516
520 517
520 518
520 519
520 521
520 522
520 523
520 524
520 525
520 526
520 527
520 528
520 529
520 530
520 531
520 532
520 533
520 534
520 535
520 536
520 537
520 538
520 539
520 540
520 541
520 542
520 543
520 544
520 545
521 501
521 502
521 503
521 504
521 505
521 506
521 507
521 508
521 509
521 510
521 511
521 512
521 513
521 514
521 515
521 516
521 517
521 518
521 519
521 520
521 522
521 523
521 524
521 525
521 526
521 527
521 528
521 529
521 530
521 531
521 532
521 533
521 534
521 535
521 536
521 537
521 538
521 539
521 540
521 541
521 542
521 543
521 544
521 545
522 501
522 502
522 503
522 504
522 505
522 506
522 507
522 508
522 509
522 510
522 511
522 512
522 513
522 514
522 515
522 516
522 517
522 518
522 519
522 520
522 521
522 523
522 524
522 525
522 526
522 527
522 528
522 529
522 530
522 531
522 532
522 533
522 534
522 535
522 536
522 537
522 538
522 539
522 540
522 541
522 542
522 543
522 544
522 545
523 501
523 502
523 503
523 504
523 505
523 506
523 507
523 508
523 509
523 510
523 511
523 512
523 513
523 514
523 515
523 516
523 517
523 518
523 519
523 520
523 521
523 522
523 524
523 525
523 526
523 527
523 528
523 529
523 530
523 531
523 532
523 533
523 534
523 535
523 536
523 537
523 538
523 539
523 540
523 541
523 542
523 543
523 544
523 545
524 501
524 502
524 503
524 504
524 505
524 506
524 507
524 508
524 509
524 510
524 511
524 512
524 513
524 514
524 515
524 516
524 517
524 518
524 519
524 520
524 521
524 522
524 523
524 525
524 526
524 527
524 528
524 529
524 530
524 531
524 532
524 533
524 534
524 535
524 536
524 537
524 538
524 539
524 540
524 541
524 542
524 543
524 544
524 545
525 501
525 502
525 503
525 504
525 505
525 506
525 507
525 508
525 509
525 510
525 511
525 512
525 513
525 514
525 515
525 516
525 517
525 518
525 519
525 520
525 521
525 522
525 523
525 524
525 526
525 527
525 528
525 529
525 530
525 531
525 532
525 533
525 534
525 535
525 536
525 537
525 538
525 539
525 540
525 541
525 542
525 543
525 544
525 545
526 501
526 502
526 503
526 504
526 505
526 506
526 507
526 508
526 509
526 510
526 511
526 512
526 513
526 514
526 515
526 516
526 517
526 518
526 519
526 520
526 521
526 522
526 523
526 524
526 525
526 527
526 528
526 529
526 530
526 531
526 532
526 533
526 534
526 535
526 536
526 537
526 538
526 539
526 540
526 541
526 542
526 543
526 544
526 545
527 501
527 502
527 503
527 504
527 505
527 506
527 507
527 508
527 509
527 510
527 511
527 512
527 513
527 514
527 515
527 516
527 517
527 518
527 519
527 520
527 521
527 522
527 523
527 524
527 525
527 526
527 528
527 529
527 530
527 531
527 532
527 533
527 534
527 535
527 536
527 537
527 538
527 539
527 540
527 541
527 542
527 543
527 544
527 545
528 501
528 502
528 503
528 504
528 505
528 506
528 507
528 508
528 509
528 510
528 511
528 512
528 513
528 514
528 515
528 516
528 517
528 518
528 519
528 520
528 521
528 522
528 523
528 524
528 525
528 526
528 527
528 529
528 530
528 531
528 532
528 533
528 534
528 535
528 536
528 537
528 538
528 539
528 540
528 541
528 542
528 543
528 544
528 545
529 501
529 502
529 503
529 504
529 505
529 506
529 507
529 508
529 509
529 510
529 511
529 512
529 513
529 514
529 515
529 516
529 517
529 518
529 519
529 520
529 521
529 522
529 523
529 524
529 525
529 526
529 527
529 528
529 530
529 531
529 532
529 533
529 534
529 535
529 536
529 537
529 538
529 539
529 540
529 541
529 542
529 543
529 544
529 545
530 501
530 502
530 503
530 504
530 505
530 506
530 507
530 508
530 509
530 510
530 511
530 512
530 513
530 514
530 515
530 516
530 517
530 518
530 519
530 520
530 521
530 522
530 523
530 524
530 525
530 526
530 527
530 528
530 529
530 531
530 532
530 533
530 534
530 535
530 536
530 537
530 538
530 539
530 540
530 541
530 542
530 543
530 544
530 545
531 501
531 502
531 503
531 504
531 505
531 506
531 507
531 508
531 509
531 510
531 511
531 512
531 513
531 514
531 515
531 516
531 517
531 518
531 519
531 520
531 521
531 522
531 523
531 524
531 525
531 526
531 527
531 528
531 529
531 530
531 532
531 533
531 534
531 535
531 536
531 537
531 538
531 539
531 540
531 541
531 542
531 543
531 544
531 545
532 501
532 502
532 503
532 504
532 505
532 506
532 507
532 508
532 509
532 510
532 511
532 512
532 513
532 514
532 515
532 516
532 517
532 518
532 519
532 520
532 521
532 522
532 523
532 524
532 525
532 526
532 527
532 528
532 529
532 530
532 531
532 533
532 534
532 535
532 536
532 537
532 538
532 539
532 540
532 541
532 542
532 543
532 544
532 545
533 501
533 502
533 503
533 504
533 505
533 506
533 507
533 508
533 509
533 510
533 511
533 512
533 513
533 514
533 515
533 516
533 517
533 518
533 519
533 520
533 521
533 522
533 523
533 524
533 525
533 526
533 527
533 528
533 529
533 530
533 531
533 532
533 534
533 535
533 536
533 537
533 538
533 539
533 540
533 541
533 542
533 543
533 544
533 545
534 501
534 502
534 503
534 504
534 505
534 506
534 507
534 508
534 509
534 510
534 511
534 512
534 513
534 514
534 515
534 516
534 517
534 518
534 519
534 520
534 521
534 522
534 523
534 524
534 525
534 526
534 527
534 528
534 529
534 530
534 531
534 532
534 533
534 535
534 536
534 537
534 538
534 539
534 540
534 541
534 542
534 543
534 544
534 545
535 501
535 502
535 503
535 504
535 505
535 506
535 507
535 508
535 509
535 510
535 511
535 512
535 513
535 514
535 515
535 516
535 517
535 518
535 519
535 520
535 521
535 522
535 523
535 524
535 525
535 526
535 527
535 528
535 529
535 530
535 531
535 532
535 533
535 534
535 536
535 537
535 538
535 539
535 540
535 541
535 542
535 543
535 544
535 545
536 501
536 502
536 503
536 504
536 505
536 506
536 507
536 508
536 509
536 510
536 511
536 512
536 513
536 514
536 515
536 516
536 517
536 518
536 519
536 520
536 521
536 522
536 523
536 524
536 525
536 526
536 527
536 528
536 529
536 530
536 531
536 532
536 533
536 534
536 535
536 537
536 538
536 539
536 540
536 541
536 542
536 543
536 544
536 545
537 501
537 502
537 503
537 504
537 505
537 506
537 507
537 508
537 509
537 510
537 511
537 512
537 513
537 514
537 515
537 516
537 517
537 518
537 519
537 520
537 521
537 522
537 523
537 524
537 525
537 526
537 527
537 528
537 529
537 530
537 531
537 532
537 533
537 534
537 535
537 536
537 538
537 539
537 540
537 541
537 542
537 543
537 544
537 545
538 501
538 502
538 503
538 504
538 505
538 506
538 507
538 508
538 509
538 510
538 511
538 512
538 513
538 514
538 515
538 516
538 517
538 518
538 519
538 520
538 521
538 522
538 523
538 524
538 525
538 526
538 527
538 528
538 529
538 530
538 531
538 532
538 533
538 534
538 535
538 536
538 537
538 539
538 540
538 541
538 542
538 543
538 544
538 545
539 501
539 502
539 503
539 504
539 505
539 506
539 507
539 508
539 509
539 510
539 511
539 512
539 513
539 514
539 515
539 516
539 517
539 518
539 519
539 520
539 521
539 522
539 523
539 524
539 525
539 526
539 527
539 528
539 529
539 530
539 531
539 532
539 533
539 534
539 535
539 536
539 537
539 538
539 540
539 541
539 542
539 543
539 544
539 545
540 501
540 502
540 503
540 504
540 505
540 506
540 507
540 508
540 509
540 510
540 511
540 512
540 513
540 514
540 515
540 516
540 517
540 518
540 519
540 520
540 521
540 522
540 523
540 524
540 525
540 526
540 527
540 528
540 529
540 530
540 531
540 532
540 533
540 534
540 535
540 536
540 537
540 538
540 539
540 541
540 542
540 543
540 544
540 545
541 501
541 502
541 503
541 504
541 505
541 506
541 507
541 508
541 509
541 510
541 511
541 512
541 513
541 514
541 515
541 516
541 517
541 518
541 519
541 520
541 521
541 522
541 523
541 524
541 525
541 526
541 527
541 528
541 529
541 530
541 531
541 532
541 533
541 534
541 535
541 536
541 537
541 538
541 539
541 540
541 542
541 543
541 544
541 545
542 501
542 502
542 503
542 504
542 505
542 506
542 507
542 508
542 509
542 510
542 511
542 512
542 513
542 514
542 515
542 516
542 517
542 518
542 519
542 520
542 521
542 522
542 523
542 524
542 525
542 526
542 527
542 528
542 529
542 530
542 531
542 532
542 533
542 534
542 535
542 536
542 537
542 538
542 539
542 540
542 541
542 543
542 544
542 545
543 501
543 502
543 503
543 504
543 505
543 506
543 507
543 508
543 509
543 510
543 511
543 512
543 513
543 514
543 515
543 516
543 517
543 518
543 519
543 520
543 521
543 522
543 523
543 524
543 525
543 526
543 527
543 528
543 529
543 530
543 531
543 532
543 533
543 534
543 535
543 536
543 537
543 538
543 539
543 540
543 541
543 542
543 544
543 545
544 501
544 502
544 503
544 504
544 505
544 506
544 507
544 508
544 509
544 510
544 511
544 512
544 513
544 514
544 515
544 516
544 517
544 518
544 519
544 520
544 521
544 522
544 523
544 524
544 525
544 526
544 527
544 528
544 529
544 530
544 531
544 532
544 533
544 534
544 535
544 536
544 537
544 538
544 539
544 540
544 541
544 542
544 543
544 545
545 501
545 502
545 503
545 504
545 505
545 506
545 507
545 508
545 509
545 510
545 511
545 512
545 513
545 514
545 515
545 516
545 517
545 518
545 519
545 520
545 521
545 522
545 523
545 524
545 525
545 526
545 527
545 528
545 529
545 530
545 531
545 532
545 533
545 534
545 535
545 536
545 537
545 538
545 539
545 540
545 541
545 542
545 543
545 544
