525
1124
1 500
2 500
3 500
4 500
5 500
6 500
7 500
8 500
9 500
10 500
11 500
12 500
13 500
14 500
15 500
16 500
17 500
18 500
19 500
20 500
21 500
22 500
23 500
24 500
25 500
26 500
27 500
28 500
29 500
30 500
31 500
32 500
33 500
34 500
35 500
36 500
37 500
38 500
39 500
40 500
41 500
42 500
43 500
44 500
45 500
46 500
47 500
48 500
49 500
50 500
51 500
52 500
53 500
54 500
55 500
56 500
57 500
58 500
59 500
60 500
61 500
62 500
63 500
64 500
65 500
66 500
67 500
68 500
69 500
70 500
71 500
72 500
73 500
74 500
75 500
76 500
77 500
78 500
79 500
80 500
81 500
82 500
83 500
84 500
85 500
86 500
87 500
88 500
89 500
90 500
91 500
92 500
93 500
94 500
95 500
96 500
97 500
98 500
99 500
100 500
101 500
102 500
103 500
104 500
105 500
106 500
107 500
108 500
109 500
110 500
111 500
112 500
113 500
114 500
115 500
116 500
117 500
118 500
119 500
120 500
121 500
122 500
123 500
124 500
125 500
126 500
127 500
128 500
129 500
130 500
131 500
132 500
133 500
134 500
135 500
136 500
137 500
138 500
139 500
140 500
141 500
142 500
143 500
144 500
145 500
146 500
147 500
148 500
149 500
150 500
151 500
152 500
153 500
154 500
155 500
156 500
157 500
158 500
159 500
160 500
161 500
162 500
163 500
164 500
165 500
166 500
167 500
168 500
169 500
170 500
171 500
172 500
173 500
174 500
175 500
176 500
177 500
178 500
179 500
180 500
181 500
182 500
183 500
184 500
185 500
186 500
187 500
188 500
189 500
190 500
191 500
192 500
193 500
194 500
195 500
196 500
197 500
198 500
199 500
200 500
201 500
202 500
203 500
204 500
205 500
206 500
207 500
208 500
209 500
210 500
211 500
212 500
213 500
214 500
215 500
216 500
217 500
218 500
219 500
220 500
221 500
222 500
223 500
224 500
225 500
226 500
227 500
228 500
229 500
230 500
231 500
232 500
233 500
234 500
235 500
236 500
237 500
238 500
239 500
240 500
241 500
242 500
243 500
244 500
245 500
246 500
247 500
248 500
249 500
250 500
251 500
252 500
253 500
254 500
255 500
256 500
257 500
258 500
259 500
260 500
261 500
262 500
263 500
264 500
265 500
266 500
267 500
268 500
269 500
270 500
271 500
272 500
273 500
274 500
275 500
276 500
277 500
278 500
279 500
280 500
281 500
282 500
283 500
284 500
285 500
286 500
287 500
288 500
289 500
290 500
291 500
292 500
293 500
294 500
295 500
296 500
297 500
298 500
299 500
300 500
301 500
302 500
303 500
304 500
305 500
306 500
307 500
308 500
309 500
310 500
311 500
312 500
313 500
314 500
315 500
316 500
317 500
318 500
319 500
320 500
321 500
322 500
323 500
324 500
325 500
326 500
327 500
328 500
329 500
330 500
331 500
332 500
333 500
334 500
335 500
336 500
337 500
338 500
339 500
340 500
341 500
342 500
343 500
344 500
345 500
346 500
347 500
348 500
349 500
350 500
351 500
352 500
353 500
354 500
355 500
356 500
357 500
358 500
359 500
360 500
361 500
362 500
363 500
364 500
365 500
366 500
367 500
368 500
369 500
370 500
371 500
372 500
373 500
374 500
375 500
376 500
377 500
378 500
379 500
380 500
381 500
382 500
383 500
384 500
385 500
386 500
387 500
388 500
389 500
390 500
391 500
392 500
393 500
394 500
395 500
396 500
397 500
398 500
399 500
400 500
401 500
402 500
403 500
404 500
405 500
406 500
407 500
408 500
409 500
410 500
411 500
412 500
413 500
414 500
415 500
416 500
417 500
418 500
419 500
420 500
421 500
422 500
423 500
424 500
425 500
426 500
427 500
428 500
429 500
430 500
431 500
432 500
433 500
434 500
435 500
436 500
437 500
438 500
439 500
440 500
441 500
442 500
443 500
444 500
445 500
446 500
447 500
448 500
449 500
450 500
451 500
452 500
453 500
454 500
455 500
456 500
457 500
458 500
459 500
460 500
461 500
462 500
463 500
464 500
465 500
466 500
467 500
468 500
469 500
470 500
471 500
472 500
473 500
474 500
475 500
476 500
477 500
478 500
479 500
480 500
481 500
482 500
483 500
484 500
485 500
486 500
487 500
488 500
489 500
490 500
491 500
492 500
493 500
494 500
495 500
496 500
497 500
498 500
499 500
500 501
500 502
500 503
500 504
500 505
500 506
500 507
500 508
500 509
500 510
500 511
500 512
500 513
500 514
500 515
500 516
500 517
500 518
500 519
500 520
500 521
500 522
500 523
500 524
500 525
501 502
501 503
501 504
501 505
501 506
501 507
501 508
501 509
501 510
501 511
501 512
501 513
501 514
501 515
501 516
501 517
501 518
501 519
501 520
501 521
501 522
501 523
501 524
501 525
502 501
502 503
502 504
502 505
502 506
502 507
502 508
502 509
502 510
502 511
502 512
502 513
502 514
502 515
502 516
502 517
502 518
502 519
502 520
502 521
502 522
502 523
502 524
502 525
503 501
503 502
503 504
503 505
503 506
503 507
503 508
503 509
503 510
503 511
503 512
503 513
503 514
503 515
503 516
503 517
503 518
503 519
503 520
503 521
503 522
503 523
503 524
503 525
504 501
504 502
504 503
504 505
504 506
504 507
504 508
504 509
504 510
504 511
504 512
504 513
504 514
504 515
504 516
504 517
504 518
504 519
504 520
504 521
504 522
504 523
504 524
504 525
505 501
505 502
505 503
505 504
505 506
505 507
505 508
505 509
505 510
505 511
505 512
505 513
505 514
505 515
505 516
505 517
505 518
505 519
505 520
505 521
505 522
505 523
505 524
505 525
506 501
506 502
506 503
506 504
506 505
506 507
506 508
506 509
506 510
506 511
506 512
506 513
506 514
506 515
506 516
506 517
506 518
506 519
506 520
506 521
506 522
506 523
506 524
506 525
507 501
507 502
507 503
507 504
507 505
507 506
507 508
507 509
507 510
507 511
507 512
507 513
507 514
507 515
507 516
507 517
507 518
507 519
507 520
507 521
507 522
507 523
507 524
507 525
508 501
508 502
508 503
508 504
508 505
508 506
508 507
508 509
508 510
508 511
508 512
508 513
508 514
508 515
508 516
508 517
508 518
508 519
508 520
508 521
508 522
508 523
508 524
508 525
509 501
509 502
509 503
509 504
509 505
509 506
509 507
509 508
509 510
509 511
509 512
509 513
509 514
509 515
509 516
509 517
509 518
509 519
509 520
509 521
509 522
509 523
509 524
509 525
510 501
510 502
510 503
510 504
510 505
510 506
510 507
510 508
510 509
510 511
510 512
510 513
510 514
510 515
510 516
510 517
510 518
510 519
510 520
510 521
510 522
510 523
510 524
510 525
511 501
511 502
511 503
511 504
511 505
511 506
511 507
511 508
511 509
511 510
511 512
511 513
511 514
511 515
511 516
511 517
511 518
511 519
511 520
511 521
511 522
511 523
511 524
511 525
512 501
512 502
512 503
512 504
512 505
512 506
512 507
512 508
512 509
512 510
512 511
512 513
512 514
512 515
512 516
512 517
512 518
512 519
512 520
512 521
512 522
512 523
512 524
512 525
513 501
513 502
513 503
513 504
513 505
513 506
513 507
513 508
513 509
513 510
513 511
513 512
513 514
513 515
513 516
513 517
513 518
513 519
513 520
513 521
513 522
513 523
513 524
513 525
514 501
514 502
514 503
514 504
514 505
514 506
514 507
514 508
514 509
514 510
514 511
514 512
514 513
514 515
514 516
514 517
514 518
514 519
514 520
514 521
514 522
514 523
514 524
514 525
515 501
515 502
515 503
515 504
515 505
515 506
515 507
515 508
515 509
515 510
515 511
515 512
515 513
515 514
515 516
515 517
515 518
515 519
515 520
515 521
515 522
515 523
515 524
515 525
516 501
516 502
516 503
516 504
516 505
516 506
516 507
516 508
516 509
516 510
516 511
516 512
516 513
516 514
516 515
516 517
516 518
516 519
516 520
516 521
516 522
516 523
516 524
516 525
517 501
517 502
517 503
517 504
517 505
517 506
517 507
517 508
517 509
517 510
517 511
517 512
517 513
517 514
517 515
517 516
517 518
517 519
517 520
517 521
517 522
517 523
517 524
517 525
518 501
518 502
518 503
518 504
518 505
518 506
518 507
518 508
518 509
518 510
518 511
518 512
518 513
518 514
518 515
518 516
518 517
518 519
518 520
518 521
518 522
518 523
518 524
518 525
519 501
519 502
519 503
519 504
519 505
519 506
519 507
519 508
519 509
519 510
519 511
519 512
519 513
519 514
519 515
519 516
519 517
519 518
519 520
519 521
519 522
519 523
519 524
519 525
520 501
520 502
520 503
520 504
520 505
520 506
520 507
520 508
520 509
520 510
520 511
520 512
520 513
520 514
520 515
520 516
520 517
520 518
520 519
520 521
520 522
520 523
520 524
520 525
521 501
521 502
521 503
521 504
521 505
521 506
521 507
521 508
521 509
521 510
521 511
521 512
521 513
521 514
521 515
521 516
521 517
521 518
521 519
521 520
521 522
521 523
521 524
521 525
522 501
522 502
522 503
522 504
522 505
522 506
522 507
522 508
522 509
522 510
522 511
522 512
522 513
522 514
522 515
522 516
522 517
522 518
522 519
522 520
522 521
522 523
522 524
522 525
523 501
523 502
523 503
523 504
523 505
523 506
523 507
523 508
523 509
523 510
523 511
523 512
523 513
523 514
523 515
523 516
523 517
523 518
523 519
523 520
523 521
523 522
523 524
523 525
524 501
524 502
524 503
524 504
524 505
524 506
524 507
524 508
524 509
524 510
524 511
524 512
524 513
524 514
524 515
524 516
524 517
524 518
524 519
524 520
524 521
524 522
524 523
524 525
525 501
525 502
525 503
525 504
525 505
525 506
525 507
525 508
525 509
525 510
525 511
525 512
525 513
525 514
525 515
525 516
525 517
525 518
525 519
525 520
525 521
525 522
525 523
525 524
