571
5540
1 500
2 500
3 500
4 500
5 500
6 500
7 500
8 500
9 500
10 500
11 500
12 500
13 500
14 500
15 500
16 500
17 500
18 500
19 500
20 500
21 500
22 500
23 500
24 500
25 500
26 500
27 500
28 500
29 500
30 500
31 500
32 500
33 500
34 500
35 500
36 500
37 500
38 500
39 500
40 500
41 500
42 500
43 500
44 500
45 500
46 500
47 500
48 500
49 500
50 500
51 500
52 500
53 500
54 500
55 500
56 500
57 500
58 500
59 500
60 500
61 500
62 500
63 500
64 500
65 500
66 500
67 500
68 500
69 500
70 500
71 500
72 500
73 500
74 500
75 500
76 500
77 500
78 500
79 500
80 500
81 500
82 500
83 500
84 500
85 500
86 500
87 500
88 500
89 500
90 500
91 500
92 500
93 500
94 500
95 500
96 500
97 500
98 500
99 500
100 500
101 500
102 500
103 500
104 500
105 500
106 500
107 500
108 500
109 500
110 500
111 500
112 500
113 500
114 500
115 500
116 500
117 500
118 500
119 500
120 500
121 500
122 500
123 500
124 500
125 500
126 500
127 500
128 500
129 500
130 500
131 500
132 500
133 500
134 500
135 500
136 500
137 500
138 500
139 500
140 500
141 500
142 500
143 500
144 500
145 500
146 500
147 500
148 500
149 500
150 500
151 500
152 500
153 500
154 500
155 500
156 500
157 500
158 500
159 500
160 500
161 500
162 500
163 500
164 500
165 500
166 500
167 500
168 500
169 500
170 500
171 500
172 500
173 500
174 500
175 500
176 500
177 500
178 500
179 500
180 500
181 500
182 500
183 500
184 500
185 500
186 500
187 500
188 500
189 500
190 500
191 500
192 500
193 500
194 500
195 500
196 500
197 500
198 500
199 500
200 500
201 500
202 500
203 500
204 500
205 500
206 500
207 500
208 500
209 500
210 500
211 500
212 500
213 500
214 500
215 500
216 500
217 500
218 500
219 500
220 500
221 500
222 500
223 500
224 500
225 500
226 500
227 500
228 500
229 500
230 500
231 500
232 500
233 500
234 500
235 500
236 500
237 500
238 500
239 500
240 500
241 500
242 500
243 500
244 500
245 500
246 500
247 500
248 500
249 500
250 500
251 500
252 500
253 500
254 500
255 500
256 500
257 500
258 500
259 500
260 500
261 500
262 500
263 500
264 500
265 500
266 500
267 500
268 500
269 500
270 500
271 500
272 500
273 500
274 500
275 500
276 500
277 500
278 500
279 500
280 500
281 500
282 500
283 500
284 500
285 500
286 500
287 500
288 500
289 500
290 500
291 500
292 500
293 500
294 500
295 500
296 500
297 500
298 500
299 500
300 500
301 500
302 500
303 500
304 500
305 500
306 500
307 500
308 500
309 500
310 500
311 500
312 500
313 500
314 500
315 500
316 500
317 500
318 500
319 500
320 500
321 500
322 500
323 500
324 500
325 500
326 500
327 500
328 500
329 500
330 500
331 500
332 500
333 500
334 500
335 500
336 500
337 500
338 500
339 500
340 500
341 500
342 500
343 500
344 500
345 500
346 500
347 500
348 500
349 500
350 500
351 500
352 500
353 500
354 500
355 500
356 500
357 500
358 500
359 500
360 500
361 500
362 500
363 500
364 500
365 500
366 500
367 500
368 500
369 500
370 500
371 500
372 500
373 500
374 500
375 500
376 500
377 500
378 500
379 500
380 500
381 500
382 500
383 500
384 500
385 500
386 500
387 500
388 500
389 500
390 500
391 500
392 500
393 500
394 500
395 500
396 500
397 500
398 500
399 500
400 500
401 500
402 500
403 500
404 500
405 500
406 500
407 500
408 500
409 500
410 500
411 500
412 500
413 500
414 500
415 500
416 500
417 500
418 500
419 500
420 500
421 500
422 500
423 500
424 500
425 500
426 500
427 500
428 500
429 500
430 500
431 500
432 500
433 500
434 500
435 500
436 500
437 500
438 500
439 500
440 500
441 500
442 500
443 500
444 500
445 500
446 500
447 500
448 500
449 500
450 500
451 500
452 500
453 500
454 500
455 500
456 500
457 500
458 500
459 500
460 500
461 500
462 500
463 500
464 500
465 500
466 500
467 500
468 500
469 500
470 500
471 500
472 500
473 500
474 500
475 500
476 500
477 500
478 500
479 500
480 500
481 500
482 500
483 500
484 500
485 500
486 500
487 500
488 500
489 500
490 500
491 500
492 500
493 500
494 500
495 500
496 500
497 500
498 500
499 500
500 501
500 502
500 503
500 504
500 505
500 506
500 507
500 508
500 509
500 510
500 511
500 512
500 513
500 514
500 515
500 516
500 517
500 518
500 519
500 520
500 521
500 522
500 523
500 524
500 525
500 526
500 527
500 528
500 529
500 530
500 531
500 532
500 533
500 534
500 535
500 536
500 537
500 538
500 539
500 540
500 541
500 542
500 543
500 544
500 545
500 546
500 547
500 548
500 549
500 550
500 551
500 552
500 553
500 554
500 555
500 556
500 557
500 558
500 559
500 560
500 561
500 562
500 563
500 564
500 565
500 566
500 567
500 568
500 569
500 570
500 571
501 502
501 503
501 504
501 505
501 506
501 507
501 508
501 509
501 510
501 511
501 512
501 513
501 514
501 515
501 516
501 517
501 518
501 519
501 520
501 521
501 522
501 523
501 524
501 525
501 526
501 527
501 528
501 529
501 530
501 531
501 532
501 533
501 534
501 535
501 536
501 537
501 538
501 539
501 540
501 541
501 542
501 543
501 544
501 545
501 546
501 547
501 548
501 549
501 550
501 551
501 552
501 553
501 554
501 555
501 556
501 557
501 558
501 559
501 560
501 561
501 562
501 563
501 564
501 565
501 566
501 567
501 568
501 569
501 570
501 571
502 501
502 503
502 504
502 505
502 506
502 507
502 508
502 509
502 510
502 511
502 512
502 513
502 514
502 515
502 516
502 517
502 518
502 519
502 520
502 521
502 522
502 523
502 524
502 525
502 526
502 527
502 528
502 529
502 530
502 531
502 532
502 533
502 534
502 535
502 536
502 537
502 538
502 539
502 540
502 541
502 542
502 543
502 544
502 545
502 546
502 547
502 548
502 549
502 550
502 551
502 552
502 553
502 554
502 555
502 556
502 557
502 558
502 559
502 560
502 561
502 562
502 563
502 564
502 565
502 566
502 567
502 568
502 569
502 570
502 571
503 501
503 502
503 504
503 505
503 506
503 507
503 508
503 509
503 510
503 511
503 512
503 513
503 514
503 515
503 516
503 517
503 518
503 519
503 520
503 521
503 522
503 523
503 524
503 525
503 526
503 527
503 528
503 529
503 530
503 531
503 532
503 533
503 534
503 535
503 536
503 537
503 538
503 539
503 540
503 541
503 542
503 543
503 544
503 545
503 546
503 547
503 548
503 549
503 550
503 551
503 552
503 553
503 554
503 555
503 556
503 557
503 558
503 559
503 560
503 561
503 562
503 563
503 564
503 565
503 566
503 567
503 568
503 569
503 570
503 571
504 501
504 502
504 503
504 505
504 506
504 507
504 508
504 509
504 510
504 511
504 512
504 513
504 514
504 515
504 516
504 517
504 518
504 519
504 520
504 521
504 522
504 523
504 524
504 525
504 526
504 527
504 528
504 529
504 530
504 531
504 532
504 533
504 534
504 535
504 536
504 537
504 538
504 539
504 540
504 541
504 542
504 543
504 544
504 545
504 546
504 547
504 548
504 549
504 550
504 551
504 552
504 553
504 554
504 555
504 556
504 557
504 558
504 559
504 560
504 561
504 562
504 563
504 564
504 565
504 566
504 567
504 568
504 569
504 570
504 571
505 501
505 502
505 503
505 504
505 506
505 507
505 508
505 509
505 510
505 511
505 512
505 513
505 514
505 515
505 516
505 517
505 518
505 519
505 520
505 521
505 522
505 523
505 524
505 525
505 526
505 527
505 528
505 529
505 530
505 531
505 532
505 533
505 534
505 535
505 536
505 537
505 538
505 539
505 540
505 541
505 542
505 543
505 544
505 545
505 546
505 547
505 548
505 549
505 550
505 551
505 552
505 553
505 554
505 555
505 556
505 557
505 558
505 559
505 560
505 561
505 562
505 563
505 564
505 565
505 566
505 567
505 568
505 569
505 570
505 571
506 501
506 502
506 503
506 504
506 505
506 507
506 508
506 509
506 510
506 511
506 512
506 513
506 514
506 515
506 516
506 517
506 518
506 519
506 520
506 521
506 522
506 523
506 524
506 525
506 526
506 527
506 528
506 529
506 530
506 531
506 532
506 533
506 534
506 535
506 536
506 537
506 538
506 539
506 540
506 541
506 542
506 543
506 544
506 545
506 546
506 547
506 548
506 549
506 550
506 551
506 552
506 553
506 554
506 555
506 556
506 557
506 558
506 559
506 560
506 561
506 562
506 563
506 564
506 565
506 566
506 567
506 568
506 569
506 570
506 571
507 501
507 502
507 503
507 504
507 505
507 506
507 508
507 509
507 510
507 511
507 512
507 513
507 514
507 515
507 516
507 517
507 518
507 519
507 520
507 521
507 522
507 523
507 524
507 525
507 526
507 527
507 528
507 529
507 530
507 531
507 532
507 533
507 534
507 535
507 536
507 537
507 538
507 539
507 540
507 541
507 542
507 543
507 544
507 545
507 546
507 547
507 548
507 549
507 550
507 551
507 552
507 553
507 554
507 555
507 556
507 557
507 558
507 559
507 560
507 561
507 562
507 563
507 564
507 565
507 566
507 567
507 568
507 569
507 570
507 571
508 501
508 502
508 503
508 504
508 505
508 506
508 507
508 509
508 510
508 511
508 512
508 513
508 514
508 515
508 516
508 517
508 518
508 519
508 520
508 521
508 522
508 523
508 524
508 525
508 526
508 527
508 528
508 529
508 530
508 531
508 532
508 533
508 534
508 535
508 536
508 537
508 538
508 539
508 540
508 541
508 542
508 543
508 544
508 545
508 546
508 547
508 548
508 549
508 550
508 551
508 552
508 553
508 554
508 555
508 556
508 557
508 558
508 559
508 560
508 561
508 562
508 563
508 564
508 565
508 566
508 567
508 568
508 569
508 570
508 571
509 501
509 502
509 503
509 504
509 505
509 506
509 507
509 508
509 510
509 511
509 512
509 513
509 514
509 515
509 516
509 517
509 518
509 519
509 520
509 521
509 522
509 523
509 524
509 525
509 526
509 527
509 528
509 529
509 530
509 531
509 532
509 533
509 534
509 535
509 536
509 537
509 538
509 539
509 540
509 541
509 542
509 543
509 544
509 545
509 546
509 547
509 548
509 549
509 550
509 551
509 552
509 553
509 554
509 555
509 556
509 557
509 558
509 559
509 560
509 561
509 562
509 563
509 564
509 565
509 566
509 567
509 568
509 569
509 570
509 571
510 501
510 502
510 503
510 504
510 505
510 506
510 507
510 508
510 509
510 511
510 512
510 513
510 514
510 515
510 516
510 517
510 518
510 519
510 520
510 521
510 522
510 523
510 524
510 525
510 526
510 527
510 528
510 529
510 530
510 531
510 532
510 533
510 534
510 535
510 536
510 537
510 538
510 539
510 540
510 541
510 542
510 543
510 544
510 545
510 546
510 547
510 548
510 549
510 550
510 551
510 552
510 553
510 554
510 555
510 556
510 557
510 558
510 559
510 560
510 561
510 562
510 563
510 564
510 565
510 566
510 567
510 568
510 569
510 570
510 571
511 501
511 502
511 503
511 504
511 505
511 506
511 507
511 508
511 509
511 510
511 512
511 513
511 514
511 515
511 516
511 517
511 518
511 519
511 520
511 521
511 522
511 523
511 524
511 525
511 526
511 527
511 528
511 529
511 530
511 531
511 532
511 533
511 534
511 535
511 536
511 537
511 538
511 539
511 540
511 541
511 542
511 543
511 544
511 545
511 546
511 547
511 548
511 549
511 550
511 551
511 552
511 553
511 554
511 555
511 556
511 557
511 558
511 559
511 560
511 561
511 562
511 563
511 564
511 565
511 566
511 567
511 568
511 569
511 570
511 571
512 501
512 502
512 503
512 504
512 505
512 506
512 507
512 508
512 509
512 510
512 511
512 513
512 514
512 515
512 516
512 517
512 518
512 519
512 520
512 521
512 522
512 523
512 524
512 525
512 526
512 527
512 528
512 529
512 530
512 531
512 532
512 533
512 534
512 535
512 536
512 537
512 538
512 539
512 540
512 541
512 542
512 543
512 544
512 545
512 546
512 547
512 548
512 549
512 550
512 551
512 552
512 553
512 554
512 555
512 556
512 557
512 558
512 559
512 560
512 561
512 562
512 563
512 564
512 565
512 566
512 567
512 568
512 569
512 570
512 571
513 501
513 502
513 503
513 504
513 505
513 506
513 507
513 508
513 509
513 510
513 511
513 512
513 514
513 515
513 516
513 517
513 518
513 519
513 520
513 521
513 522
513 523
513 524
513 525
513 526
513 527
513 528
513 529
513 530
513 531
513 532
513 533
513 534
513 535
513 536
513 537
513 538
513 539
513 540
513 541
513 542
513 543
513 544
513 545
513 546
513 547
513 548
513 549
513 550
513 551
513 552
513 553
513 554
513 555
513 556
513 557
513 558
513 559
513 560
513 561
513 562
513 563
513 564
513 565
513 566
513 567
513 568
513 569
513 570
513 571
514 501
514 502
514 503
514 504
514 505
514 506
514 507
514 508
514 509
514 510
514 511
514 512
514 513
514 515
514 516
514 517
514 518
514 519
514 520
514 521
514 522
514 523
514 524
514 525
514 526
514 527
514 528
514 529
514 530
514 531
514 532
514 533
514 534
514 535
514 536
514 537
514 538
514 539
514 540
514 541
514 542
514 543
514 544
514 545
514 546
514 547
514 548
514 549
514 550
514 551
514 552
514 553
514 554
514 555
514 556
514 557
514 558
514 559
514 560
514 561
514 562
514 563
514 564
514 565
514 566
514 567
514 568
514 569
514 570
514 571
515 501
515 502
515 503
515 504
515 505
515 506
515 507
515 508
515 509
515 510
515 511
515 512
515 513
515 514
515 516
515 517
515 518
515 519
515 520
515 521
515 522
515 523
515 524
515 525
515 526
515 527
515 528
515 529
515 530
515 531
515 532
515 533
515 534
515 535
515 536
515 537
515 538
515 539
515 540
515 541
515 542
515 543
515 544
515 545
515 546
515 547
515 548
515 549
515 550
515 551
515 552
515 553
515 554
515 555
515 556
515 557
515 558
515 559
515 560
515 561
515 562
515 563
515 564
515 565
515 566
515 567
515 568
515 569
515 570
515 571
516 501
516 502
516 503
516 504
516 505
516 506
516 507
516 508
516 509
516 510
516 511
516 512
516 513
516 514
516 515
516 517
516 518
516 519
516 520
516 521
516 522
516 523
516 524
516 525
516 526
516 527
516 528
516 529
516 530
516 531
516 532
516 533
516 534
516 535
516 536
516 537
516 538
516 539
516 540
516 541
516 542
516 543
516 544
516 545
516 546
516 547
516 548
516 549
516 550
516 551
516 552
516 553
516 554
516 555
516 556
516 557
516 558
516 559
516 560
516 561
516 562
516 563
516 564
516 565
516 566
516 567
516 568
516 569
516 570
516 571
517 501
517 502
517 503
517 504
517 505
517 506
517 507
517 508
517 509
517 510
517 511
517 512
517 513
517 514
517 515
517 516
517 518
517 519
517 520
517 521
517 522
517 523
517 524
517 525
517 526
517 527
517 528
517 529
517 530
517 531
517 532
517 533
517 534
517 535
517 536
517 537
517 538
517 539
517 540
517 541
517 542
517 543
517 544
517 545
517 546
517 547
517 548
517 549
517 550
517 551
517 552
517 553
517 554
517 555
517 556
517 557
517 558
517 559
517 560
517 561
517 562
517 563
517 564
517 565
517 566
517 567
517 568
517 569
517 570
517 571
518 501
518 502
518 503
518 504
518 505
518 506
518 507
518 508
518 509
518 510
518 511
518 512
518 513
518 514
518 515
518 516
518 517
518 519
518 520
518 521
518 522
518 523
518 524
518 525
518 526
518 527
518 528
518 529
518 530
518 531
518 532
518 533
518 534
518 535
518 536
518 537
518 538
518 539
518 540
518 541
518 542
518 543
518 544
518 545
518 546
518 547
518 548
518 549
518 550
518 551
518 552
518 553
518 554
518 555
518 556
518 557
518 558
518 559
518 560
518 561
518 562
518 563
518 564
518 565
518 566
518 567
518 568
518 569
518 570
518 571
519 501
519 502
519 503
519 504
519 505
519 506
519 507
519 508
519 509
519 510
519 511
519 512
519 513
519 514
519 515
519 516
519 517
519 518
519 520
519 521
519 522
519 523
519 524
519 525
519 526
519 527
519 528
519 529
519 530
519 531
519 532
519 533
519 534
519 535
519 536
519 537
519 538
519 539
519 540
519 541
519 542
519 543
519 544
519 545
519 546
519 547
519 548
519 549
519 550
519 551
519 552
519 553
519 554
519 555
519 556
519 557
519 558
519 559
519 560
519 561
519 562
519 563
519 564
519 565
519 566
519 567
519 568
519 569
519 570
519 571
520 501
520 502
520 503
520 504
520 505
520 506
520 507
520 508
520 509
520 510
520 511
520 512
520 513
520 514
520 515
520 516
520 517
520 518
520 519
520 521
520 522
520 523
520 524
520 525
520 526
520 527
520 528
520 529
520 530
520 531
520 532
520 533
520 534
520 535
520 536
520 537
520 538
520 539
520 540
520 541
520 542
520 543
520 544
520 545
520 546
520 547
520 548
520 549
520 550
520 551
520 552
520 553
520 554
520 555
520 556
520 557
520 558
520 559
520 560
520 561
520 562
520 563
520 564
520 565
520 566
520 567
520 568
520 569
520 570
520 571
521 501
521 502
521 503
521 504
521 505
521 506
521 507
521 508
521 509
521 510
521 511
521 512
521 513
521 514
521 515
521 516
521 517
521 518
521 519
521 520
521 522
521 523
521 524
521 525
521 526
521 527
521 528
521 529
521 530
521 531
521 532
521 533
521 534
521 535
521 536
521 537
521 538
521 539
521 540
521 541
521 542
521 543
521 544
521 545
521 546
521 547
521 548
521 549
521 550
521 551
521 552
521 553
521 554
521 555
521 556
521 557
521 558
521 559
521 560
521 561
521 562
521 563
521 564
521 565
521 566
521 567
521 568
521 569
521 570
521 571
522 501
522 502
522 503
522 504
522 505
522 506
522 507
522 508
522 509
522 510
522 511
522 512
522 513
522 514
522 515
522 516
522 517
522 518
522 519
522 520
522 521
522 523
522 524
522 525
522 526
522 527
522 528
522 529
522 530
522 531
522 532
522 533
522 534
522 535
522 536
522 537
522 538
522 539
522 540
522 541
522 542
522 543
522 544
522 545
522 546
522 547
522 548
522 549
522 550
522 551
522 552
522 553
522 554
522 555
522 556
522 557
522 558
522 559
522 560
522 561
522 562
522 563
522 564
522 565
522 566
522 567
522 568
522 569
522 570
522 571
523 501
523 502
523 503
523 504
523 505
523 506
523 507
523 508
523 509
523 510
523 511
523 512
523 513
523 514
523 515
523 516
523 517
523 518
523 519
523 520
523 521
523 522
523 524
523 525
523 526
523 527
523 528
523 529
523 530
523 531
523 532
523 533
523 534
523 535
523 536
523 537
523 538
523 539
523 540
523 541
523 542
523 543
523 544
523 545
523 546
523 547
523 548
523 549
523 550
523 551
523 552
523 553
523 554
523 555
523 556
523 557
523 558
523 559
523 560
523 561
523 562
523 563
523 564
523 565
523 566
523 567
523 568
523 569
523 570
523 571
524 501
524 502
524 503
524 504
524 505
524 506
524 507
524 508
524 509
524 510
524 511
524 512
524 513
524 514
524 515
524 516
524 517
524 518
524 519
524 520
524 521
524 522
524 523
524 525
524 526
524 527
524 528
524 529
524 530
524 531
524 532
524 533
524 534
524 535
524 536
524 537
524 538
524 539
524 540
524 541
524 542
524 543
524 544
524 545
524 546
524 547
524 548
524 549
524 550
524 551
524 552
524 553
524 554
524 555
524 556
524 557
524 558
524 559
524 560
524 561
524 562
524 563
524 564
524 565
524 566
524 567
524 568
524 569
524 570
524 571
525 501
525 502
525 503
525 504
525 505
525 506
525 507
525 508
525 509
525 510
525 511
525 512
525 513
525 514
525 515
525 516
525 517
525 518
525 519
525 520
525 521
525 522
525 523
525 524
525 526
525 527
525 528
525 529
525 530
525 531
525 532
525 533
525 534
525 535
525 536
525 537
525 538
525 539
525 540
525 541
525 542
525 543
525 544
525 545
525 546
525 547
525 548
525 549
525 550
525 551
525 552
525 553
525 554
525 555
525 556
525 557
525 558
525 559
525 560
525 561
525 562
525 563
525 564
525 565
525 566
525 567
525 568
525 569
525 570
525 571
526 501
526 502
526 503
526 504
526 505
526 506
526 507
526 508
526 509
526 510
526 511
526 512
526 513
526 514
526 515
526 516
526 517
526 518
526 519
526 520
526 521
526 522
526 523
526 524
526 525
526 527
526 528
526 529
526 530
526 531
526 532
526 533
526 534
526 535
526 536
526 537
526 538
526 539
526 540
526 541
526 542
526 543
526 544
526 545
526 546
526 547
526 548
526 549
526 550
526 551
526 552
526 553
526 554
526 555
526 556
526 557
526 558
526 559
526 560
526 561
526 562
526 563
526 564
526 565
526 566
526 567
526 568
526 569
526 570
526 571
527 501
527 502
527 503
527 504
527 505
527 506
527 507
527 508
527 509
527 510
527 511
527 512
527 513
527 514
527 515
527 516
527 517
527 518
527 519
527 520
527 521
527 522
527 523
527 524
527 525
527 526
527 528
527 529
527 530
527 531
527 532
527 533
527 534
527 535
527 536
527 537
527 538
527 539
527 540
527 541
527 542
527 543
527 544
527 545
527 546
527 547
527 548
527 549
527 550
527 551
527 552
527 553
527 554
527 555
527 556
527 557
527 558
527 559
527 560
527 561
527 562
527 563
527 564
527 565
527 566
527 567
527 568
527 569
527 570
527 571
528 501
528 502
528 503
528 504
528 505
528 506
528 507
528 508
528 509
528 510
528 511
528 512
528 513
528 514
528 515
528 516
528 517
528 518
528 519
528 520
528 521
528 522
528 523
528 524
528 525
528 526
528 527
528 529
528 530
528 531
528 532
528 533
528 534
528 535
528 536
528 537
528 538
528 539
528 540
528 541
528 542
528 543
528 544
528 545
528 546
528 547
528 548
528 549
528 550
528 551
528 552
528 553
528 554
528 555
528 556
528 557
528 558
528 559
528 560
528 561
528 562
528 563
528 564
528 565
528 566
528 567
528 568
528 569
528 570
528 571
529 501
529 502
529 503
529 504
529 505
529 506
529 507
529 508
529 509
529 510
529 511
529 512
529 513
529 514
529 515
529 516
529 517
529 518
529 519
529 520
529 521
529 522
529 523
529 524
529 525
529 526
529 527
529 528
529 530
529 531
529 532
529 533
529 534
529 535
529 536
529 537
529 538
529 539
529 540
529 541
529 542
529 543
529 544
529 545
529 546
529 547
529 548
529 549
529 550
529 551
529 552
529 553
529 554
529 555
529 556
529 557
529 558
529 559
529 560
529 561
529 562
529 563
529 564
529 565
529 566
529 567
529 568
529 569
529 570
529 571
530 501
530 502
530 503
530 504
530 505
530 506
530 507
530 508
530 509
530 510
530 511
530 512
530 513
530 514
530 515
530 516
530 517
530 518
530 519
530 520
530 521
530 522
530 523
530 524
530 525
530 526
530 527
530 528
530 529
530 531
530 532
530 533
530 534
530 535
530 536
530 537
530 538
530 539
530 540
530 541
530 542
530 543
530 544
530 545
530 546
530 547
530 548
530 549
530 550
530 551
530 552
530 553
530 554
530 555
530 556
530 557
530 558
530 559
530 560
530 561
530 562
530 563
530 564
530 565
530 566
530 567
530 568
530 569
530 570
530 571
531 501
531 502
531 503
531 504
531 505
531 506
531 507
531 508
531 509
531 510
531 511
531 512
531 513
531 514
531 515
531 516
531 517
531 518
531 519
531 520
531 521
531 522
531 523
531 524
531 525
531 526
531 527
531 528
531 529
531 530
531 532
531 533
531 534
531 535
531 536
531 537
531 538
531 539
531 540
531 541
531 542
531 543
531 544
531 545
531 546
531 547
531 548
531 549
531 550
531 551
531 552
531 553
531 554
531 555
531 556
531 557
531 558
531 559
531 560
531 561
531 562
531 563
531 564
531 565
531 566
531 567
531 568
531 569
531 570
531 571
532 501
532 502
532 503
532 504
532 505
532 506
532 507
532 508
532 509
532 510
532 511
532 512
532 513
532 514
532 515
532 516
532 517
532 518
532 519
532 520
532 521
532 522
532 523
532 524
532 525
532 526
532 527
532 528
532 529
532 530
532 531
532 533
532 534
532 535
532 536
532 537
532 538
532 539
532 540
532 541
532 542
532 543
532 544
532 545
532 546
532 547
532 548
532 549
532 550
532 551
532 552
532 553
532 554
532 555
532 556
532 557
532 558
532 559
532 560
532 561
532 562
532 563
532 564
532 565
532 566
532 567
532 568
532 569
532 570
532 571
533 501
533 502
533 503
533 504
533 505
533 506
533 507
533 508
533 509
533 510
533 511
533 512
533 513
533 514
533 515
533 516
533 517
533 518
533 519
533 520
533 521
533 522
533 523
533 524
533 525
533 526
533 527
533 528
533 529
533 530
533 531
533 532
533 534
533 535
533 536
533 537
533 538
533 539
533 540
533 541
533 542
533 543
533 544
533 545
533 546
533 547
533 548
533 549
533 550
533 551
533 552
533 553
533 554
533 555
533 556
533 557
533 558
533 559
533 560
533 561
533 562
533 563
533 564
533 565
533 566
533 567
533 568
533 569
533 570
533 571
534 501
534 502
534 503
534 504
534 505
534 506
534 507
534 508
534 509
534 510
534 511
534 512
534 513
534 514
534 515
534 516
534 517
534 518
534 519
534 520
534 521
534 522
534 523
534 524
534 525
534 526
534 527
534 528
534 529
534 530
534 531
534 532
534 533
534 535
534 536
534 537
534 538
534 539
534 540
534 541
534 542
534 543
534 544
534 545
534 546
534 547
534 548
534 549
534 550
534 551
534 552
534 553
534 554
534 555
534 556
534 557
534 558
534 559
534 560
534 561
534 562
534 563
534 564
534 565
534 566
534 567
534 568
534 569
534 570
534 571
535 501
535 502
535 503
535 504
535 505
535 506
535 507
535 508
535 509
535 510
535 511
535 512
535 513
535 514
535 515
535 516
535 517
535 518
535 519
535 520
535 521
535 522
535 523
535 524
535 525
535 526
535 527
535 528
535 529
535 530
535 531
535 532
535 533
535 534
535 536
535 537
535 538
535 539
535 540
535 541
535 542
535 543
535 544
535 545
535 546
535 547
535 548
535 549
535 550
535 551
535 552
535 553
535 554
535 555
535 556
535 557
535 558
535 559
535 560
535 561
535 562
535 563
535 564
535 565
535 566
535 567
535 568
535 569
535 570
535 571
536 501
536 502
536 503
536 504
536 505
536 506
536 507
536 508
536 509
536 510
536 511
536 512
536 513
536 514
536 515
536 516
536 517
536 518
536 519
536 520
536 521
536 522
536 523
536 524
536 525
536 526
536 527
536 528
536 529
536 530
536 531
536 532
536 533
536 534
536 535
536 537
536 538
536 539
536 540
536 541
536 542
536 543
536 544
536 545
536 546
536 547
536 548
536 549
536 550
536 551
536 552
536 553
536 554
536 555
536 556
536 557
536 558
536 559
536 560
536 561
536 562
536 563
536 564
536 565
536 566
536 567
536 568
536 569
536 570
536 571
537 501
537 502
537 503
537 504
537 505
537 506
537 507
537 508
537 509
537 510
537 511
537 512
537 513
537 514
537 515
537 516
537 517
537 518
537 519
537 520
537 521
537 522
537 523
537 524
537 525
537 526
537 527
537 528
537 529
537 530
537 531
537 532
537 533
537 534
537 535
537 536
537 538
537 539
537 540
537 541
537 542
537 543
537 544
537 545
537 546
537 547
537 548
537 549
537 550
537 551
537 552
537 553
537 554
537 555
537 556
537 557
537 558
537 559
537 560
537 561
537 562
537 563
537 564
537 565
537 566
537 567
537 568
537 569
537 570
537 571
538 501
538 502
538 503
538 504
538 505
538 506
538 507
538 508
538 509
538 510
538 511
538 512
538 513
538 514
538 515
538 516
538 517
538 518
538 519
538 520
538 521
538 522
538 523
538 524
538 525
538 526
538 527
538 528
538 529
538 530
538 531
538 532
538 533
538 534
538 535
538 536
538 537
538 539
538 540
538 541
538 542
538 543
538 544
538 545
538 546
538 547
538 548
538 549
538 550
538 551
538 552
538 553
538 554
538 555
538 556
538 557
538 558
538 559
538 560
538 561
538 562
538 563
538 564
538 565
538 566
538 567
538 568
538 569
538 570
538 571
539 501
539 502
539 503
539 504
539 505
539 506
539 507
539 508
539 509
539 510
539 511
539 512
539 513
539 514
539 515
539 516
539 517
539 518
539 519
539 520
539 521
539 522
539 523
539 524
539 525
539 526
539 527
539 528
539 529
539 530
539 531
539 532
539 533
539 534
539 535
539 536
539 537
539 538
539 540
539 541
539 542
539 543
539 544
539 545
539 546
539 547
539 548
539 549
539 550
539 551
539 552
539 553
539 554
539 555
539 556
539 557
539 558
539 559
539 560
539 561
539 562
539 563
539 564
539 565
539 566
539 567
539 568
539 569
539 570
539 571
540 501
540 502
540 503
540 504
540 505
540 506
540 507
540 508
540 509
540 510
540 511
540 512
540 513
540 514
540 515
540 516
540 517
540 518
540 519
540 520
540 521
540 522
540 523
540 524
540 525
540 526
540 527
540 528
540 529
540 530
540 531
540 532
540 533
540 534
540 535
540 536
540 537
540 538
540 539
540 541
540 542
540 543
540 544
540 545
540 546
540 547
540 548
540 549
540 550
540 551
540 552
540 553
540 554
540 555
540 556
540 557
540 558
540 559
540 560
540 561
540 562
540 563
540 564
540 565
540 566
540 567
540 568
540 569
540 570
540 571
541 501
541 502
541 503
541 504
541 505
541 506
541 507
541 508
541 509
541 510
541 511
541 512
541 513
541 514
541 515
541 516
541 517
541 518
541 519
541 520
541 521
541 522
541 523
541 524
541 525
541 526
541 527
541 528
541 529
541 530
541 531
541 532
541 533
541 534
541 535
541 536
541 537
541 538
541 539
541 540
541 542
541 543
541 544
541 545
541 546
541 547
541 548
541 549
541 550
541 551
541 552
541 553
541 554
541 555
541 556
541 557
541 558
541 559
541 560
541 561
541 562
541 563
541 564
541 565
541 566
541 567
541 568
541 569
541 570
541 571
542 501
542 502
542 503
542 504
542 505
542 506
542 507
542 508
542 509
542 510
542 511
542 512
542 513
542 514
542 515
542 516
542 517
542 518
542 519
542 520
542 521
542 522
542 523
542 524
542 525
542 526
542 527
542 528
542 529
542 530
542 531
542 532
542 533
542 534
542 535
542 536
542 537
542 538
542 539
542 540
542 541
542 543
542 544
542 545
542 546
542 547
542 548
542 549
542 550
542 551
542 552
542 553
542 554
542 555
542 556
542 557
542 558
542 559
542 560
542 561
542 562
542 563
542 564
542 565
542 566
542 567
542 568
542 569
542 570
542 571
543 501
543 502
543 503
543 504
543 505
543 506
543 507
543 508
543 509
543 510
543 511
543 512
543 513
543 514
543 515
543 516
543 517
543 518
543 519
543 520
543 521
543 522
543 523
543 524
543 525
543 526
543 527
543 528
543 529
543 530
543 531
543 532
543 533
543 534
543 535
543 536
543 537
543 538
543 539
543 540
543 541
543 542
543 544
543 545
543 546
543 547
543 548
543 549
543 550
543 551
543 552
543 553
543 554
543 555
543 556
543 557
543 558
543 559
543 560
543 561
543 562
543 563
543 564
543 565
543 566
543 567
543 568
543 569
543 570
543 571
544 501
544 502
544 503
544 504
544 505
544 506
544 507
544 508
544 509
544 510
544 511
544 512
544 513
544 514
544 515
544 516
544 517
544 518
544 519
544 520
544 521
544 522
544 523
544 524
544 525
544 526
544 527
544 528
544 529
544 530
544 531
544 532
544 533
544 534
544 535
544 536
544 537
544 538
544 539
544 540
544 541
544 542
544 543
544 545
544 546
544 547
544 548
544 549
544 550
544 551
544 552
544 553
544 554
544 555
544 556
544 557
544 558
544 559
544 560
544 561
544 562
544 563
544 564
544 565
544 566
544 567
544 568
544 569
544 570
544 571
545 501
545 502
545 503
545 504
545 505
545 506
545 507
545 508
545 509
545 510
545 511
545 512
545 513
545 514
545 515
545 516
545 517
545 518
545 519
545 520
545 521
545 522
545 523
545 524
545 525
545 526
545 527
545 528
545 529
545 530
545 531
545 532
545 533
545 534
545 535
545 536
545 537
545 538
545 539
545 540
545 541
545 542
545 543
545 544
545 546
545 547
545 548
545 549
545 550
545 551
545 552
545 553
545 554
545 555
545 556
545 557
545 558
545 559
545 560
545 561
545 562
545 563
545 564
545 565
545 566
545 567
545 568
545 569
545 570
545 571
546 501
546 502
546 503
546 504
546 505
546 506
546 507
546 508
546 509
546 510
546 511
546 512
546 513
546 514
546 515
546 516
546 517
546 518
546 519
546 520
546 521
546 522
546 523
546 524
546 525
546 526
546 527
546 528
546 529
546 530
546 531
546 532
546 533
546 534
546 535
546 536
546 537
546 538
546 539
546 540
546 541
546 542
546 543
546 544
546 545
546 547
546 548
546 549
546 550
546 551
546 552
546 553
546 554
546 555
546 556
546 557
546 558
546 559
546 560
546 561
546 562
546 563
546 564
546 565
546 566
546 567
546 568
546 569
546 570
546 571
547 501
547 502
547 503
547 504
547 505
547 506
547 507
547 508
547 509
547 510
547 511
547 512
547 513
547 514
547 515
547 516
547 517
547 518
547 519
547 520
547 521
547 522
547 523
547 524
547 525
547 526
547 527
547 528
547 529
547 530
547 531
547 532
547 533
547 534
547 535
547 536
547 537
547 538
547 539
547 540
547 541
547 542
547 543
547 544
547 545
547 546
547 548
547 549
547 550
547 551
547 552
547 553
547 554
547 555
547 556
547 557
547 558
547 559
547 560
547 561
547 562
547 563
547 564
547 565
547 566
547 567
547 568
547 569
547 570
547 571
548 501
548 502
548 503
548 504
548 505
548 506
548 507
548 508
548 509
548 510
548 511
548 512
548 513
548 514
548 515
548 516
548 517
548 518
548 519
548 520
548 521
548 522
548 523
548 524
548 525
548 526
548 527
548 528
548 529
548 530
548 531
548 532
548 533
548 534
548 535
548 536
548 537
548 538
548 539
548 540
548 541
548 542
548 543
548 544
548 545
548 546
548 547
548 549
548 550
548 551
548 552
548 553
548 554
548 555
548 556
548 557
548 558
548 559
548 560
548 561
548 562
548 563
548 564
548 565
548 566
548 567
548 568
548 569
548 570
548 571
549 501
549 502
549 503
549 504
549 505
549 506
549 507
549 508
549 509
549 510
549 511
549 512
549 513
549 514
549 515
549 516
549 517
549 518
549 519
549 520
549 521
549 522
549 523
549 524
549 525
549 526
549 527
549 528
549 529
549 530
549 531
549 532
549 533
549 534
549 535
549 536
549 537
549 538
549 539
549 540
549 541
549 542
549 543
549 544
549 545
549 546
549 547
549 548
549 550
549 551
549 552
549 553
549 554
549 555
549 556
549 557
549 558
549 559
549 560
549 561
549 562
549 563
549 564
549 565
549 566
549 567
549 568
549 569
549 570
549 571
550 501
550 502
550 503
550 504
550 505
550 506
550 507
550 508
550 509
550 510
550 511
550 512
550 513
550 514
550 515
550 516
550 517
550 518
550 519
550 520
550 521
550 522
550 523
550 524
550 525
550 526
550 527
550 528
550 529
550 530
550 531
550 532
550 533
550 534
550 535
550 536
550 537
550 538
550 539
550 540
550 541
550 542
550 543
550 544
550 545
550 546
550 547
550 548
550 549
550 551
550 552
550 553
550 554
550 555
550 556
550 557
550 558
550 559
550 560
550 561
550 562
550 563
550 564
550 565
550 566
550 567
550 568
550 569
550 570
550 571
551 501
551 502
551 503
551 504
551 505
551 506
551 507
551 508
551 509
551 510
551 511
551 512
551 513
551 514
551 515
551 516
551 517
551 518
551 519
551 520
551 521
551 522
551 523
551 524
551 525
551 526
551 527
551 528
551 529
551 530
551 531
551 532
551 533
551 534
551 535
551 536
551 537
551 538
551 539
551 540
551 541
551 542
551 543
551 544
551 545
551 546
551 547
551 548
551 549
551 550
551 552
551 553
551 554
551 555
551 556
551 557
551 558
551 559
551 560
551 561
551 562
551 563
551 564
551 565
551 566
551 567
551 568
551 569
551 570
551 571
552 501
552 502
552 503
552 504
552 505
552 506
552 507
552 508
552 509
552 510
552 511
552 512
552 513
552 514
552 515
552 516
552 517
552 518
552 519
552 520
552 521
552 522
552 523
552 524
552 525
552 526
552 527
552 528
552 529
552 530
552 531
552 532
552 533
552 534
552 535
552 536
552 537
552 538
552 539
552 540
552 541
552 542
552 543
552 544
552 545
552 546
552 547
552 548
552 549
552 550
552 551
552 553
552 554
552 555
552 556
552 557
552 558
552 559
552 560
552 561
552 562
552 563
552 564
552 565
552 566
552 567
552 568
552 569
552 570
552 571
553 501
553 502
553 503
553 504
553 505
553 506
553 507
553 508
553 509
553 510
553 511
553 512
553 513
553 514
553 515
553 516
553 517
553 518
553 519
553 520
553 521
553 522
553 523
553 524
553 525
553 526
553 527
553 528
553 529
553 530
553 531
553 532
553 533
553 534
553 535
553 536
553 537
553 538
553 539
553 540
553 541
553 542
553 543
553 544
553 545
553 546
553 547
553 548
553 549
553 550
553 551
553 552
553 554
553 555
553 556
553 557
553 558
553 559
553 560
553 561
553 562
553 563
553 564
553 565
553 566
553 567
553 568
553 569
553 570
553 571
554 501
554 502
554 503
554 504
554 505
554 506
554 507
554 508
554 509
554 510
554 511
554 512
554 513
554 514
554 515
554 516
554 517
554 518
554 519
554 520
554 521
554 522
554 523
554 524
554 525
554 526
554 527
554 528
554 529
554 530
554 531
554 532
554 533
554 534
554 535
554 536
554 537
554 538
554 539
554 540
554 541
554 542
554 543
554 544
554 545
554 546
554 547
554 548
554 549
554 550
554 551
554 552
554 553
554 555
554 556
554 557
554 558
554 559
554 560
554 561
554 562
554 563
554 564
554 565
554 566
554 567
554 568
554 569
554 570
554 571
555 501
555 502
555 503
555 504
555 505
555 506
555 507
555 508
555 509
555 510
555 511
555 512
555 513
555 514
555 515
555 516
555 517
555 518
555 519
555 520
555 521
555 522
555 523
555 524
555 525
555 526
555 527
555 528
555 529
555 530
555 531
555 532
555 533
555 534
555 535
555 536
555 537
555 538
555 539
555 540
555 541
555 542
555 543
555 544
555 545
555 546
555 547
555 548
555 549
555 550
555 551
555 552
555 553
555 554
555 556
555 557
555 558
555 559
555 560
555 561
555 562
555 563
555 564
555 565
555 566
555 567
555 568
555 569
555 570
555 571
556 501
556 502
556 503
556 504
556 505
556 506
556 507
556 508
556 509
556 510
556 511
556 512
556 513
556 514
556 515
556 516
556 517
556 518
556 519
556 520
556 521
556 522
556 523
556 524
556 525
556 526
556 527
556 528
556 529
556 530
556 531
556 532
556 533
556 534
556 535
556 536
556 537
556 538
556 539
556 540
556 541
556 542
556 543
556 544
556 545
556 546
556 547
556 548
556 549
556 550
556 551
556 552
556 553
556 554
556 555
556 557
556 558
556 559
556 560
556 561
556 562
556 563
556 564
556 565
556 566
556 567
556 568
556 569
556 570
556 571
557 501
557 502
557 503
557 504
557 505
557 506
557 507
557 508
557 509
557 510
557 511
557 512
557 513
557 514
557 515
557 516
557 517
557 518
557 519
557 520
557 521
557 522
557 523
557 524
557 525
557 526
557 527
557 528
557 529
557 530
557 531
557 532
557 533
557 534
557 535
557 536
557 537
557 538
557 539
557 540
557 541
557 542
557 543
557 544
557 545
557 546
557 547
557 548
557 549
557 550
557 551
557 552
557 553
557 554
557 555
557 556
557 558
557 559
557 560
557 561
557 562
557 563
557 564
557 565
557 566
557 567
557 568
557 569
557 570
557 571
558 501
558 502
558 503
558 504
558 505
558 506
558 507
558 508
558 509
558 510
558 511
558 512
558 513
558 514
558 515
558 516
558 517
558 518
558 519
558 520
558 521
558 522
558 523
558 524
558 525
558 526
558 527
558 528
558 529
558 530
558 531
558 532
558 533
558 534
558 535
558 536
558 537
558 538
558 539
558 540
558 541
558 542
558 543
558 544
558 545
558 546
558 547
558 548
558 549
558 550
558 551
558 552
558 553
558 554
558 555
558 556
558 557
558 559
558 560
558 561
558 562
558 563
558 564
558 565
558 566
558 567
558 568
558 569
558 570
558 571
559 501
559 502
559 503
559 504
559 505
559 506
559 507
559 508
559 509
559 510
559 511
559 512
559 513
559 514
559 515
559 516
559 517
559 518
559 519
559 520
559 521
559 522
559 523
559 524
559 525
559 526
559 527
559 528
559 529
559 530
559 531
559 532
559 533
559 534
559 535
559 536
559 537
559 538
559 539
559 540
559 541
559 542
559 543
559 544
559 545
559 546
559 547
559 548
559 549
559 550
559 551
559 552
559 553
559 554
559 555
559 556
559 557
559 558
559 560
559 561
559 562
559 563
559 564
559 565
559 566
559 567
559 568
559 569
559 570
559 571
560 501
560 502
560 503
560 504
560 505
560 506
560 507
560 508
560 509
560 510
560 511
560 512
560 513
560 514
560 515
560 516
560 517
560 518
560 519
560 520
560 521
560 522
560 523
560 524
560 525
560 526
560 527
560 528
560 529
560 530
560 531
560 532
560 533
560 534
560 535
560 536
560 537
560 538
560 539
560 540
560 541
560 542
560 543
560 544
560 545
560 546
560 547
560 548
560 549
560 550
560 551
560 552
560 553
560 554
560 555
560 556
560 557
560 558
560 559
560 561
560 562
560 563
560 564
560 565
560 566
560 567
560 568
560 569
560 570
560 571
561 501
561 502
561 503
561 504
561 505
561 506
561 507
561 508
561 509
561 510
561 511
561 512
561 513
561 514
561 515
561 516
561 517
561 518
561 519
561 520
561 521
561 522
561 523
561 524
561 525
561 526
561 527
561 528
561 529
561 530
561 531
561 532
561 533
561 534
561 535
561 536
561 537
561 538
561 539
561 540
561 541
561 542
561 543
561 544
561 545
561 546
561 547
561 548
561 549
561 550
561 551
561 552
561 553
561 554
561 555
561 556
561 557
561 558
561 559
561 560
561 562
561 563
561 564
561 565
561 566
561 567
561 568
561 569
561 570
561 571
562 501
562 502
562 503
562 504
562 505
562 506
562 507
562 508
562 509
562 510
562 511
562 512
562 513
562 514
562 515
562 516
562 517
562 518
562 519
562 520
562 521
562 522
562 523
562 524
562 525
562 526
562 527
562 528
562 529
562 530
562 531
562 532
562 533
562 534
562 535
562 536
562 537
562 538
562 539
562 540
562 541
562 542
562 543
562 544
562 545
562 546
562 547
562 548
562 549
562 550
562 551
562 552
562 553
562 554
562 555
562 556
562 557
562 558
562 559
562 560
562 561
562 563
562 564
562 565
562 566
562 567
562 568
562 569
562 570
562 571
563 501
563 502
563 503
563 504
563 505
563 506
563 507
563 508
563 509
563 510
563 511
563 512
563 513
563 514
563 515
563 516
563 517
563 518
563 519
563 520
563 521
563 522
563 523
563 524
563 525
563 526
563 527
563 528
563 529
563 530
563 531
563 532
563 533
563 534
563 535
563 536
563 537
563 538
563 539
563 540
563 541
563 542
563 543
563 544
563 545
563 546
563 547
563 548
563 549
563 550
563 551
563 552
563 553
563 554
563 555
563 556
563 557
563 558
563 559
563 560
563 561
563 562
563 564
563 565
563 566
563 567
563 568
563 569
563 570
563 571
564 501
564 502
564 503
564 504
564 505
564 506
564 507
564 508
564 509
564 510
564 511
564 512
564 513
564 514
564 515
564 516
564 517
564 518
564 519
564 520
564 521
564 522
564 523
564 524
564 525
564 526
564 527
564 528
564 529
564 530
564 531
564 532
564 533
564 534
564 535
564 536
564 537
564 538
564 539
564 540
564 541
564 542
564 543
564 544
564 545
564 546
564 547
564 548
564 549
564 550
564 551
564 552
564 553
564 554
564 555
564 556
564 557
564 558
564 559
564 560
564 561
564 562
564 563
564 565
564 566
564 567
564 568
564 569
564 570
564 571
565 501
565 502
565 503
565 504
565 505
565 506
565 507
565 508
565 509
565 510
565 511
565 512
565 513
565 514
565 515
565 516
565 517
565 518
565 519
565 520
565 521
565 522
565 523
565 524
565 525
565 526
565 527
565 528
565 529
565 530
565 531
565 532
565 533
565 534
565 535
565 536
565 537
565 538
565 539
565 540
565 541
565 542
565 543
565 544
565 545
565 546
565 547
565 548
565 549
565 550
565 551
565 552
565 553
565 554
565 555
565 556
565 557
565 558
565 559
565 560
565 561
565 562
565 563
565 564
565 566
565 567
565 568
565 569
565 570
565 571
566 501
566 502
566 503
566 504
566 505
566 506
566 507
566 508
566 509
566 510
566 511
566 512
566 513
566 514
566 515
566 516
566 517
566 518
566 519
566 520
566 521
566 522
566 523
566 524
566 525
566 526
566 527
566 528
566 529
566 530
566 531
566 532
566 533
566 534
566 535
566 536
566 537
566 538
566 539
566 540
566 541
566 542
566 543
566 544
566 545
566 546
566 547
566 548
566 549
566 550
566 551
566 552
566 553
566 554
566 555
566 556
566 557
566 558
566 559
566 560
566 561
566 562
566 563
566 564
566 565
566 567
566 568
566 569
566 570
566 571
567 501
567 502
567 503
567 504
567 505
567 506
567 507
567 508
567 509
567 510
567 511
567 512
567 513
567 514
567 515
567 516
567 517
567 518
567 519
567 520
567 521
567 522
567 523
567 524
567 525
567 526
567 527
567 528
567 529
567 530
567 531
567 532
567 533
567 534
567 535
567 536
567 537
567 538
567 539
567 540
567 541
567 542
567 543
567 544
567 545
567 546
567 547
567 548
567 549
567 550
567 551
567 552
567 553
567 554
567 555
567 556
567 557
567 558
567 559
567 560
567 561
567 562
567 563
567 564
567 565
567 566
567 568
567 569
567 570
567 571
568 501
568 502
568 503
568 504
568 505
568 506
568 507
568 508
568 509
568 510
568 511
568 512
568 513
568 514
568 515
568 516
568 517
568 518
568 519
568 520
568 521
568 522
568 523
568 524
568 525
568 526
568 527
568 528
568 529
568 530
568 531
568 532
568 533
568 534
568 535
568 536
568 537
568 538
568 539
568 540
568 541
568 542
568 543
568 544
568 545
568 546
568 547
568 548
568 549
568 550
568 551
568 552
568 553
568 554
568 555
568 556
568 557
568 558
568 559
568 560
568 561
568 562
568 563
568 564
568 565
568 566
568 567
568 569
568 570
568 571
569 501
569 502
569 503
569 504
569 505
569 506
569 507
569 508
569 509
569 510
569 511
569 512
569 513
569 514
569 515
569 516
569 517
569 518
569 519
569 520
569 521
569 522
569 523
569 524
569 525
569 526
569 527
569 528
569 529
569 530
569 531
569 532
569 533
569 534
569 535
569 536
569 537
569 538
569 539
569 540
569 541
569 542
569 543
569 544
569 545
569 546
569 547
569 548
569 549
569 550
569 551
569 552
569 553
569 554
569 555
569 556
569 557
569 558
569 559
569 560
569 561
569 562
569 563
569 564
569 565
569 566
569 567
569 568
569 570
569 571
570 501
570 502
570 503
570 504
570 505
570 506
570 507
570 508
570 509
570 510
570 511
570 512
570 513
570 514
570 515
570 516
570 517
570 518
570 519
570 520
570 521
570 522
570 523
570 524
570 525
570 526
570 527
570 528
570 529
570 530
570 531
570 532
570 533
570 534
570 535
570 536
570 537
570 538
570 539
570 540
570 541
570 542
570 543
570 544
570 545
570 546
570 547
570 548
570 549
570 550
570 551
570 552
570 553
570 554
570 555
570 556
570 557
570 558
570 559
570 560
570 561
570 562
570 563
570 564
570 565
570 566
570 567
570 568
570 569
570 571
571 501
571 502
571 503
571 504
571 505
571 506
571 507
571 508
571 509
571 510
571 511
571 512
571 513
571 514
571 515
571 516
571 517
571 518
571 519
571 520
571 521
571 522
571 523
571 524
571 525
571 526
571 527
571 528
571 529
571 530
571 531
571 532
571 533
571 534
571 535
571 536
571 537
571 538
571 539
571 540
571 541
571 542
571 543
571 544
571 545
571 546
571 547
571 548
571 549
571 550
571 551
571 552
571 553
571 554
571 555
571 556
571 557
571 558
571 559
571 560
571 561
571 562
571 563
571 564
571 565
571 566
571 567
571 568
571 569
571 570
